Instance;Seed;Cost;Fractionality;Rounds;LPtime(ms);ZItime(ms);SumLPZI(ms)
10teams;37029;917.000000;36.681642;1;33;0;33
22433;37029;21552.708079;24.962328;5;6;0;6
23588;37029;8342.863244;17.617619;4;3;0;3
2club200v15p5scn;37029;-96.055556;38.611111;7;116;3;119
30n20b8;37029;5530.000000;15.589981;2;104;0;104
30_70_45_05_100;37029;112.000000;-0.000000;6;797;4;801
30_70_45_095_100;37029;59.000000;-0.000000;6;892;2;894
30_70_45_095_98;37029;438.000000;-0.000000;7;892;3;895
50v-10;37029;1493601.476062;-0.000000;2;4;0;4
a1c1s1;37029;20912.873333;0.041667;2;35;0;35
a2c1s1;37029;20866.082500;0.000000;2;36;0;36
ab51-40-100;37029;-6525415131.000002;-0.000000;3;896;1;897
ab67-40-100;37029;-7141459513.999996;-0.000000;3;2458;1;2459
ab69-40-100;37029;-7136789852.999994;-0.000000;3;2112;1;2113
ab71-20-100;37029;-6524437227.000000;-0.000000;3;234;0;234
ab72-40-100;37029;-7018756084.000008;-0.000000;3;797;1;798
academictimetablebig;37029;57.000000;2027.119953;2;3238;7;3245
academictimetablesmall;37029;0.000000;327.222248;2;238;1;239
acc-tight2;37029;0.000000;129.034401;1;39;0;39
acc-tight4;37029;0.000000;133.878393;1;61;0;61
acc-tight5;37029;0.000000;121.269585;1;257;0;257
acc-tight6;37029;0.000000;120.058761;1;241;0;241
adult-max5features;37029;0.081316;0.266955;1;921;2;923
adult-regularized;37029;0.077684;0.234052;1;2057;1;2058
aflow30a;37029;983.167425;6.510845;1;5;0;5
aflow40b;37029;1005.664817;8.247724;1;21;0;21
air03;37029;338864.250000;11.875000;1;59;0;59
air04;37029;55535.436388;52.288553;1;222;0;222
air05;37029;25877.609268;46.215654;1;146;0;146
aligninq;37029;2755.000000;40.921868;7;14;0;14
allcolor10;37029;6.000000;755.781169;2;146;1;147
allcolor58;37029;42.000000;3660.566767;1;1236;3;1239
amaze22012-03-15i;37029;0.000000;0.000000;1;47;1;48
amaze22012-06-28i;37029;0.000000;0.000000;1;23;0;23
amaze22012-07-04i;37029;0.000000;0.000000;1;25;0;25
app1-1;37029;-2.000000;0.179678;3;60;0;60
app1-2;37029;-23.000000;0.000001;2;4237;0;4237
app2-1;37029;19298.500000;0.000000;2;33;0;33
app2-2;37029;219402.500000;0.000000;3;1;0;1
app3;37029;5627412.287938;3.142492;1;43;0;43
arki001;37029;7579599.807787;17.164714;1;32;0;32
assign1-10-4;37029;353.992926;52.000000;1;36;0;36
assign1-5-8;37029;183.362555;24.000000;1;3;0;3
atlanta-ip;37029;81.243206;325.689509;3;4370;3;4373
atm20-100;37029;2141734.684878;124.301066;2;86;0;86
australia-abs-cta;37029;0.000000;38.750723;1;95;0;95
b-ball;37029;-1.818182;4.818182;1;0;0;0
b1c1s1;37029;69966.450000;0.000000;2;32;0;32
b2c1s1;37029;70651.010000;0.000000;2;33;0;33
bab1;37029;-286923.824223;50.520000;1;261;1;262
bab2;37029;-353606.266494;534.575488;2;8534;5;8539
bab3;37029;-557391.946196;518.635380;2;30685;12;30697
bab5;37029;-111176.514726;175.635250;2;529;0;529
bab6;37029;-224575.783183;661.616846;2;5905;3;5908
bc;37029;13.063318;0.063318;2;110;0;110
bc1;37029;6.455580;0.016336;2;97;0;97
beasleyC1;37029;102.000000;0.000000;2;2;0;2
beasleyC2;37029;232.000000;0.000000;2;2;0;2
beasleyC3;37029;958.000000;-0.000000;2;3;0;3
beavma;37029;407840.400000;0.000000;3;1;0;1
berlin;37029;1741.000000;0.000000;2;25;0;25
berlin_5_8_0;37029;52.000000;64.959947;3;5;0;5
bg512142;37029;323992.007013;52.989642;3;30;0;30
biella1;37029;3060037.430763;98.771008;1;250;0;250
bienst1;37029;11.724138;4.390524;1;2;0;2
bienst2;37029;11.724138;5.390524;1;2;0;2
binkar10_1;37029;6637.188027;9.084811;1;7;0;7
blend2;37029;7.489992;0.492283;2;1;0;1
bley_xl1;37029;265.571332;336.926676;6;21568;4;21572
bley_xs1;37029;213538830.272187;107.270480;3;143;0;143
bley_xs1noM;37029;260783449.512445;78.388210;8;118;0;118
bley_xs2;37029;48593009.277766;66.021410;2;21;0;21
blp-ar98;37029;14303.194003;9.189386;9;98;1;99
blp-ic97;37029;6123.238237;3.473359;16;79;1;80
blp-ic98;37029;14141.050706;0.100000;4;147;0;147
blp-ir98;37029;5639.818879;2.497817;2;41;0;41
bmocbd;37029;-32041010095048.539062;0.000000;1;806;6;812
bmocbd2;37029;-31953009810558.203125;0.000000;1;703;6;709
bmocbd3;37029;45423160355.815491;0.000000;3;16515;15;16530
bmoipr2;37029;-46628940.711141;0.160693;3;85;0;85
bnatt350;37029;0.000000;91.914943;4;81;0;81
bnatt400;37029;0.000000;98.918149;7;69;0;69
bppc4-08;37029;51.590000;8.850948;1;20;0;20
bppc6-02;37029;108.340000;11.886994;1;143;0;143
bppc6-06;37029;200.633333;14.947367;1;140;0;140
bppc8-02;37029;486.500000;3.204377;1;3;0;3
bppc8-09;37029;444.436047;5.981230;1;6;0;6
brasil;37029;31819.000000;0.000000;2;27;0;27
brazil3;37029;2.000000;656.675844;1;1020;0;1020
breastcancer-regularized;37029;0.000460;0.002809;1;8;0;8
bts4-cta;37029;33524.637606;1130.000000;1;594;0;594
buildingenergy;37029;33246.215059;1468.850000;2;16196;2;16198
cap6000;37029;-2444651.000000;0.000000;3;41;0;41
cbs-cta;37029;0.000000;28.754656;1;117;0;117
cdc7-4-3-2;37029;-232.000000;-0.000000;3;36759;4;36763
chromaticindex1024-7;37029;4.000000;16002.682953;2;2499;9;2508
chromaticindex128-5;37029;4.000000;2021.163699;2;139;1;140
chromaticindex256-8;37029;4.000000;4069.477083;2;393;2;395
chromaticindex32-8;37029;4.000000;504.887500;2;19;0;19
chromaticindex512-7;37029;4.000000;8183.527137;2;1205;4;1209
ci-s4;37029;4.963809;19.526141;2;72;0;72
circ10-3;37029;140.000000;154.207692;1;185;0;185
cmflsp40-24-10-7;37029;52605868.952858;70.700930;3;381;0;381
cmflsp40-36-2-10;37029;72898024.959478;295.649246;3;897;0;897
cmflsp50-24-10-4;37029;64492612.641644;81.236085;3;423;0;423
cmflsp50-24-8-8;37029;59814378.749021;131.869460;3;411;0;411
cmflsp60-36-2-6;37029;97887903.946142;370.689759;3;1861;0;1861
CMS750_4;37029;250.000000;258.046726;3;125;0;125
co-100;37029;1250429.774879;9.799423;2;290;1;291
cod105;37029;-8.000000;0.000000;3;483;1;484
comp07-2idx;37029;0.000000;139.650000;2;1543;0;1543
comp08-2idx;37029;0.000000;183.178592;3;269;0;269
comp12-2idx;37029;16.000000;249.122949;3;1488;1;1489
comp16-3idx;37029;4.000000;722.299516;1;8652;1;8653
comp21-2idx;37029;0.000000;197.950000;2;925;0;925
control30-3-2-3;37029;-20763026.787568;27.970540;1;5;0;5
core2536-691;37029;788.000000;0.000000;3;1370;2;1372
core2586-950;37029;1150.000000;0.000000;3;843;2;845
core4284-1064;37029;1320.000000;0.000000;3;5009;4;5013
core4872-1529;37029;1863.000000;-0.000000;3;2836;5;2841
cost266-UUE;37029;42001606.280000;-0.000000;2;80;0;80
cov1075;37029;56.000000;0.000000;3;5;0;5
cryptanalysiskb128n5obj16;37029;0.000000;7174.215397;2;917;5;922
csched007;37029;269.251587;22.185714;1;38;0;38
csched008;37029;171.000000;19.809478;1;11;0;11
csched010;37029;332.422727;20.035354;1;34;0;34
cvrpa-n64k9vrpi;37029;0.000000;211.276596;1;341;1;342
cvrpb-n45k5vrpi;37029;0.000000;153.312977;1;574;0;574
cvrpp-n16k8vrpi;37029;0.000000;50.625000;1;33;0;33
cvrpsimple2i;37029;0.000000;25.800000;1;2;0;2
cvs08r139-94;37029;-24.000000;-0.000000;3;14;0;14
cvs16r106-72;37029;-10.000000;-0.000000;3;31;0;31
cvs16r128-89;37029;-11.000000;0.000000;3;35;0;35
cvs16r70-62;37029;-5.000000;-0.000000;3;28;0;28
cvs16r89-60;37029;-7.000000;0.000000;3;29;0;29
d10200;37029;12425.583005;34.236879;1;57;0;57
d20200;37029;12229.625788;62.339279;1;337;0;337
dale-cta;37029;0.000000;0.004730;1;269;0;269
dano3mip;37029;576.231620;15.294513;1;1690;0;1690
dano3_3;37029;576.231620;1.932181;1;1805;0;1805
dano3_5;37029;576.231620;2.871834;1;1684;0;1684
danoint;37029;62.637280;5.819184;1;17;0;17
dc1c;37029;1754946.863638;139.779852;1;296;0;296
dc1l;37029;522111667.267955;-0.000000;3;1215;11;1226
dcmulti;37029;184858.396836;12.823814;3;3;0;3
decomp1;37029;-120.000000;98.888889;1;47;0;47
decomp2;37029;-160.000000;93.138889;1;54;0;54
dfn-bwin-DBE;37029;797567.400000;-0.000000;2;35;0;35
dfn-gwin-UUM;37029;27467.257235;5.653537;1;1;0;1
dg012142;37029;5895516.340434;39.442147;5;184;0;184
diameterc-mstc-v20a190d5i;37029;291.000000;62.000000;1;31;0;31
diameterc-msts-v40a100d5i;37029;324.000000;100.621212;1;30;0;30
disctom;37029;-5000.000000;51.166667;1;204;0;204
disktom;37029;-5000.000000;51.166667;1;192;0;192
dolom1;37029;6556066.068315;110.720910;1;512;0;512
drayage-100-12;37029;21458.311901;43.599962;1;58;0;58
drayage-100-23;37029;11714.141979;43.327810;1;129;0;129
drayage-25-23;37029;11714.141979;42.142735;1;144;0;144
drayage-25-27;37029;26785.797043;43.712602;1;56;0;56
drayage-25-32;37029;32519.997253;43.268141;1;56;0;56
ds-big;37029;86.820068;30.669231;1;8161;3;8164
ds;37029;57.234565;33.463549;1;1049;1;1050
dws008-01;37029;708.876687;16.484655;2;56;0;56
dws008-03;37029;716.047081;7.806469;2;123;0;123
dws012-01;37029;3473.575073;26.230322;2;118;0;118
dws012-02;37029;2128.039491;19.344808;2;243;1;244
dws012-03;37029;2125.884828;18.678617;2;347;1;348
eil33-2;37029;811.278996;3.615630;1;36;0;36
eilA101-2;37029;803.373888;7.408683;1;884;1;885
eilB101;37029;1075.247691;12.807028;1;21;0;21
eilC76-2;37029;725.754458;7.780208;1;294;0;294
ej;37029;1.000000;0.243844;1;0;0;0
elitserienhandball11i;37029;0.000000;1421.352265;1;256;0;256
elitserienhandball13i;37029;0.000000;1357.692232;1;267;0;267
elitserienhandball14i;37029;0.000000;1543.757700;1;261;0;261
elitserienhandball3i;37029;0.000000;1525.315516;1;270;0;270
enlight13;37029;0.000000;0.500000;1;0;0;0
enlight15;37029;0.000000;0.500000;1;0;0;0
enlight8;37029;0.000000;0.500000;1;0;0;0
enlight_hard;37029;0.000000;14.500000;1;0;0;0
eva1aprime5x5opt;37029;-497.247729;0.844656;1;386;0;386
eva1aprime6x6opt;37029;-495.492430;7.714269;1;1936;0;1936
ex10;37029;100.000000;100.000000;1;16839;1;16840
ex1010-pi;37029;304.000000;-0.000000;3;767;4;771
ex9;37029;81.000000;81.000000;1;1820;1;1821
exp-1-500-5-5;37029;97666.305541;4.045842;2;2;0;2
f2000;37029;1383.000000;1280.000000;2;3535;0;3535
f2gap201600;37029;76429.862296;1.402159;1;3;0;3
f2gap401600;37029;82274.237434;1.190020;1;4;0;4
f2gap40400;37029;20650.898154;3.253580;1;1;0;1
f2gap801600;37029;86570.120867;5.266841;1;5;0;5
fast0507;37029;214.000000;-0.000000;3;572;10;582
fastxgemm-n2r6s0t2;37029;27.000000;9.000000;1;33;0;33
fastxgemm-n2r7s4t1;37029;27.000000;9.000000;1;38;0;38
fastxgemm-n3r21s3t6;37029;84.000000;27.000000;1;2429;0;2429
fastxgemm-n3r22s4t6;37029;84.000000;27.000000;1;2718;0;2718
fastxgemm-n3r23s5t6;37029;84.000000;27.000000;1;2698;0;2698
fhnw-binpack4-48;37029;0.000000;333.285714;2;136;0;136
fhnw-binpack4-58;37029;0.000000;467.321429;2;158;1;159
fhnw-binpack4-77;37029;0.000000;207.310714;2;123;0;123
fhnw-binschedule0;37029;12632.888779;685.581929;3;11916;15;11931
fhnw-binschedule2;37029;1706.886254;185.026392;3;189;1;190
fhnw-schedule-paira100;37029;-36.643681;5.147307;2;129;0;129
fhnw-schedule-paira200;37029;-73.826479;8.938667;2;265;2;267
fhnw-schedule-paira400;37029;-146.941079;19.264310;2;1373;12;1385
fhnw-schedule-pairb200;37029;-73.826479;516.184695;2;1131;3;1134
fhnw-schedule-pairb400;37029;-146.941079;2338.646383;2;7204;12;7216
fhnw-sq2;37029;0.000000;14.298419;1;4;0;4
fiball;37029;137.069168;82.028566;1;116;0;116
fiber;37029;1023943.760000;9.839127;2;3;0;3
fillomino7x7-0i;37029;0.000000;0.000000;1;29;0;29
fixnet6;37029;12170.000000;-0.000000;2;1;0;1
fjspeasy01i;37029;216.000000;0.000000;1;54;0;54
flugpl;37029;1167185.725592;3.538918;1;0;0;0
g200x740;37029;45614.000000;-0.000000;2;2;0;2
g200x740i;37029;44069.000000;-0.000000;2;2;0;2
gasprod1-1;37029;4861.104633;51.656628;7885;902;2759;3661
gasprod1-2;37029;1691.141291;51.497411;6853;541;866;1407
gasprod1-3;37029;3682.336923;49.221179;8368;558;1080;1638
gasprod2-1;37029;1306101.609201;404.201103;19;1747;7;1754
gasprod2-2;37029;1330631.091637;502.800224;36;1778;16;1794
gen-ip002;37029;-511.036897;0.000000;3;0;0;0
gen-ip016;37029;-9505.628173;1.906914;1;0;0;0
gen-ip021;37029;6642.052620;2.217259;4;0;0;0
gen-ip036;37029;-2162.833562;0.000000;3;0;0;0
gen-ip054;37029;8365.610388;1.135203;5;0;0;0
gen;37029;112130.040664;7.929263;1;3;0;3
genus-g31-8;37029;-27.000000;83.000000;1;1044;0;1044
genus-g61-25;37029;-58.000000;249.312678;1;696;0;696
genus-sym-g31-8;37029;-27.000000;154.805251;2;3817;1;3818
genus-sym-g62-2;37029;-54.000000;251.108763;2;23216;2;23218
genus-sym-grafo5708-48;37029;-27.000000;115.061005;1;1423;0;1423
ger50-17-ptp-pop-3t;37029;3466.324873;45.213645;1;101;0;101
ger50-17-ptp-pop-6t;37029;6804.447088;50.477969;1;93;0;93
ger50-17-trans-dfn-3t;37029;3453.475245;37.741927;1;164;0;164
ger50-17-trans-pop-3t;37029;3456.252922;49.487013;1;174;0;174
ger50_17_trans;37029;6850.628623;48.226110;1;143;0;143
germanrr;37029;46445702.956442;53.468182;2;748;0;748
germany50-DBM;37029;438028.000000;23.400000;1;139;0;139
germany50-UUM;37029;597932.500000;24.400000;1;32;0;32
gesa2-o;37029;25748173.191117;13.380406;2;5;0;5
gesa2;37029;25477017.874283;13.267370;2;6;0;6
gfd-schedulen180f7d50m30k18-16i;37029;18.000000;108.864749;1;5860;45;5905
gfd-schedulen180f7d50m30k18;37029;1.000000;4971.136881;2;3583;15;3598
gfd-schedulen25f5d20m10k3i;37029;3.000000;13.619895;1;70;0;70
gfd-schedulen55f2d50m30k3i;37029;3.000000;27.695911;1;156;1;157
ghoulomb4-9-10i;37029;9.000000;0.000000;1;61;2;63
glass-sc;37029;29.000000;0.000000;3;120;1;121
glass4;37029;800002400.000000;2.059524;1;1;0;1
gmu-35-40;37029;-2400283.756506;1.911023;2;9;0;9
gmu-35-50;37029;-2606307.146543;3.420099;2;20;0;20
gmut-75-50;37029;-14182312.661731;4.988967;1;585;1;586
gmut-76-40;37029;-14171086.316075;9.054451;1;234;0;234
gmut-76-50;37029;-14173884.188063;4.201959;1;465;1;466
gmut-77-40;37029;-14173396.636852;2.973250;1;243;0;243
go19;37029;95.000000;-0.000000;3;5;0;5
gr4x6;37029;229.050000;-0.000000;2;0;0;0
graph20-20-1rand;37029;-37.000000;48.500000;1;55;0;55
graph20-80-1rand;37029;-117.000000;142.000000;1;1655;1;1656
graph40-20-1rand;37029;-157.000000;183.500000;1;3986;2;3988
graph40-40-1rand;37029;-300.000000;327.000000;1;91793;9;91802
graphdraw-domain;37029;12672.000000;18.037296;1;3;0;3
graphdraw-gemcutter;37029;4310.000000;10.690226;1;1;0;1
graphdraw-grafo2;37029;35762.000000;325.965485;1;758;2;760
graphdraw-mainerd;37029;30496.000000;102.656285;1;83;0;83
graphdraw-opmanager;37029;54717.000000;178.181738;1;435;0;435
gsvm2rl11;37029;35640.343493;0.000000;3;380;0;380
gsvm2rl12;37029;50.000000;-0.000000;3;575;0;575
gsvm2rl3;37029;0.600000;-0.000000;3;4;0;4
gsvm2rl5;37029;10.000000;-0.000000;3;8;0;8
gsvm2rl9;37029;16356.825869;0.000000;3;59;0;59
gt2;37029;13460.233074;0.728107;1;0;0;0
h50x2450;37029;11147.731511;3.696751;1;26;0;26
h80x6320;37029;3700.000000;0.000000;1;23;0;23
h80x6320d;37029;5325.160104;2.515625;1;38;0;38
hanoi5;37029;1931.000000;324.000000;4;149;0;149
haprp;37029;3665963.213506;96.940858;1;5;0;5
harp2;37029;-74353341.502300;5.485338;1;6;0;6
hgms-det;37029;-53824.391476;32.676364;1;213;0;213
hgms30;37029;-53349.215497;60.694272;1;9341;0;9341
hgms62;37029;-53416.649907;61.317531;1;27431;0;27431
hypothyroid-k1;37029;-2902.852586;39.591978;1;8163;2;8165
ic97_potential;37029;4060.000000;54.466667;2;4;0;4
ic97_tension;37029;3911.000000;15.366667;2;2;0;2
icir97_potential;37029;6620.000000;169.333333;2;44;0;44
icir97_tension;37029;6302.000000;97.366667;2;4;0;4
iis-100-0-cov;37029;35.000000;0.000000;3;107;0;107
iis-bupa-cov;37029;46.000000;-0.000000;3;158;1;159
iis-glass-cov;37029;26.000000;0.000000;3;128;1;129
iis-hc-cov;37029;22.000000;0.000000;3;176;3;179
iis-pima-cov;37029;39.000000;-0.000000;3;221;1;222
irp;37029;12123.530222;6.000000;1;70;0;70
istanbul-no-cutoff;37029;51.110000;3.607411;1;424;0;424
ivu06-big;37029;135.427718;95.799872;1;55265;44;55309
ivu06;37029;135.901353;97.120377;1;15631;22;15653
ivu52;37029;480.250439;83.130280;1;7106;3;7109
ivu59;37029;884.456993;122.834601;1;108459;52;108511
janos-us-DDM;37029;1488134.750000;22.375000;1;5;0;5
k16x240;37029;11359.000000;0.000000;2;0;0;0
k16x240b;37029;12874.000000;0.000000;2;0;0;0
k1mushroom;37029;-4165.061224;43.877551;1;16866;7;16873
k1mushroomi;37029;-4208.000000;0.000000;1;194;7;201
khb05250;37029;126785464.000000;0.000000;2;1;0;1
l2p12;37029;2.000000;1084.341227;1;338;0;338
l2p1i;37029;1.000000;186.848182;1;799;6;805
l2p2i;37029;1.000000;9.888081;1;65;0;65
lectsched-1-obj;37029;0.000000;5.975758;2;228;2;230
lectsched-1;37029;0.000000;3.151515;2;186;2;188
lectsched-2;37029;0.000000;17.328030;5;116;2;118
lectsched-3;37029;0.000000;25.257576;6;211;5;216
lectsched-4-obj;37029;0.000000;12.074242;4;75;2;77
lectsched-5-obj;37029;0.000000;4.117424;2;208;2;210
leo1;37029;1181219706.240000;-0.000000;3;72;1;73
leo2;37029;1344214233.440000;0.000000;3;186;2;188
liu;37029;346.000000;10.938399;2;5;0;5
loopha13;37029;6.279000;1.102160;2;183;0;183
lotsize;37029;1335747.052789;7.405615;2;5;0;5
lr1dr02vc05v8a-t360;37029;120706.326475;174.298112;1;999;0;999
lr1dr04vc05v17a-t360;37029;247111.692480;335.090553;1;1806;1;1807
lr1dr12vc10v70b-t360;37029;983950.247945;1069.593454;1;43789;4;43793
lr2-22dr3-333vc4v17a-t60;37029;-72838.215835;239.748662;2;37378;3;37381
lrn;37029;42701141.648089;65.099086;2;580;0;580
m100n500k4r1;37029;-18.000000;-0.000000;3;7;0;7
macrophage;37029;0.000000;339.000000;1;35;0;35
mad;37029;0.000000;3.084841;1;1;0;1
manna81;37029;-10107.000000;0.000000;3;43;0;43
map06;37029;-406.181173;7.868443;1;2490;1;2491
map10;37029;-602.176181;11.248146;1;2513;0;2513
map14;37029;-778.549324;11.962355;1;2239;0;2239
map14860-20;37029;-998.836419;10.400693;1;2598;0;2598
map16715-04;37029;-296.267898;4.997036;1;2356;1;2357
map18;37029;-932.782685;11.173489;1;4098;0;4098
map20;37029;-998.836419;10.400693;1;2608;0;2608
mappingmesh3x3mpeg2i;37029;87.555556;87.202393;1;33;0;33
mario-t-hard5i;37029;-4482.000000;10.942559;1;1354;1;1355
markshare1;37029;230.000000;0.000000;2;0;0;0
markshare2;37029;454.000000;-0.000000;2;0;0;0
markshare_4_0;37029;226.000000;0.000000;2;0;0;0
markshare_5_0;37029;337.000000;0.000000;2;0;0;0
mas74;37029;10482.795280;3.103514;1;1;0;1
mas76;37029;38893.903641;2.555097;1;1;0;1
maxgasflow;37029;-70929535.900000;647.128713;2;54;0;54
mc11;37029;13509.000000;-0.000000;2;28;0;28
mc7;37029;5796.000000;-0.000000;2;29;0;29
mc8;37029;1929.000000;-0.000000;2;29;0;29
mcsched;37029;193774.753707;340.221655;1;125;0;125
methanosarcina;37029;0.000000;313.000000;1;100;0;100
mik-250-1-100-1;37029;-0.000000;0.000000;2;2;0;2
mik-250-20-75-1;37029;-0.000000;0.000000;2;3;0;3
mik-250-20-75-2;37029;-0.000000;-0.000000;2;3;0;3
mik-250-20-75-3;37029;-0.000000;-0.000000;2;3;0;3
mik-250-20-75-4;37029;-0.000000;-0.000000;2;3;0;3
mik-250-20-75-5;37029;0.000000;-0.000000;2;3;0;3
milo-v12-6-r1-58-1;37029;410986.648167;146.256423;1;144;0;144
milo-v12-6-r1-75-1;37029;669700.757896;230.843427;1;186;0;186
milo-v12-6-r2-40-1;37029;205532.322265;97.799498;1;60;0;60
milo-v13-4-3d-3-0;37029;23359.288017;1.476277;1;13;0;13
milo-v13-4-3d-4-0;37029;34031.171805;2.550972;1;21;0;21
mine-166-5;37029;-821763677.673139;187.331384;1;193;0;193
mine-90-10;37029;-887165318.510226;202.375368;1;160;0;160
mining;37029;-880002941.351456;8441.692935;19530;106446;238309;344755
minutedispatchstrategy;37029;1898.391429;412.137934;2;1368;1;1369
misc07;37029;1415.000000;8.000000;1;2;0;2
mitre;37029;114740.518481;224.156743;1;112;0;112
mkc;37029;-581.850000;16.208843;3;30;0;30
mkc1;37029;-611.850000;3.942199;3;32;0;32
mod010;37029;6532.083333;14.166667;1;14;0;14
modglob;37029;20786787.016883;-0.000000;2;2;0;2
moj-mining;37029;-1520532907.350177;566.626558;2;43771;0;43771
momentum1;37029;134660.011921;48.045264;2;969;0;969
momentum2;37029;61266.821316;84.616225;3;715;0;715
momentum3;37029;107721.824270;144.721031;3;8303;0;8303
mrcpspj30-15-5i;37029;23.000000;136.179484;1;42;0;42
mrcpspj30-17-10i;37029;25.000000;28.677778;1;38;0;38
mrcpspj30-53-3i;37029;30.000000;39.081217;1;39;0;39
msc98-ip;37029;19520966.151663;338.886443;2;4193;0;4193
mspp16;37029;341.000000;1.241379;1;27676;0;27676
mspsphard01i;37029;16.000000;0.000000;1;45;0;45
mspsphard03i;37029;20.000000;0.000000;1;87;1;88
mtest4ma;37029;60342.000000;0.000000;2;2;0;2
mushroom-best;37029;0.000013;0.019200;1;309;0;309
mzzv11;37029;-22556.460829;174.328454;2;408;0;408
mzzv42z;37029;-18842.814586;198.473995;2;303;0;303
n13-3;37029;14401970.000000;-0.000000;2;23;0;23
n15-3;37029;71710891.000000;0.000000;2;3353;0;3353
n2seq36f;37029;70600.000000;-0.000000;3;33;1;34
n2seq36q;37029;103637.600000;28.840000;2;156;0;156
n3-3;37029;24003430.000000;0.000000;2;148;0;148
n3700;37029;1342560.000000;0.000000;2;25;0;25
n3705;37029;1342540.000000;0.000000;2;29;0;29
n3707;37029;1301218.000000;0.000000;2;32;0;32
n3709;37029;1324904.000000;-0.000000;2;31;0;31
n370a;37029;1353042.000000;-0.000000;2;27;0;27
n370b;37029;1373791.000000;-0.000000;2;27;0;27
n3div36;37029;201600.000000;-0.000000;3;145;4;149
n3seq24;37029;224833.068485;51.670786;3;2946;4;2950
n4-3;37029;13501875.000000;-0.000000;2;52;0;52
n5-3;37029;12301325.000000;-0.000000;2;17;0;17
n6-3;37029;16502900.000000;-0.000000;2;59;0;59
n7-3;37029;14704310.000000;-0.000000;2;44;0;44
n9-3;37029;21603625.000000;-0.000000;2;144;0;144
nag;37029;465.000000;14.734996;3;51;0;51
neos-1061020;37029;-145860.370608;501.179054;1;902;0;902
neos-1067731;37029;669053.000000;81.272727;1;504;0;504
neos-1109824;37029;278.000000;22.000000;1;64;0;64
neos-1112782;37029;22000000110147.347656;0.000000;2;23;0;23
neos-1112787;37029;19500000125389.667969;0.000000;2;21;0;21
neos-1122047;37029;162.181757;1.265657;2;504;0;504
neos-1171448;37029;-309.000000;0.936995;2;76;0;76
neos-1171692;37029;-273.000000;3.730892;2;41;0;41
neos-1171737;37029;-195.000000;8.004699;2;42;0;42
neos-1225589;37029;5000000000.000000;-0.000000;2;1;0;1
neos-1311124;37029;-182.000000;5.000000;2;3;0;3
neos-1324574;37029;4.500000;144.000000;1;35;0;35
neos-1330346;37029;4.500000;76.500000;1;116;0;116
neos-1337307;37029;-201272.000000;272.493985;2;52;0;52
neos-1354092;37029;46.000000;238.398385;2;1065;0;1065
neos-1367061;37029;31320456.264497;4.625000;2;2023;0;2023
neos-1396125;37029;3000.053717;12.531496;2;8;0;8
neos-1420546;37029;22124.400000;103.140678;1;372;0;372
neos-1420790;37029;2942.750002;75.132359;1;46;0;46
neos-1423785;37029;-1816.666667;311.971400;1;242;0;242
neos-1425699;37029;3175204364.635297;5.264952;1;0;0;0
neos-1426635;37029;-178.000000;6.429182;2;2;0;2
neos-1426662;37029;-52.000000;10.501303;2;4;0;4
neos-1429212;37029;30.000000;702.979352;1;5593;2;5595
neos-1430701;37029;-78.000000;6.669599;2;2;0;2
neos-1436709;37029;-129.000000;3.502607;2;3;0;3
neos-1440225;37029;36.000000;32.952030;1;124;0;124
neos-1440460;37029;-180.000000;4.859750;2;2;0;2
neos-1442119;37029;-182.000000;2.580471;2;3;0;3
neos-1442657;37029;-156.000000;4.002933;2;3;0;3
neos-1445532;37029;-22860.000000;8.217460;2;92;0;92
neos-1445738;37029;-24232.548846;16.549339;1;145;0;145
neos-1445743;37029;-24579.832968;16.952539;1;144;0;144
neos-1445765;37029;-24699.197660;17.463301;1;162;0;162
neos-1456979;37029;154.000000;8.434222;1;52;0;52
neos-1516309;37029;34769.833333;9.166667;2;33;0;33
neos-1582420;37029;88.469527;56.693409;5;85;0;85
neos-1593097;37029;4424.000000;55.795872;1;115;0;115
neos-1599274;37029;32194.742857;6.464286;3;36;0;36
neos-1601936;37029;1.000000;160.240666;1;746;0;746
neos-1603965;37029;619244367.662955;0.000913;1;625;0;625
neos-1605061;37029;6.150735;155.194245;1;2175;0;2175
neos-1605075;37029;3.214461;172.430143;1;2105;0;2105
neos-1616732;37029;173.000000;0.000000;3;5;0;5
neos-1620770;37029;22.000000;35.000000;2;42;0;42
neos-2294525-abba;37029;156.177251;16.374339;1;84;0;84
neos-2328163-agri;37029;26069.000000;48.333333;1;60;0;60
neos-2624317-amur;37029;0.000000;24.102739;1;2;0;2
neos-2629914-sudost;37029;39622.000000;6.805742;1;202;0;202
neos-2652786-brda;37029;0.000000;23.382167;2;2;0;2
neos-2657525-crna;37029;0.000000;28.348834;2;1;0;1
neos-2669500-cust;37029;2221.900000;230.198620;2;936;4;940
neos-2746589-doon;37029;1985.750000;129.965898;2;336;2;338
neos-2974461-ibar;37029;473452396.770997;3364.000000;2;222934;19;222953
neos-2978193-inde;37029;-2.418518;7.400000;1;64;0;64
neos-2978205-isar;37029;-12.415307;28.800000;1;197;0;197
neos-2987202-jeir;37029;-1847551552.236608;1035.632796;2;68145;1;68146
neos-2987310-joes;37029;-610797465.676974;19.875000;2;1156;0;1156
neos-2991472-kalu;37029;441.200405;3.938339;5;4522;2;4524
neos-3004026-krka;37029;0.000000;832.000000;1;54;0;54
neos-3009394-lami;37029;0.642857;216.285714;1;4;0;4
neos-3024952-loue;37029;22882.000000;103.300000;1;251;0;251
neos-3025225-shelon;37029;0.052574;323.690533;1;100865;11;100876
neos-3046601-motu;37029;185.000000;0.449200;1;1;0;1
neos-3046615-murg;37029;192.000000;0.345800;1;1;0;1
neos-3048764-nadi;37029;-3883988306.366695;0.000000;2;44;1;45
neos-3065804-namu;37029;0.000000;0.000000;1;207;0;207
neos-3068746-nene;37029;77427529.530929;55.412658;2;133;0;133
neos-3072252-nete;37029;10593526.000000;1.938794;2;1;0;1
neos-3075395-nile;37029;54.924463;0.000480;1;152;0;152
neos-3083784-nive;37029;0.000000;12.000000;1;26;0;26
neos-3083819-nubu;37029;6290575.552807;13.541087;1;45;0;45
neos-3116779-oban;37029;0.000000;0.000000;1;22;0;22
neos-3118745-obra;37029;357.000000;-0.000000;2;3;0;3
neos-3148108-pahi;37029;0.000000;0.000000;1;279;1;280
neos-3209462-rhin;37029;0.000000;49.451220;2;4358;1;4359
neos-3209519-ruhr;37029;332.850000;25.900482;1;57;0;57
neos-3214367-sovi;37029;87802.732596;100.084430;1;2091;0;2091
neos-3216931-puriri;37029;58817.353066;51.400190;1;1229;0;1229
neos-3226448-wkra;37029;0.000000;512.043709;1;799;0;799
neos-3237086-abava;37029;0.000000;96.000000;1;268;0;268
neos-3322547-alsek;37029;616.000000;115.178534;2;10721;28;10749
neos-3352863-ancoa;37029;495300.000000;-0.000000;2;820;6;826
neos-3354841-apure;37029;48447.926267;4.407066;1;2646;3;2649
neos-3355120-tarago;37029;-20453473.616781;80.899969;1;643;0;643
neos-3355323-arnon;37029;0.000000;33.818182;4;84;2;86
neos-3372571-onahau;37029;0.576990;8.695953;2;1519;0;1519
neos-3373491-avoca;37029;21687686014.015358;26.555947;1;7;0;7
neos-3381206-awhea;37029;432.000000;61.334767;2;5;0;5
neos-3402294-bobin;37029;0.000000;39.298587;1;1040;2;1042
neos-3426085-ticino;37029;235.000000;41.787470;3;29;0;29
neos-3426132-dieze;37029;427.000000;103.670666;2;56;0;56
neos-3437289-erdre;37029;0.000000;0.000000;1;80;1;81
neos-3530903-gauja;37029;170.000000;33.253136;3;5;0;5
neos-3530905-gaula;37029;153.000000;29.042208;2;4;0;4
neos-3555904-turama;37029;-41.450000;29.000000;1;893;0;893
neos-3572885-glina;37029;0.000000;0.000000;1;394;2;396
neos-3581454-haast;37029;1640.000000;52.000000;1;104;0;104
neos-3592146-hawea;37029;7237144.855333;13.694653;1;44;0;44
neos-3594536-henty;37029;383205.000000;2498.000000;1;141;1;142
neos-3603137-hoteo;37029;0.000000;38.166667;3;45;0;45
neos-3610040-iskar;37029;46.000000;0.000000;2;3;0;3
neos-3610051-istra;37029;64.000000;0.000000;2;10;0;10
neos-3610173-itata;37029;180.000000;-0.000000;2;7;0;7
neos-3611447-jijia;37029;129.000000;-0.000000;2;3;0;3
neos-3611689-kaihu;37029;151.000000;-0.000000;2;3;0;3
neos-3615091-sutlej;37029;-1506391.117177;170.000000;1;1880;4;1884
neos-3627168-kasai;37029;1020229.400000;0.000000;2;4;0;4
neos-3634244-kauru;37029;0.000000;152.720000;1;4691;8;4699
neos-3636886-kereu;37029;4092.957540;0.000020;2;54;0;54
neos-3656078-kumeu;37029;-18774.700000;92.164195;2;188;0;188
neos-3660371-kurow;37029;286.534383;17.739294;1;46;0;46
neos-3661949-lesse;37029;688975700.000000;0.000260;2;64;0;64
neos-3665875-lesum;37029;248.325000;41.380444;2;74;0;74
neos-3682128-sandon;37029;79915933.274829;141.641588;2;341;0;341
neos-3691541-lonja;37029;-0.079271;1.110009;2;46;0;46
neos-3695882-vesdre;37029;-145935.214286;38.466278;1;542;0;542
neos-3696678-lyvia;37029;5.599133;305.182559;2;53;0;53
neos-3699377-maori;37029;135877.224265;86.475608;2;110;0;110
neos-3703351-marne;37029;317056.210386;71.850613;2;58;0;58
neos-3740487-motru;37029;152.145486;225.379322;2;41014;20;41034
neos-3754480-nidda;37029;-1216923.270104;12.186832;1;3;0;3
neos-3755335-nizao;37029;50.030157;76.942384;2;534;0;534
neos-3759587-noosa;37029;48.334468;2.274444;2;363;0;363
neos-3761878-oglio;37029;422769.022545;74.732087;2;52;0;52
neos-3762025-ognon;37029;603955.746492;53.791954;2;40;0;40
neos-4165869-wannon;37029;282.410166;126.294292;3;439;1;440
neos-4260495-otere;37029;3336.109119;244.496957;2;871;5;876
neos-4264598-oueme;37029;4322420655.771976;2999.342361;241;3939;132;4071
neos-4285819-pedja;37029;9.198008;18.083988;2;130539;54;130593
neos-4290317-perth;37029;6352398.055740;0.000000;2;624;1;625
neos-4292145-piako;37029;203285265.067233;3216.299810;241;3936;126;4062
neos-4295773-pissa;37029;0.000000;3220.505376;1;5936;3;5939
neos-4300652-rahue;37029;0.000000;52.333333;2;753;1;754
neos-4306827-ravan;37029;-35696.901913;771.837676;2;1120;6;1126
neos-4321076-ruwer;37029;1880.558333;39.333333;1;15714;1;15715
neos-4322846-ryton;37029;0.419848;25.388427;1;544;2;546
neos-4332801-seret;37029;222328.384492;5750.571985;4;135392;1344;136736
neos-4332810-sesia;37029;-33455.127882;4060.356957;11;125371;2928;128299
neos-4333464-siret;37029;24.731464;0.125000;2;79;0;79
neos-4333596-skien;37029;-14653956.914930;0.180763;1;23;0;23
neos-4335793-snake;37029;0.000000;300.868689;2;1097;1;1098
neos-4338804-snowy;37029;1447.000000;0.313600;3;6;0;6
neos-4343293-stony;37029;51.627360;0.500000;2;74;0;74
neos-4355351-swalm;37029;33.822611;0.094819;2;191;0;191
neos-4358725-tagus;37029;6199.400001;197.672071;73;683;16;699
neos-4359986-taipa;37029;0.296593;39.671142;1;1607;2;1609
neos-4360552-sangro;37029;-29.500000;572.086779;1;11056;0;11056
neos-4387871-tavua;37029;36.445048;0.200000;2;48;0;48
neos-4391920-timok;37029;0.000009;37.747142;1;7594;2;7596
neos-4393408-tinui;37029;340.267489;0.200000;2;42;0;42
neos-4408804-prosna;37029;914.483516;66.321429;1;3225;1;3226
neos-4409277-trave;37029;0.000000;347.723278;1;2210;1;2211
neos-4413714-turia;37029;43.474651;370.587709;1;2198;6;2204
neos-4532248-waihi;37029;0.000000;26.808725;1;771;2;773
neos-4533806-waima;37029;3063.318841;99.000000;1;1156;2;1158
neos-4545615-waita;37029;3606.594190;108.263827;1;14579;21;14600
neos-4555749-wards;37029;3026.812121;70.000000;1;849;2;851
neos-4562542-watut;37029;3743.304348;85.428571;1;3020;3;3023
neos-4647027-thurso;37029;26911.641616;127.083433;1;2575;0;2575
neos-4647030-tutaki;37029;26911.641616;130.175014;1;2783;0;2783
neos-4647032-veleka;37029;26587.908699;174.815461;1;3884;0;3884
neos-4650160-yukon;37029;-22688.547680;228.864000;1;5;0;5
neos-4722843-widden;37029;1841.255082;1452.768981;2;438;5;443
neos-4724674-aorere;37029;3758.753179;59.078997;3;537;6;543
neos-4736745-arroux;37029;653873224.676537;1.560199;2;42;0;42
neos-4738912-atrato;37029;617323325.173629;52.400465;2;47;0;47
neos-4754521-awarau;37029;0.000000;0.000000;1;1133;7;1140
neos-4760493-puerua;37029;1908.243695;237.071976;1;33764;1;33765
neos-476283;37029;406.244708;4.622056;2;4327;0;4327
neos-4763324-toguru;37029;1120.986062;232.945926;1;31334;1;31335
neos-4797081-pakoka;37029;0.000000;821.218711;1;4994;0;4994
neos-4805882-barwon;37029;1603.902830;209.539059;1;219;0;219
neos-480878;37029;515.138796;1.008444;2;17;0;17
neos-4954274-beardy;37029;18659.208282;301.285291;2;972;0;972
neos-4954672-berkel;37029;3733961.000000;4.007059;2;3;0;3
neos-4966258-blicks;37029;354.545455;449.137117;3;1439;2;1441
neos-4971100-bodrog;37029;0.000000;-0.000000;2;75;0;75
neos-4972437-bojana;37029;355.557128;29.484099;2;9112;1;9113
neos-4972461-bolong;37029;465.045599;63.710690;2;5551;1;5552
neos-4976951-bunnoo;37029;375.694372;27.122883;2;5613;1;5614
neos-4984115-canche;37029;-10414620.716097;6.967648;1;18340;0;18340
neos-498623;37029;16.000000;43.578586;1;145;0;145
neos-5013590-toitoi;37029;1064.447092;169.000000;1;12578;1;12579
neos-5018451-chiese;37029;-149772385.216405;18.530618;1;64414;0;64414
neos-503737;37029;50.000000;47.555718;1;36;0;36
neos-5041822-cockle;37029;5696053.417116;2.418448;3;2754;10;2764
neos-5044663-wairoa;37029;4653100.000000;578.736130;1;23731;1;23732
neos-5045105-creuse;37029;19.066670;19.669391;1;82;0;82
neos-5049753-cuanza;37029;464.000000;69.600000;3;2772;1;2773
neos-5051588-culgoa;37029;128.750000;32.574490;1;138;0;138
neos-5052403-cygnet;37029;228.787100;83.839163;9;37202;10;37212
neos-506422;37029;0.000000;6.600000;1;43;0;43
neos-506428;37029;145945.000000;95.648936;1;549;0;549
neos-5075914-elvire;37029;277.341888;1.484053;2;50;0;50
neos-5076235-embley;37029;1930.000000;0.115385;2;825;0;825
neos-5078479-escaut;37029;7280.474567;0.468278;2;42;0;42
neos-5079731-flyers;37029;2004.000000;1.087912;2;791;0;791
neos-5083528-gimone;37029;0.000000;20.875000;1;258;1;259
neos-5093327-huahum;37029;3934.000000;1.841667;2;760;0;760
neos-5100895-inster;37029;2084.000000;3.582418;2;606;0;606
neos-5102383-irwell;37029;1740.000000;2.483516;2;925;0;925
neos-5104907-jarama;37029;639.917149;47.861040;2;9338;1;9339
neos-5106984-jizera;37029;721.000000;3.500000;2;3847;1;3848
neos-5107597-kakapo;37029;0.000000;0.591250;2;42;0;42
neos-5108386-kalang;37029;620.501637;53.159082;2;14665;2;14667
neos-5114902-kasavu;37029;518.000000;141.333333;3;13076;3;13079
neos-5115478-kaveri;37029;0.000000;0.529375;2;44;0;44
neos-5116085-kenana;37029;452.000000;142.000000;3;5592;2;5594
neos-5118834-korana;37029;569.216333;121.434394;2;9782;2;9784
neos-5118851-kowhai;37029;1134.000000;5.860000;2;5669;2;5671
neos-5123665-limmat;37029;652.427430;72.359737;2;18180;2;18182
neos-5125849-lopori;37029;0.000000;51.956886;1;41;0;41
neos-5129192-manaia;37029;0.000000;10.000000;1;3870;4;3874
neos-5138690-middle;37029;605.364996;107.846299;2;16196;2;16198
neos-5140963-mincio;37029;8877.000000;2.142857;1;1;0;1
neos-5149806-wieprz;37029;0.027694;5.467604;3;477;5;482
neos-5151569-mologa;37029;686023627.750363;27.702234;2;2076;1;2077
neos-5178119-nalagi;37029;8.569859;18.674756;2;75;0;75
neos-5182409-nasivi;37029;0.000000;18.341185;1;8;0;8
neos-5188808-nattai;37029;0.000000;10.715654;1;594;0;594
neos-5189128-totara;37029;330131.390743;21.863581;1;963;0;963
neos-5192052-neckar;37029;-11980000.000000;0.333333;3;0;0;0
neos-5193246-nerang;37029;0.000000;707.729862;1;946;0;946
neos-5195221-niemur;37029;0.000000;722.524895;1;895;0;895
neos-5196530-nuhaka;37029;0.000000;698.361784;1;617;0;617
neos-520729;37029;-1391291.666667;7.783333;1;499;0;499
neos-5221106-oparau;37029;0.000000;51.816243;1;256;0;256
neos-5223573-tarwin;37029;0.105800;0.258185;1;15468;1;15469
neos-5251015-ogosta;37029;0.105800;0.226665;1;12399;0;12399
neos-525149;37029;60.000000;12.153846;1;271;0;271
neos-5260764-orauea;37029;58748.022532;10.633838;1;63;0;63
neos-5261882-treska;37029;22721.328000;7.770659;1;14;0;14
neos-5266653-tugela;37029;20969.906674;15.508215;1;139;0;139
neos-5273874-yomtsa;37029;0.000000;0.215200;1;15152;0;15152
neos-555001;37029;910619.201473;185.329242;1;37;0;37
neos-555343;37029;1241512.549440;273.503416;1;40;0;40
neos-555424;37029;1196312.549440;237.883186;1;40;0;40
neos-555884;37029;1026121.836055;271.320900;1;43;0;43
neos-565672;37029;43884.639336;66.477422;3;16967;8;16975
neos-574665;37029;4948073.456141;10.746401;1;30;0;30
neos-578379;37029;0.000000;134.076115;1;1166;0;1166
neos-585192;37029;-1999690.155301;98.986682;2;216;0;216
neos-585467;37029;-1999711.795869;82.239088;2;22;0;22
neos-595904;37029;61134.474995;16.114622;2;65;0;65
neos-619167;37029;1.481241;35.984608;1;134;0;134
neos-631517;37029;6494999.999936;64.357845;1;8;0;8
neos-631710;37029;515.000000;243.082736;2;5766;7;5773
neos-633273;37029;4678552871.152559;377.739286;1;210;0;210
neos-662469;37029;184340.629649;94.654114;1;422;0;422
neos-686190;37029;5134.813830;17.515957;1;107;0;107
neos-691058;37029;234.000000;83.756531;1;186;0;186
neos-693347;37029;234.000000;78.950927;1;657;0;657
neos-738098;37029;-1099.000000;222.818437;1;127;0;127
neos-777800;37029;-80.000000;67.656924;1;45;0;45
neos-780889;37029;3421500.000000;0.000000;1;648;9;657
neos-787933;37029;300.000000;-0.000000;2;238;13;251
neos-799711;37029;-11228065.153797;0.946665;1;1252;0;1252
neos-799716;37029;4932670.661692;0.575059;1;131;0;131
neos-807639;37029;492.688889;1.370370;2;9;0;9
neos-820879;37029;24874.267857;62.867619;1;99;0;99
neos-824661;37029;65.000000;60.642857;2;282;0;282
neos-824695;37029;63.000000;33.800000;2;101;0;101
neos-826224;37029;153.000000;70.000000;2;204;0;204
neos-826650;37029;32.000000;109.347222;2;43;0;43
neos-826694;37029;84.000000;92.333333;2;89;0;89
neos-826812;37029;86.011000;151.137255;2;111;0;111
neos-826841;37029;32.008200;110.679849;2;42;0;42
neos-827015;37029;2.098071;332.649497;1;1607;1;1608
neos-827175;37029;121.001520;83.555556;2;169;0;169
neos-829552;37029;2.098071;250.649497;1;1496;0;1496
neos-831188;37029;1.767720;215.733333;1;75;0;75
neos-847302;37029;-0.000000;51.325978;1;51;0;51
neos-848198;37029;168781.000000;-0.000000;2;140;0;140
neos-848589;37029;0.000000;0.075873;1;1523;1;1524
neos-849702;37029;0.000000;88.550656;1;24;0;24
neos-850681;37029;2087.000000;55.075614;1;156;0;156
neos-860300;37029;1666.068586;9.000000;1;52;0;52
neos-872648;37029;52.674788;0.000000;2;1197;6;1203
neos-873061;37029;152.429202;-0.000000;2;1225;5;1230
neos-876808;37029;10030.533833;259.649605;2;6472;3;6475
neos-885086;37029;-243.000000;13.945733;2;193;0;193
neos-885524;37029;11771.555290;9.581376;2;179;3;182
neos-911880;37029;23.260000;17.220292;1;2;0;2
neos-911970;37029;23.260000;20.048919;1;3;0;3
neos-913984;37029;1000.000000;37.312893;1;185;2;187
neos-914441;37029;5660364.283770;78.177859;1;1794;0;1794
neos-916792;37029;26.203596;16.256328;2;91;0;91
neos-932721;37029;513000.000000;-0.000000;4;108;3;111
neos-932816;37029;513000.000000;0.000000;3;233;8;241
neos-933562;37029;0.000000;237.810567;1;65;0;65
neos-933638;37029;318942.311605;0.000000;3;251;5;256
neos-933966;37029;348444.518440;0.000000;3;190;5;195
neos-934278;37029;340538.344697;-0.000000;3;315;3;318
neos-935234;37029;370343.764662;-0.000000;3;361;1;362
neos-935627;37029;19302.297957;-0.000000;3;417;1;418
neos-935769;37029;20652.761822;-0.000000;3;375;1;376
neos-937511;37029;46757.302874;-0.000000;3;446;1;447
neos-937815;37029;45496.732480;-0.000000;3;553;1;554
neos-941262;37029;47366.622978;0.000000;3;387;1;388
neos-941313;37029;9431.370370;215.962963;2;606;5;611
neos-942830;37029;12.000000;68.088474;1;33;0;33
neos-948126;37029;46137.445498;-0.000000;3;383;1;384
neos-948346;37029;-1.600000;2.766667;4;523;3;526
neos-950242;37029;2.000000;94.000000;2;139;0;139
neos-953928;37029;-98.806667;0.000000;4;253;4;257
neos-954925;37029;-227.766667;-0.000000;5;1059;20;1079
neos-956971;37029;-2.740000;0.942917;3;747;3;750
neos-957143;37029;-169.042606;46.981481;4;627;3;630
neos-957323;37029;-173.845679;22.730769;3;365;2;367
neos-957389;37029;1.500000;37.849369;1;119;0;119
neos-960392;37029;-238.000000;290.178312;1;263;1;264
neos-983171;37029;48618.004774;0.000000;3;437;1;438
neos-984165;37029;44499.505200;0.000000;3;482;1;483
neos13;37029;-126.178378;42.587671;3;235;0;235
neos15;37029;144796.909577;0.000000;2;1;0;1
neos16;37029;429.000000;14.500000;2;3;0;3
neos17;37029;0.222688;0.000000;2;6;0;6
neos18;37029;11.000000;56.166667;3;75;0;75
neos2;37029;-4717.666848;6.724359;1;8;0;8
neos22;37029;413700.000000;227.000000;1;31;0;31
neos5;37029;17.250000;0.000000;3;1;0;1
neos6;37029;110.989760;27.902196;4;101;1;102
neos8;37029;-2885.143864;22.041691;3;838;1;839
neos808444;37029;0.000000;213.399502;1;252;0;252
neos9;37029;780.000000;44.250000;1;295;0;295
net12;37029;47.514236;175.350347;3;836;0;836
netdiversion;37029;455.800000;769.600000;2;7784;4;7788
newdano;37029;11.724138;8.447296;1;2;0;2
nexp-150-20-1-5;37029;84.000000;0.000000;2;36;0;36
nexp-150-20-8-5;37029;600.000000;0.000000;2;79;0;79
nexp-50-20-1-1;37029;34.000000;-0.000000;2;0;0;0
nexp-50-20-4-2;37029;120.000000;0.000000;2;2;0;2
nh97_potential;37029;1462.000000;73.200000;2;5;0;5
nh97_tension;37029;1438.000000;81.583333;2;2;0;2
nj1;37029;0.000000;607.000000;1;547;1;548
nj2;37029;0.000000;607.000000;1;647;1;648
nj3;37029;0.000000;607.000000;1;69729;1;69730
nobel-eu-DBE;37029;7426411.500000;1.365000;2;89;0;89
noswot;37029;-9.000000;0.000000;2;1;0;1
ns1111636;37029;96.250000;19.250000;1;629;1;630
ns1116954;37029;0.000000;155.073174;1;878;0;878
ns1208400;37029;0.000000;93.553865;1;62;0;62
ns1430538;37029;73.621609;9.970024;1;650;0;650
ns1456591;37029;361.939022;19.000000;1;132;0;132
ns1606230;37029;13.225000;179.971152;1;2005;0;2005
ns1631475;37029;817.193748;716.662243;1;1538;1;1539
ns1663818;37029;1.000000;9.141146;1;6016;3;6019
ns1679495;37029;3337055.001914;100.246101;2;50245;1;50246
ns1685374;37029;-51.800913;96.218654;1;53893;1;53894
ns1688347;37029;2.000000;7.363183;1;54;0;54
ns1690781;37029;-1022.785697;17.664172;2;195;0;195
ns1696083;37029;2.000000;12.504268;1;169;0;169
ns1758913;37029;-1501.183256;121.987025;1;10128;0;10128
ns1760995;37029;-1379.173237;142.000000;1;21217;1;21218
ns1778858;37029;-22635740.000000;227.465047;2;368;0;368
ns1828997;37029;0.000000;75.000000;2;1136;2;1138
ns1830653;37029;6153.000000;56.373873;1;144;0;144
ns1849932;37029;546.000000;5.425770;1;1135;4;1139
ns1853823;37029;1172000.000000;1386.000000;2;55092;10;55102
ns1854840;37029;143199999999.999939;1139.473260;2;6751;6;6757
ns1856153;37029;0.000000;248.911984;1;152;0;152
ns1904248;37029;0.000000;854.146124;14;2564;18;2582
ns1905797;37029;11.750980;19.650000;1;199;0;199
ns1905800;37029;6.436600;16.364665;1;44;0;44
ns1952667;37029;0.000000;10.112982;1;214;0;214
ns2017839;37029;77026281754033.437500;1.017799;2;7829;0;7829
ns2034125;37029;0.000000;796.623735;2;1977;0;1977
ns2071214;37029;0.000000;2.208125;1;89;0;89
ns2081729;37029;4.600000;1.040000;2;4;0;4
ns2122698;37029;62785.622771;194.641858;1;595;1;596
ns2124243;37029;53998.333333;195.416667;1;485;0;485
ns2137859;37029;24629.000000;42.075016;1;876;4;880
ns4-pr3;37029;36073.000000;12.000000;1;101;0;101
ns4-pr6;37029;29145.750000;8.875000;1;41;0;41
ns4-pr9;37029;35175.000000;9.000000;1;80;0;80
ns894236;37029;18.000000;199.499882;2;386;0;386
ns894244;37029;16.000000;342.075798;2;1390;1;1391
ns894786;37029;14.000000;210.864769;2;1502;1;1503
ns894788;37029;7.000000;91.946694;2;154;0;154
ns903616;37029;22.000000;385.201946;2;1172;1;1173
nsa;37029;91.447940;7.482504;1;8;0;8
nsr8k;37029;17500809.511815;639.929911;1;8178;1;8179
nsrand-ipx;37029;646400.000000;0.000000;2;63;1;64
nu120-pr12;37029;38070.000000;13.695833;1;42;0;42
nu120-pr3;37029;21306.442308;42.751022;1;105;0;105
nu120-pr9;37029;19062.500000;28.652083;1;74;0;74
nu25-pr12;37029;52757.500000;11.900000;1;44;0;44
nu4-pr9;37029;35175.000000;21.713333;1;78;0;78
nu60-pr9;37029;22850.000000;28.383333;1;75;0;75
nucorsav;37029;29.046100;81.214406;2;62483;7;62490
nursesched-medium-hint03;37029;33.468485;460.316255;1;1198;0;1198
nursesched-medium04;37029;398.000000;286.520833;2;719;0;719
nursesched-sprint-hidden09;37029;580.911765;177.875000;2;327;0;327
nursesched-sprint-late03;37029;34.254806;178.177416;1;363;0;363
nursesched-sprint02;37029;170.416667;127.291667;2;201;0;201
nw04;37029;16310.666667;2.000000;1;237;2;239
ofi;37029;6131846109.620631;1781.999298;135;9661;101;9762
ofi2;37029;6124829152.731160;3158.688481;133;7017;128;7145
oocsp-racks030e6cci;37029;0.000000;0.000000;1;228;2;230
opm2-z10-s2;37029;-20977.000000;-0.000000;6;23689;12;23701
opm2-z10-s4;37029;-19346.000000;-0.000000;6;25769;11;25780
opm2-z11-s8;37029;-23747.000000;0.000000;5;52344;14;52358
opm2-z12-s14;37029;-34474.000000;-0.000000;6;114706;28;114734
opm2-z12-s7;37029;-35909.000000;0.000000;6;106505;24;106529
opm2-z12-s8;37029;-33082.000000;-0.000000;6;113691;25;113716
opm2-z6-s1;37029;-3261.000000;-0.000000;4;331;1;332
opm2-z7-s2;37029;-6782.000000;-0.000000;5;870;2;872
opm2-z7-s8;37029;-6367.000000;-0.000000;4;890;2;892
opm2-z8-s0;37029;-7499.000000;0.000000;5;4121;5;4126
opt1217;37029;-20.021390;8.225490;1;2;0;2
osorio-cta;37029;0.000000;0.000035;1;63;0;63
p0201;37029;6875.000000;20.000000;1;1;0;1
p100x588b;37029;58977.000000;0.000000;2;1;0;1
p200x1188c;37029;15747.000000;0.000000;2;2;0;2
p2756;37029;2763.000000;2.212891;2;6;0;6
p500x2988;37029;72594.000000;0.000000;2;32;0;32
p500x2988c;37029;17212.000000;-0.000000;2;30;0;30
p500x2988d;37029;6.000000;0.000000;2;30;0;30
p6b;37029;-52.000000;0.000000;3;37;0;37
p80x400b;37029;45896.000000;-0.000000;2;1;0;1
pb-fit2d;37029;-22372.476239;842.898884;1;7764;4;7768
pb-gfrd-pnc;37029;8316.011268;30.700616;1;129;0;129
pb-grow22;37029;-449681.200587;122.632175;1;511;0;511
pb-market-split8-70-4;37029;0.000000;2.197219;1;0;0;0
pb-simp-nonunif;37029;6.000000;513.500000;2;3885;23;3908
peg-solitaire-a3;37029;1.000000;289.311002;1;407;0;407
pg;37029;-11098.657382;17.215049;2;5;0;5
pg5_34;37029;-16012.248077;18.476238;2;8;0;8
physiciansched3-3;37029;2432694.766159;1308.126367;17;55539;26;55565
physiciansched3-4;37029;1124678.224456;1173.049171;9;36538;14;36552
physiciansched5-3;37029;5180.000000;1133.735241;4;1317;1;1318
physiciansched6-1;37029;7500.000000;799.143056;2;672;5;677
physiciansched6-2;37029;43012.500000;744.696528;2;605;4;609
pigeon-08;37029;-8000.000000;8.259740;1;2;0;2
pigeon-10;37029;-10000.000000;13.559596;1;3;0;3
pigeon-11;37029;-11000.000000;16.690909;1;3;0;3
pigeon-12;37029;-12000.000000;21.818182;1;4;0;4
pigeon-13;37029;-13000.000000;24.000000;1;4;0;4
pigeon-16;37029;-16000.000000;74.018182;1;7;0;7
pigeon-19;37029;-19000.000000;59.036364;1;29;0;29
pigeon-20;37029;-20000.000000;62.509091;1;33;0;33
piperout-03;37029;68814.997590;424.596014;17;353;3;356
piperout-08;37029;99128.924471;558.127794;17;310;4;314
piperout-27;37029;6970.000000;1154.464464;12;526;6;532
piperout-d20;37029;25533.842105;676.796097;2;1057;1;1058
piperout-d27;37029;7083.116279;1022.542306;2;1509;1;1510
pk1;37029;0.000000;2.791536;1;0;0;0
polygonpack3-15;37029;-96519350.409320;31.158333;3;1427;1;1428
polygonpack4-10;37029;-93676953.470100;20.073813;3;443;0;443
polygonpack4-15;37029;-114052801.790860;42.642788;3;1387;1;1388
polygonpack4-7;37029;-75324958.874200;9.351219;3;232;0;232
polygonpack5-15;37029;-42382234.503540;24.004310;3;1704;1;1705
pp08a;37029;15000.000000;-0.000000;2;0;0;0
pp08aCUTS;37029;16630.402442;0.000000;2;2;0;2
probportfolio;37029;5.000000;15.184084;2;2;0;2
prod1;37029;-100.000000;6.724950;2;1;0;1
prod2;37029;-100.000000;4.433874;2;1;0;1
proteindesign121hz512p19;37029;3197.772133;67.382130;1;16993;58;17051
proteindesign121hz512p9;37029;1423.904449;61.920249;1;724;3;727
proteindesign121pgb11p9;37029;1173.710433;49.777201;1;645;2;647
proteindesign122trx11p8;37029;1720.461105;46.268597;1;525;5;530
protfold;37029;0.000000;35.000000;2;15;0;15
pw-myciel4;37029;0.000000;51.865481;6;60;0;60
pythago7824;37029;0.000000;580.777778;6;808;2;810
pythago7825;37029;0.000000;586.777778;8;753;3;756
qap10;37029;332.566228;55.000000;1;395;0;395
qiu;37029;1805.177143;0.000000;2;5;0;5
qnet1;37029;98035.870000;7.221868;2;18;0;18
qnet1_o;37029;96705.120000;-0.000000;2;7;0;7
queens-30;37029;-29.000000;0.000000;3;189;1;190
r4l4-02-tree-bounds-50;37029;510876207.000000;651.016667;2;50;0;50
r50x360;37029;2016.000000;-0.000000;2;1;0;1
r80x800;37029;5520.000000;-0.000000;2;1;0;1
radiationm18-12-05;37029;17554.500000;196.264403;1;194;0;194
radiationm40-10-02;37029;155306.700000;933.018250;1;1105;4;1109
rail01;37029;-92.087300;2555.841711;1;10814;3;10817
rail02;37029;-206.610200;3014.501667;1;135534;7;135541
rail03;37029;-920.273763;12441.976674;1;168089;27;168116
rail507;37029;217.000000;0.000000;3;671;9;680
railway_8_1_0;37029;397.000000;59.076317;3;9;0;9
ramos3;37029;377.000000;-0.000000;3;1417;1;1418
ran12x21;37029;4080.000000;0.000000;2;0;0;0
ran13x13;37029;3521.000000;0.000000;2;0;0;0
ran14x18-disj-8;37029;12451.012696;0.000000;2;19;0;19
ran14x18;37029;4265.000000;0.000000;2;0;0;0
ran16x16;37029;4333.000000;0.000000;2;0;0;0
rd-rplusc-21;37029;100.000000;4.122871;1;525;0;525
reblock115;37029;-39365983.337347;271.565472;1;198;0;198
reblock166;37029;-886882876.965829;382.279623;1;471;0;471
reblock354;37029;-39640995.765204;569.832903;3;807;0;807
reblock420;37029;-886535897.522137;986.979676;1;2314;1;2315
reblock67;37029;-39339910.923037;159.950504;1;53;0;53
rfds-4-days;37029;-1158940.978167;68.027009;1;73704;8;73712
rlp1;37029;13.244444;9.961905;1;1;0;1
rmatr100-p10;37029;360.593308;9.692735;1;212;0;212
rmatr100-p5;37029;762.040054;5.000000;1;417;0;417
rmatr200-p10;37029;1550.620783;10.000000;1;10538;0;10538
rmatr200-p20;37029;688.357943;19.982266;1;3482;0;3482
rmatr200-p5;37029;3283.653831;5.000000;1;11049;0;11049
rmine10;37029;-1926.821009;886.351115;2;4242;1;4243
rmine11;37029;-2502.695945;1244.857117;14277;11951;9188;21139
rmine13;37029;-3504.619914;1108.274293;2;43187;2;43189
rmine14;37029;-4308.088129;2210.070700;8123;93777;11327;105104
rmine15;37029;-5040.470724;4256.942532;4;175192;10;175202
rmine6;37029;-435.955252;50.204598;8322;161;325;486
rocI-3-11;37029;-111086.671772;567.733960;1;49;0;49
rocI-4-11;37029;-11111086.671772;800.875467;1;60;0;60
rocII-10-11;37029;-11.974865;290.286693;1;528;0;528
rocII-4-11;37029;-11.937162;82.500000;1;136;0;136
rocII-5-11;37029;-11.949730;122.235744;1;169;0;169
rocII-7-11;37029;-11.964093;212.677972;1;317;0;317
rocII-8-11;37029;-11.968581;244.764303;1;393;0;393
rocII-9-11;37029;-11.972072;279.075237;1;467;0;467
rococoB10-011000;37029;8350.199468;49.840978;1;115;0;115
rococoC10-001000;37029;7515.271029;14.894221;1;56;0;56
rococoC11-010100;37029;8773.206543;49.895810;1;142;0;142
rococoC11-011100;37029;9024.205406;56.603390;1;131;0;131
rococoC12-010001;37029;26787.292147;50.829414;1;202;0;202
rococoC12-111000;37029;27337.357381;53.501346;1;238;0;238
roi2alpha3n4;37029;-80.526722;7.807845;2;684;0;684
roi5alpha10n8;37029;-87.787142;16.000000;2;2120;3;2123
roll3000;37029;11097.127677;46.776510;3;38;0;38
rout;37029;981.864286;9.898077;1;2;0;2
rpp22falsei;37029;0.000000;0.000000;1;40;0;40
rvb-sub;37029;11.206514;4.571429;1;684;0;684
s100;37029;-0.171097;39.317795;1;26015;8;26023
s1234;37029;0.361925;1.578587;3;713;1;714
s250r10;37029;-0.165732;55.381636;2;9664;7;9671
s55;37029;-22.151773;0.000000;1;1712;3;1715
s82;37029;-33.833613;482.284414;2;206543;55;206598
satellites1-25;37029;-20.000000;68.019120;1;135;0;135
satellites2-25;37029;-30.000000;356.776800;1;27150;0;27150
satellites2-40;37029;-30.000000;133.152561;1;4762;1;4763
satellites2-60-fs;37029;-30.000000;507.455315;1;2955;1;2956
satellites2-60;37029;-30.000000;133.152561;1;4974;0;4974
satellites3-25;37029;-39.000000;966.359942;1;234508;2;234510
satellites3-40-fs;37029;-39.000000;942.263869;1;23158;2;23160
satellites3-40;37029;-39.000000;963.231625;1;233541;2;233543
savsched1;37029;31271.151902;0.000000;2;121796;25;121821
scpj4scip;37029;213.000000;-0.000000;3;1227;21;1248
scpk4;37029;599.000000;0.000000;3;2640;26;2666
scpl4;37029;437.000000;-0.000000;3;4919;43;4962
scpm1;37029;905.000000;0.000000;3;46316;127;46443
scpn2;37029;764.000000;0.000000;3;72683;261;72944
sct1;37029;-218.139003;91.325460;1;1378;0;1378
sct2;37029;-231.116964;14.501214;1;62;0;62
sct31;37029;-31.962662;30.054226;1;162;0;162
sct32;37029;-62.990833;53.144038;1;677;0;677
sct5;37029;-228.176552;35.395811;2;260;0;260
seqsolve1;37029;4379.032014;371.073706;19;4059;37;4096
seqsolve2short4288;37029;0.000000;419.969766;4;3155;10;3165
seqsolve3short4288excess384;37029;-46401.234768;425.509375;7;12862;16;12878
set1ch;37029;110241.500000;-0.000000;2;1;0;1
set3-09;37029;1263.077974;49.748593;3;39;0;39
set3-10;37029;788.890655;50.612990;3;39;0;39
set3-15;37029;8364.040745;53.876403;3;42;0;42
set3-16;37029;9916.808562;58.149187;3;41;0;41
set3-20;37029;10347.381087;53.849605;3;39;0;39
seymour-disj-10;37029;666.999999;0.000002;2;1824;0;1824
seymour;37029;460.000000;-0.000000;3;249;1;250
seymour1;37029;426.819841;-0.000000;3;249;0;249
shiftreg1-4;37029;131.656032;300.178571;1;58;0;58
shiftreg2-7;37029;206.733052;286.044999;1;74;0;74
shiftreg5-1;37029;520.839888;630.584408;1;339;0;339
shipsched;37029;0.000000;2.147365;5;144;1;145
shipschedule3shipsi;37029;-265650.000000;0.000000;1;36;0;36
shipschedule6shipsmixi;37029;-301650.000000;0.000000;1;57;0;57
shipschedule8shipsmixuci;37029;-401100.000000;0.000000;1;70;1;71
shs1014;37029;22137.410363;391.180556;1;178707;9;178716
shs1042;37029;9455.525826;684.883411;1;68999;10;69009
siena1;37029;10163179.229002;146.859338;1;1635;0;1635
sing11;37029;18640171.224643;331.879469;1;8386;4;8390
sing161;37029;19071259.113927;996.464534;1;64044;19;64063
sing17;37029;35483848.876514;554.751047;1;30180;12;30192
sing2;37029;17150914.716940;252.506822;1;1705;0;1705
sing245;37029;25024015.754083;519.079791;1;11809;5;11814
sing326;37029;7717674.801189;203.886687;1;2723;1;2724
sing359;37029;22534478.962498;1259.613224;1;85755;18;85773
sing44;37029;8102513.219400;177.330369;1;3148;1;3149
sing5;37029;18418516.013137;272.410096;1;3483;3;3486
snip10x10-35r1budget17;37029;30.000000;2.340909;1;493;0;493
snp-02-004-104;37029;548044802.975090;10.217187;2;4144;0;4144
snp-04-052-052;37029;728196432.049806;735.582559;2;3881;1;3882
snp-06-004-052;37029;1787138156.580973;33.734354;2;6599;1;6600
snp-10-004-052;37029;5842625068.205259;48.106063;2;14385;1;14386
snp-10-052-052;37029;5842626434.046261;1694.316668;2;16172;3;16175
sorrell3;37029;-11.000000;0.000000;3;701;10;711
sorrell4;37029;-16.000000;0.000000;3;2811;38;2849
sorrell7;37029;-150.000000;0.000000;3;399;5;404
sorrell8;37029;-260.000000;0.000000;3;91;1;92
sp150x300d;37029;71.000000;0.000000;2;1;0;1
sp97ar;37029;872846899.460000;0.000000;4;684;4;688
sp97ic;37029;640285470.400000;0.000000;4;395;5;400
sp98ar;37029;1129323150.121774;1.099760;3;643;0;643
sp98ic;37029;580906673.440001;0.000000;4;360;4;364
sp98ir;37029;314133467.823746;8.320942;3;71;0;71
splice1k1;37029;-1646.777979;8.512635;1;16912;8;16920
splice1k1i;37029;-1654.000000;0.000000;1;199;6;205
square23;37029;8.333333;12.444444;1;145;0;145
square31;37029;8.500000;13.750000;1;805;0;805
square37;37029;8.666667;15.000000;1;2303;1;2304
square41;37029;8.839612;15.068891;1;3754;1;3755
square47;37029;8.755814;15.976744;1;6462;2;6464
stoch-vrpvrp-s5v2c8vrp-v2c8i;37029;0.000000;107.000000;1;33;0;33
stockholm;37029;175.000000;0.000000;2;526;0;526
stp3d;37029;604.886283;537.229946;2;26251;7;26258
sts405;37029;357.000000;0.000000;3;535;2;537
sts729;37029;665.000000;0.000000;3;3143;6;3149
supportcase1;37029;20078.000000;0.020624;2;284;3;287
supportcase10;37029;3.383924;1850.997936;1;9156;2;9158
supportcase12;37029;-7609.533054;54.777672;1;1429;1;1430
supportcase14;37029;272.000000;9.894737;1;1;0;1
supportcase16;37029;272.000000;9.000000;1;1;0;1
supportcase17;37029;0.000000;88.508268;2;10;0;10
supportcase18;37029;87.000000;9.141806;2;47;0;47
supportcase19;37029;12677206.000000;370.390975;1;27570;28;27598
supportcase2;37029;0.000000;7.750000;1;9557;0;9557
supportcase20;37029;2442.144012;4.882860;1;18;0;18
supportcase23;37029;-12952.000000;674.436182;1;1626;0;1626
supportcase25;37029;0.036932;11.225059;1;111;0;111
supportcase26;37029;1288.102161;0.009948;2;1;0;1
supportcase27i;37029;0.000000;0.028235;1;1;0;1
supportcase3;37029;0.000000;754.600046;3;210;1;211
supportcase30;37029;0.000000;102.857020;1;58;0;58
supportcase31;37029;-1120655.076000;0.000000;3;1860;70;1930
supportcase33;37029;-450.933468;67.828180;2;465;0;465
supportcase34;37029;72.664116;339.350876;1;1224;0;1224
supportcase35;37029;77847.333333;96.000000;2;116;0;116
supportcase37;37029;-5865.764096;28.040480;2;867;0;867
supportcase39;37029;-1062330.369524;22.808785;5;106;1;107
supportcase4;37029;0.000000;537.153071;3;178;0;178
supportcase40;37029;22536.483379;19.000000;1;264;0;264
supportcase41;37029;28.000000;23.624470;5;279;0;279
supportcase42;37029;7.343539;48.081295;1;1555;0;1555
supportcase43;37029;0.000000;48.147044;2;44675;3;44678
supportcase6;37029;45090.732163;30.239669;1;1580;3;1583
supportcase7;37029;-2396.218213;53.147310;2;1960;0;1960
swath;37029;334.496858;2.200000;1;43;0;43
swath1;37029;334.496858;0.600000;1;34;0;34
swath2;37029;334.496858;0.700000;1;38;0;38
swath3;37029;334.496858;0.800000;1;36;0;36
t1717;37029;134531.021428;79.098998;1;282;1;283
t1722;37029;98815.407611;52.399108;1;151;0;151
ta1-UUM;37029;3693674.556772;4.190418;1;3;0;3
ta2-UUE;37029;41427354.755773;0.680983;2;152;0;152
tanglegram1;37029;0.000000;146.000000;1;245;1;246
tanglegram2;37029;0.000000;74.000000;1;39;0;39
tanglegram4;37029;0.000000;214.000000;1;826;1;827
tanglegram6;37029;0.000000;100.000000;1;62;0;62
tbfp-bigm;37029;-178.153988;30.000000;1;259;0;259
tbfp-network;37029;23.261535;31.000000;1;849;1;850
Test3;37029;2669532.692462;22.368722;2;261;0;261
thor50dday;37029;204179.000000;-0.000000;2;252;4;256
timtab1;37029;1234321.333333;18.450000;2;1;0;1
timtab1CUTS;37029;613590.095426;35.885811;2;4;0;4
timtab2;37029;1487304.333333;29.783333;2;1;0;1
tokyometro;37029;11100.000000;243.797433;2;74;0;74
toll-like;37029;0.000000;339.500000;1;38;0;38
tpl-tub-ss16;37029;456084.544813;2148.906605;2;92308;27;92335
tpl-tub-ws1617;37029;404400.026245;2262.455897;2;120842;29;120871
tr12-30;37029;188435.464884;3.580258;2;3;0;3
traininstance2;37029;0.000000;641.688695;2;56;0;56
traininstance6;37029;0.000000;381.122112;2;44;0;44
transportmoment;37029;-70929535815.380005;783.890174;2;234;0;234
trento1;37029;5182758.848056;76.426737;1;579;0;579
triptim1;37029;22.868088;2111.393837;1;9179;1;9180
triptim2;37029;10.866359;800.023299;1;10398;1;10399
triptim3;37029;13.511741;803.795145;1;10449;1;10450
triptim4;37029;9.207022;602.920956;1;12125;1;12126
triptim7;37029;2336.732602;589.654105;2;12342;2;12344
triptim8;37029;2336.754853;582.634510;2;13399;4;13403
tw-myciel4;37029;3.838028;125.746479;6;209;0;209
uc-case11;37029;611267.013003;118.157436;1;3011;0;3011
uc-case3;37029;7181.264177;95.341586;1;2089;0;2089
uccase10;37029;38988.693469;403.985961;1;2848;1;2849
uccase12;37029;11507.285324;38.320000;1;2175;0;2175
uccase7;37029;26527.789654;162.379998;1;3577;0;3577
uccase8;37029;11142.163196;63.982247;1;2809;0;2809
uccase9;37029;10819.582997;76.021209;1;4261;0;4261
uct-subprob;37029;242.000000;56.400387;1;47;0;47
umts;37029;91618146.215272;77.667697;2;51;0;51
unitcal_7;37029;19387712.348556;143.515421;2;814;0;814
usAbbrv-8-25_70;37029;95.000000;142.568932;3;32;0;32
usafa;37029;11.961749;2930.074494;2;52215;30;52245
v150d30-2hopcds;37029;54.000000;-0.000000;3;163;2;165
van;37029;1.723520;5.404444;1;2766;0;2766
var-smallemery-m6j6;37029;-156.056268;90.190835;2;1327;1;1328
vpm2;37029;13.372866;5.698001;2;1;0;1
vpphard;37029;0.000000;126.795208;1;222;1;223
vpphard2;37029;0.000000;224.687229;1;726;10;736
wachplan;37029;-9.000000;59.730159;1;40;0;40
wnq-n100-mw99-14;37029;194.184211;80.973684;3;4823;1;4824
xmas10-2;37029;-548.904684;180.189643;1;210;0;210
xmas10;37029;-449.063962;131.814139;7;192;0;192
z26;37029;-982.000000;0.000000;3;2773;37;2810
zeil;37029;813.510308;818.357568;2;86455;9;86464
zib54-UUE;37029;19164366.000000;-0.000000;2;50;0;50
