Instance;Seed;Cost;Fractionality;Rounds;LPtime(ms);ZItime(ms);SumLPZI(ms)
10teams;1206151;917.000000;36.457830;1;32;0;32
22433;1206151;21552.708079;24.962328;5;7;0;7
23588;1206151;8342.863244;17.617619;4;3;0;3
2club200v15p5scn;1206151;-97.038462;36.192308;4;141;2;143
30n20b8;1206151;5530.000000;41.625765;2;119;0;119
30_70_45_05_100;1206151;67.000000;-0.000000;5;945;2;947
30_70_45_095_100;1206151;48.000000;-0.000000;5;851;2;853
30_70_45_095_98;1206151;326.000000;-0.000000;5;808;3;811
50v-10;1206151;1493601.476062;-0.000000;2;5;0;5
a1c1s1;1206151;20885.065088;0.498062;2;8;0;8
a2c1s1;1206151;21087.746318;-0.000000;2;8;0;8
ab51-40-100;1206151;-437558462.000004;11.050000;2;458;1;459
ab67-40-100;1206151;-11186253442.000000;0.000000;1;313;0;313
ab69-40-100;1206151;-11186281442.000000;0.000000;1;301;0;301
ab71-20-100;1206151;-2390446504.400002;12.500000;2;236;0;236
ab72-40-100;1206151;-11186620442.000000;0.000000;1;341;0;341
academictimetablebig;1206151;427.000000;1954.919056;2;25672;17;25689
academictimetablesmall;1206151;0.000000;308.966235;2;225;2;227
acc-tight2;1206151;0.000000;120.187623;1;25;0;25
acc-tight4;1206151;0.000000;120.929764;1;24;0;24
acc-tight5;1206151;0.000000;107.821033;1;187;0;187
acc-tight6;1206151;0.000000;104.011436;1;182;0;182
adult-max5features;1206151;10710.000597;0.023689;2;931;8;939
adult-regularized;1206151;7841.000000;0.000000;3;2038;9;2047
aflow30a;1206151;1402.717622;2.301497;3;2;0;2
aflow40b;1206151;1129.417647;2.760099;3;6;0;6
air03;1206151;338864.250000;11.375000;1;56;0;56
air04;1206151;55535.436388;51.829962;1;173;0;173
air05;1206151;25877.609268;45.880497;1;124;0;124
aligninq;1206151;2755.000000;40.921868;7;16;1;17
allcolor10;1206151;1517.912903;297.924236;4;106;2;108
allcolor58;1206151;6718.838624;1820.373386;4;781;10;791
amaze22012-03-15i;1206151;0.000000;58.255984;2;87;2;89
amaze22012-06-28i;1206151;0.000000;35.368753;2;28;0;28
amaze22012-07-04i;1206151;0.000000;43.156843;2;40;0;40
app1-1;1206151;-2.000000;1.945752;2;6;0;6
app1-2;1206151;-23.000000;1.399234;3;308;1;309
app2-1;1206151;19294.250000;0.000000;2;19;0;19
app2-2;1206151;212092.500000;0.000000;2;1;0;1
app3;1206151;5627412.287938;3.142492;1;8;0;8
arki001;1206151;7579621.830840;15.454670;1;31;0;31
assign1-10-4;1206151;353.992926;52.000000;1;36;0;36
assign1-5-8;1206151;183.362555;24.000000;1;2;0;2
atlanta-ip;1206151;81.321096;294.518627;2;5660;2;5662
atm20-100;1206151;2141734.684878;120.774021;2;71;0;71
australia-abs-cta;1206151;0.000000;38.185342;1;65;0;65
b-ball;1206151;-1.818182;4.818182;1;0;0;0
b1c1s1;1206151;69995.090000;-0.000000;2;7;0;7
b2c1s1;1206151;69710.660000;-0.000000;2;14;0;14
bab1;1206151;-228225.182825;27.775000;1;97;0;97
bab2;1206151;-338400.636000;244.500000;2;12485;17;12502
bab3;1206151;-555805.926583;450.995536;2;28337;41;28378
bab5;1206151;-106670.400850;101.900000;2;567;2;569
bab6;1206151;-246114.832525;480.833333;2;5345;12;5357
bc;1206151;13.915046;0.268421;2;103;0;103
bc1;1206151;4.550543;0.028778;2;95;0;95
beasleyC1;1206151;102.000000;0.000000;2;3;0;3
beasleyC2;1206151;232.000000;0.000000;2;3;0;3
beasleyC3;1206151;951.000000;-0.000000;2;4;0;4
beavma;1206151;395292.332242;3.472328;2;1;0;1
berlin;1206151;1951.000000;0.000000;2;29;0;29
berlin_5_8_0;1206151;52.000000;58.057245;3;2;0;2
bg512142;1206151;506799.440536;51.840309;3;30;0;30
biella1;1206151;3060037.430763;98.993456;1;271;0;271
bienst1;1206151;11.724138;4.390524;1;2;0;2
bienst2;1206151;11.724138;5.390524;1;2;0;2
binkar10_1;1206151;6637.188027;9.084811;1;8;0;8
blend2;1206151;7.489992;0.686573;2;0;0;0
bley_xl1;1206151;265.192657;294.413130;3;21256;11;21267
bley_xs1;1206151;47020884.968217;85.931545;3;73;0;73
bley_xs1noM;1206151;60185433.134379;90.542003;2;61;0;61
bley_xs2;1206151;30478761.025431;42.229522;12;12;1;13
blp-ar98;1206151;9174.508280;11.800505;21;96;25;121
blp-ic97;1206151;5423.588709;1.337703;12;65;8;73
blp-ic98;1206151;6879.499245;1.657910;4;129;4;133
blp-ir98;1206151;3350.173368;3.875758;3;40;1;41
bmocbd3;1206151;45423160382.724037;0.000000;2;17655;12;17667
bmoipr2;1206151;-46628940.711029;7.840017;1;65;0;65
bnatt350;1206151;0.000000;109.506930;17;86;2;88
bnatt400;1206151;0.000000;127.888934;17;133;2;135
bppc4-08;1206151;51.590000;13.322623;1;21;0;21
bppc6-02;1206151;108.340000;11.296538;1;127;1;128
bppc6-06;1206151;200.633333;13.595370;1;146;0;146
bppc8-02;1206151;486.500000;3.194588;1;1;0;1
bppc8-09;1206151;444.436047;4.775100;1;3;0;3
brasil;1206151;32311.000000;0.000000;2;26;0;26
brazil3;1206151;2.000000;254.754201;2;201;0;201
breastcancer-regularized;1206151;105.150036;0.002191;2;8;0;8
bts4-cta;1206151;33524.637606;1130.000000;1;510;0;510
buildingenergy;1206151;33246.215059;1468.850000;2;15884;4;15888
cap6000;1206151;-2446875.000000;0.000000;3;40;0;40
cbs-cta;1206151;0.000000;27.746030;1;103;0;103
cdc7-4-3-2;1206151;-231.000000;-0.000000;3;36591;5;36596
chromaticindex1024-7;1206151;4.000000;16002.682953;2;2310;9;2319
chromaticindex128-5;1206151;4.000000;2021.163699;2;145;1;146
chromaticindex256-8;1206151;4.000000;4069.477083;2;367;2;369
chromaticindex32-8;1206151;4.000000;504.887500;2;17;0;17
chromaticindex512-7;1206151;4.000000;8183.527137;2;1135;4;1139
ci-s4;1206151;17.644894;41.881015;3;9;0;9
circ10-3;1206151;140.000000;209.309855;1;2002;1;2003
cmflsp40-24-10-7;1206151;52605868.952858;70.700930;3;381;0;381
cmflsp40-36-2-10;1206151;72898024.959478;295.649246;3;763;0;763
cmflsp50-24-10-4;1206151;64492612.641644;81.236085;3;334;0;334
cmflsp50-24-8-8;1206151;59814378.749021;131.869460;3;334;0;334
cmflsp60-36-2-6;1206151;97887903.946142;370.689759;3;1799;0;1799
CMS750_4;1206151;250.000000;233.284641;3;68;1;69
co-100;1206151;1246685.546783;10.401691;2;329;8;337
cod105;1206151;-8.000000;0.000000;3;486;1;487
comp07-2idx;1206151;0.000000;114.416667;2;1897;1;1898
comp08-2idx;1206151;0.000000;159.969397;1;142;0;142
comp12-2idx;1206151;3.000000;267.951781;1;1200;0;1200
comp16-3idx;1206151;4.000000;721.111978;1;7057;2;7059
comp21-2idx;1206151;0.000000;282.023529;3;475;1;476
control30-3-2-3;1206151;-20763026.787568;27.970540;1;4;0;4
core2536-691;1206151;786.000000;-0.000000;3;782;2;784
core2586-950;1206151;1169.000000;-0.000000;3;560;1;561
core4284-1064;1206151;1275.000000;0.000000;3;3047;3;3050
core4872-1529;1206151;1850.000000;0.000000;3;1681;3;1684
cost266-UUE;1206151;42001606.280000;-0.000000;2;65;0;65
cov1075;1206151;35.000000;0.000000;2;6;0;6
cryptanalysiskb128n5obj16;1206151;0.000000;5029.990887;106;1187;209;1396
csched007;1206151;269.251587;22.185714;1;39;0;39
csched008;1206151;171.000000;24.778341;1;11;0;11
csched010;1206151;332.422727;20.512626;1;32;0;32
cvrpa-n64k9vrpi;1206151;0.000000;148.788980;2;439;4;443
cvrpb-n45k5vrpi;1206151;0.000000;104.481361;2;149;2;151
cvrpp-n16k8vrpi;1206151;0.000000;38.707224;1;34;0;34
cvrpsimple2i;1206151;0.000000;22.941208;2;2;0;2
cvs08r139-94;1206151;-16.000000;66.000000;3;14;0;14
cvs16r106-72;1206151;-2.000000;71.000000;2;28;0;28
cvs16r128-89;1206151;-2.000000;88.000000;2;35;0;35
cvs16r70-62;1206151;-0.000000;62.000000;2;27;0;27
cvs16r89-60;1206151;-0.000000;60.000000;2;31;0;31
d10200;1206151;12425.583005;32.097057;1;40;0;40
d20200;1206151;12229.625788;62.339279;1;298;0;298
dale-cta;1206151;0.000000;0.004766;1;282;0;282
dano3mip;1206151;576.231620;15.297311;1;2025;0;2025
dano3_3;1206151;576.231620;1.932181;1;2061;0;2061
dano3_5;1206151;576.231620;2.871834;1;2135;0;2135
danoint;1206151;62.637280;5.819184;1;18;0;18
dc1c;1206151;1754946.863638;140.593306;1;280;0;280
dc1l;1206151;211357921.003601;0.000000;3;821;17;838
dcmulti;1206151;184917.234283;12.662065;3;3;0;3
decomp1;1206151;-120.000000;149.444444;1;40;0;40
decomp2;1206151;-160.000000;141.944444;1;41;0;41
dfn-bwin-DBE;1206151;797567.400000;0.000000;2;32;0;32
dfn-gwin-UUM;1206151;27467.257235;5.653537;1;1;0;1
dg012142;1206151;7485691.825683;37.560751;5;116;0;116
diameterc-mstc-v20a190d5i;1206151;291.000000;288.954791;3;58;0;58
diameterc-msts-v40a100d5i;1206151;324.000000;347.153926;3;57;0;57
disctom;1206151;-5000.000000;51.166667;1;172;0;172
disktom;1206151;-5000.000000;51.166667;1;179;0;179
dolom1;1206151;6556066.068315;111.218954;1;452;1;453
drayage-100-12;1206151;91134.076080;32.228466;1;47;0;47
drayage-100-23;1206151;103333.874073;41.554651;1;41;0;41
drayage-25-23;1206151;99718.790531;39.569924;1;54;0;54
drayage-25-27;1206151;95207.144904;44.816549;1;45;0;45
drayage-25-32;1206151;88256.306534;44.499212;1;50;0;50
ds-big;1206151;86.820068;30.669231;1;7018;21;7039
ds;1206151;57.234565;33.463549;1;908;6;914
dws008-01;1206151;2954.537147;2.158177;2;51;0;51
dws008-03;1206151;3283.316973;6.687361;2;151;1;152
dws012-01;1206151;5179.177491;3.971756;2;100;1;101
dws012-02;1206151;4705.864492;24.017311;3;214;3;217
dws012-03;1206151;5237.420078;17.786054;3;356;6;362
eil33-2;1206151;811.278996;3.615630;1;33;0;33
eilA101-2;1206151;803.373888;7.408683;1;846;6;852
eilB101;1206151;1075.247691;12.807028;1;19;0;19
eilC76-2;1206151;725.754458;7.780208;1;271;2;273
ej;1206151;1.000000;0.243844;1;0;0;0
elitserienhandball11i;1206151;0.000000;866.305983;2;430;1;431
elitserienhandball13i;1206151;0.000000;853.141952;2;423;1;424
elitserienhandball14i;1206151;0.000000;883.858328;2;377;1;378
elitserienhandball3i;1206151;0.000000;887.935483;2;394;1;395
enlight13;1206151;1.000000;1.000000;1;0;0;0
enlight15;1206151;1.000000;1.000000;1;0;0;0
enlight8;1206151;1.000000;1.000000;1;0;0;0
enlight_hard;1206151;15.500000;17.000000;1;0;0;0
eva1aprime5x5opt;1206151;-497.155823;0.526297;1;263;0;263
eva1aprime6x6opt;1206151;-495.398833;1.239563;1;1782;0;1782
ex10;1206151;100.000000;98.000000;1;16873;5;16878
ex1010-pi;1206151;314.000000;-0.000000;3;467;2;469
ex9;1206151;81.000000;75.601201;1;1784;2;1786
exp-1-500-5-5;1206151;97666.305541;4.045842;2;2;0;2
f2000;1206151;1383.000000;1280.000000;2;3409;0;3409
f2gap201600;1206151;76429.862296;1.402159;1;3;0;3
f2gap401600;1206151;82274.237434;1.190020;1;4;0;4
f2gap40400;1206151;20650.898154;3.253580;1;1;0;1
f2gap801600;1206151;86570.120867;5.266841;1;5;0;5
fast0507;1206151;205.000000;-0.000000;3;182;3;185
fastxgemm-n2r6s0t2;1206151;27.000000;9.000000;1;49;0;49
fastxgemm-n2r7s4t1;1206151;27.000000;9.000000;1;36;0;36
fastxgemm-n3r21s3t6;1206151;84.000000;27.000000;1;2339;0;2339
fastxgemm-n3r22s4t6;1206151;84.000000;27.000000;1;2539;0;2539
fastxgemm-n3r23s5t6;1206151;84.000000;27.000000;1;2534;0;2534
fhnw-binpack4-48;1206151;0.000000;333.285714;2;133;0;133
fhnw-binpack4-58;1206151;0.000000;467.321429;2;114;0;114
fhnw-binpack4-77;1206151;0.000000;207.310714;2;111;0;111
fhnw-binschedule0;1206151;15642.000000;1053.297818;2;18982;26;19008
fhnw-binschedule2;1206151;2273.000000;221.912633;3;436;4;440
fhnw-schedule-paira100;1206151;-36.643681;5.149215;2;123;0;123
fhnw-schedule-paira200;1206151;-73.826479;8.940825;2;244;3;247
fhnw-schedule-paira400;1206151;-146.941079;19.266221;2;1200;11;1211
fhnw-schedule-pairb200;1206151;-58.887041;815.939903;3;2085;3;2088
fhnw-schedule-pairb400;1206151;-109.169750;2783.836162;3;12337;14;12351
fhnw-sq2;1206151;0.000000;13.695522;1;5;0;5
fiball;1206151;137.069168;72.169473;1;110;1;111
fiber;1206151;897538.360000;12.574421;2;2;0;2
fillomino7x7-0i;1206151;0.000000;304.793110;2;68;0;68
fixnet6;1206151;4536.000000;0.000000;2;1;0;1
fjspeasy01i;1206151;216.000000;1.364719;2;57;0;57
flugpl;1206151;1167875.166377;2.785325;1;0;0;0
g200x740;1206151;45614.000000;-0.000000;2;3;0;3
g200x740i;1206151;44069.000000;-0.000000;2;3;0;3
gasprod1-1;1206151;10207.782090;23.384117;32;486;6;492
gasprod1-2;1206151;12418.693782;43.662702;18;299;3;302
gasprod1-3;1206151;13830.718570;40.837432;64;306;11;317
gasprod2-1;1206151;1510393.402354;44.156867;6;1079;1;1080
gasprod2-2;1206151;1355909.537507;297.110788;36;1717;13;1730
gen-ip002;1206151;-511.036897;0.000000;3;0;0;0
gen-ip016;1206151;-9505.628173;1.906914;1;0;0;0
gen-ip021;1206151;6642.052620;2.217259;4;0;0;0
gen-ip036;1206151;-2162.833562;0.000000;3;0;0;0
gen-ip054;1206151;7350.684932;1.502477;8;0;0;0
gen;1206151;112555.106141;0.427450;2;1;0;1
genus-g31-8;1206151;-27.000000;116.000000;1;1010;1;1011
genus-g61-25;1206151;-58.000000;199.000000;1;325;2;327
genus-sym-g31-8;1206151;-27.000000;150.889800;2;3202;3;3205
genus-sym-g62-2;1206151;-54.000000;225.350434;1;22813;1;22814
genus-sym-grafo5708-48;1206151;-27.000000;159.026027;2;1506;0;1506
ger50-17-ptp-pop-3t;1206151;3466.323207;45.213645;1;109;0;109
ger50-17-ptp-pop-6t;1206151;6804.447088;50.477969;1;96;0;96
ger50-17-trans-dfn-3t;1206151;3453.475245;37.741927;1;174;1;175
ger50-17-trans-pop-3t;1206151;3456.252922;49.487013;1;169;1;170
ger50_17_trans;1206151;6850.628623;48.226110;1;149;1;150
germanrr;1206151;47650759.157540;58.297944;3;704;2;706
germany50-DBM;1206151;438028.000000;21.150000;1;132;0;132
germany50-UUM;1206151;597932.500000;26.450000;1;53;0;53
gesa2-o;1206151;25748173.191117;13.380406;2;4;0;4
gesa2;1206151;25502855.039680;8.989886;1;6;0;6
gfd-schedulen180f7d50m30k18-16i;1206151;21.533333;4366.403732;3;9196;155;9351
gfd-schedulen180f7d50m30k18;1206151;1.000000;6031.558267;6;3882;36;3918
gfd-schedulen25f5d20m10k3i;1206151;3.000000;29.157898;2;75;0;75
gfd-schedulen55f2d50m30k3i;1206151;5.000000;231.083604;2;220;3;223
ghoulomb4-9-10i;1206151;9.000000;9.160150;2;54;1;55
glass-sc;1206151;23.000000;0.000000;3;115;1;116
glass4;1206151;800002400.000000;8.568254;1;1;0;1
gmu-35-40;1206151;-2406943.556343;2.300342;1;4;0;4
gmu-35-50;1206151;-2608070.315743;3.444186;1;6;0;6
gmut-75-50;1206151;-14182312.661731;4.988967;1;471;3;474
gmut-76-40;1206151;-14171086.316075;9.054451;1;321;1;322
gmut-76-50;1206151;-14173884.188063;4.201959;1;373;3;376
gmut-77-40;1206151;-14173396.636852;2.973250;1;354;1;355
go19;1206151;96.000000;-0.000000;3;4;0;4
gr4x6;1206151;229.050000;-0.000000;2;0;0;0
graph20-20-1rand;1206151;-37.000000;43.000000;1;36;0;36
graph20-80-1rand;1206151;-110.000000;120.050000;2;1274;2;1276
graph40-20-1rand;1206151;-157.000000;175.500000;1;4134;2;4136
graph40-40-1rand;1206151;-300.000000;326.969290;1;93784;9;93793
graphdraw-domain;1206151;12672.000000;18.742857;1;2;0;2
graphdraw-gemcutter;1206151;4310.000000;12.048387;2;1;0;1
graphdraw-grafo2;1206151;35762.000000;350.966667;1;819;3;822
graphdraw-mainerd;1206151;30496.000000;131.370968;1;79;0;79
graphdraw-opmanager;1206151;54717.000000;210.091463;1;389;1;390
gsvm2rl11;1206151;35640.343493;0.000000;2;346;0;346
gsvm2rl12;1206151;50.000000;-0.000000;2;506;0;506
gsvm2rl3;1206151;0.600000;-0.000000;2;4;0;4
gsvm2rl5;1206151;10.000000;-0.000000;2;8;0;8
gsvm2rl9;1206151;16356.825869;0.000000;2;58;0;58
gt2;1206151;21166.000000;4.130952;2;0;0;0
h50x2450;1206151;11147.731511;3.696751;1;27;0;27
h80x6320;1206151;3700.000000;0.000000;1;24;0;24
h80x6320d;1206151;5325.160104;2.515625;1;44;0;44
hanoi5;1206151;1931.000000;245.237539;25;394;4;398
haprp;1206151;3679667.254486;41.766595;2;5;0;5
harp2;1206151;-74325169.345138;5.496152;1;2;0;2
hgms-det;1206151;-53793.320679;37.099950;1;192;0;192
hgms30;1206151;-53327.995245;51.804834;1;7436;0;7436
hgms62;1206151;-53394.446147;54.735370;1;14167;0;14167
hypothyroid-k1;1206151;-2846.896104;38.365286;3;7154;7;7161
ic97_potential;1206151;4084.000000;55.050000;2;3;0;3
ic97_tension;1206151;3993.000000;15.366667;2;2;0;2
icir97_potential;1206151;6589.000000;171.618362;2;39;0;39
icir97_tension;1206151;6323.000000;102.600000;2;4;0;4
iis-100-0-cov;1206151;41.000000;0.000000;3;102;0;102
iis-bupa-cov;1206151;49.000000;-0.000000;3;223;1;224
iis-glass-cov;1206151;28.000000;0.000000;3;140;1;141
iis-hc-cov;1206151;22.000000;0.000000;3;181;3;184
iis-pima-cov;1206151;41.000000;-0.000000;3;217;1;218
irp;1206151;12123.530222;6.000000;1;106;1;107
istanbul-no-cutoff;1206151;62.541409;3.968407;1;259;0;259
ivu06-big;1206151;135.427718;95.799872;1;52073;153;52226
ivu06;1206151;135.901353;96.981489;1;14130;56;14186
ivu52;1206151;480.250439;82.562257;1;6680;13;6693
ivu59;1206151;884.456993;122.808206;1;210117;221;210338
janos-us-DDM;1206151;1488134.750000;22.375000;1;8;0;8
k16x240;1206151;11359.000000;0.000000;2;1;0;1
k16x240b;1206151;12874.000000;0.000000;2;0;0;0
k1mushroom;1206151;-3747.840298;42.576586;3;19898;21;19919
k1mushroomi;1206151;-4165.061224;64.102041;1;14866;3;14869
khb05250;1206151;126785464.000000;0.000000;2;1;0;1
l2p12;1206151;2.000000;824.859960;3;222;1;223
l2p1i;1206151;1.000000;608.429261;2;960;20;980
l2p2i;1206151;1.000000;757.644602;2;128;1;129
lectsched-1-obj;1206151;36.000000;28.046924;4;214;3;217
lectsched-1;1206151;0.000000;6.882322;2;164;1;165
lectsched-2;1206151;0.000000;20.130091;3;81;1;82
lectsched-3;1206151;0.000000;4.358796;9;143;5;148
lectsched-4-obj;1206151;3.000000;15.019362;14;50;3;53
lectsched-5-obj;1206151;15.000000;54.733040;7;170;4;174
leo1;1206151;530605779.573215;2.950107;3;66;1;67
leo2;1206151;572818097.713015;1.549961;3;109;3;112
liu;1206151;346.000000;11.096532;2;5;0;5
loopha13;1206151;6.279000;1.132999;2;175;0;175
lotsize;1206151;1335747.052789;7.405615;2;6;0;6
lr1dr02vc05v8a-t360;1206151;120707.344638;169.266715;1;966;0;966
lr1dr04vc05v17a-t360;1206151;247150.518188;322.854834;1;1667;1;1668
lr1dr12vc10v70b-t360;1206151;983958.597196;1051.434951;1;42476;9;42485
lr2-22dr3-333vc4v17a-t60;1206151;-72770.836006;244.127587;2;34926;8;34934
lrn;1206151;44373752.713965;53.546052;2;410;0;410
m100n500k4r1;1206151;-20.000000;-0.000000;3;7;0;7
macrophage;1206151;35.000000;209.000000;1;7;0;7
mad;1206151;0.000000;5.072970;1;2;0;2
manna81;1206151;-11868.000000;0.000000;3;49;0;49
map06;1206151;-406.181173;7.868443;1;1103;0;1103
map10;1206151;-602.176181;11.248146;1;1071;0;1071
map14;1206151;-778.549324;11.962355;1;1086;0;1086
map14860-20;1206151;-998.836419;10.400693;1;1348;0;1348
map16715-04;1206151;-296.267898;4.997036;1;1186;0;1186
map18;1206151;-932.782685;11.173489;1;1491;0;1491
map20;1206151;-998.836419;10.400693;1;1439;0;1439
mappingmesh3x3mpeg2i;1206151;10000.000000;156.247882;2;28;0;28
mario-t-hard5i;1206151;-4482.000000;96.185417;1;165;1;166
markshare1;1206151;230.000000;-0.000000;2;0;0;0
markshare2;1206151;454.000000;0.000000;2;0;0;0
markshare_4_0;1206151;226.000000;0.000000;2;0;0;0
markshare_5_0;1206151;337.000000;0.000000;2;0;0;0
mas74;1206151;10482.795280;3.103514;1;1;0;1
mas76;1206151;38893.903641;2.555097;1;1;0;1
maxgasflow;1206151;-53620694.316699;218.049274;2;53;0;53
mc11;1206151;13520.000000;-0.000000;2;28;0;28
mc7;1206151;5797.000000;-0.000000;2;28;0;28
mc8;1206151;1944.000000;-0.000000;2;29;0;29
mcsched;1206151;474351.816438;29.021488;2;149;0;149
methanosarcina;1206151;0.000000;282.500000;1;58;0;58
mik-250-1-100-1;1206151;-0.000000;0.000000;2;1;0;1
mik-250-20-75-1;1206151;0.000000;0.000000;2;2;0;2
mik-250-20-75-2;1206151;-0.000000;-0.000000;2;2;0;2
mik-250-20-75-3;1206151;-0.000000;-0.000000;2;2;0;2
mik-250-20-75-4;1206151;-0.000000;-0.000000;2;2;0;2
mik-250-20-75-5;1206151;0.000000;-0.000000;2;2;0;2
milo-v12-6-r1-58-1;1206151;422507.582835;147.061179;2;144;0;144
milo-v12-6-r1-75-1;1206151;684446.509887;174.270141;2;162;0;162
milo-v12-6-r2-40-1;1206151;213638.744473;104.126887;2;99;0;99
milo-v13-4-3d-3-0;1206151;23373.122645;0.739975;1;15;0;15
milo-v13-4-3d-4-0;1206151;34049.245605;1.277727;1;32;0;32
mine-166-5;1206151;-552883467.060796;36.684884;5;128;0;128
mine-90-10;1206151;-827656854.061004;55.076435;1;82;0;82
mining;1206151;-885911894.603839;8594.317279;65;70881;1322;72203
minutedispatchstrategy;1206151;3582.138213;101.664381;1441;1929;639;2568
misc07;1206151;1415.000000;8.000000;1;2;0;2
mitre;1206151;114908.998992;168.716846;1;60;0;60
mkc;1206151;-349.170000;-0.000000;3;29;0;29
mkc1;1206151;-569.390000;7.047075;3;31;0;31
mod010;1206151;6532.083333;15.166667;1;14;0;14
modglob;1206151;20786787.016883;-0.000000;2;1;0;1
moj-mining;1206151;-1520532907.350179;566.626558;2;47066;0;47066
momentum1;1206151;121860.460323;47.487111;2;130;0;130
momentum2;1206151;12884.172158;84.534262;3;502;1;503
mrcpspj30-15-5i;1206151;23.000000;69.031311;2;54;0;54
mrcpspj30-17-10i;1206151;25.000000;214.284271;24;110;8;118
mrcpspj30-53-3i;1206151;30.000000;33.607920;2;45;0;45
msc98-ip;1206151;19530897.712302;328.031779;2;1074;1;1075
mspp16;1206151;341.000000;3.000000;1;24008;143;24151
mspsphard01i;1206151;69.000000;45.003105;3;59;1;60
mspsphard03i;1206151;73.000000;92.938259;11;95;6;101
mtest4ma;1206151;60342.000000;0.000000;2;2;0;2
mushroom-best;1206151;0.079076;0.007000;3;283;3;286
mzzv11;1206151;-22076.000000;186.202623;2;289;1;290
mzzv42z;1206151;-20490.000000;179.192264;2;275;1;276
n13-3;1206151;4810470.000000;0.000000;2;2;0;2
n15-3;1206151;71710891.000000;0.000000;2;4705;0;4705
n2seq36f;1206151;71600.000000;-0.000000;3;34;0;34
n2seq36q;1206151;116003.593822;43.392098;3;153;3;156
n3-3;1206151;23704230.000000;0.000000;2;132;0;132
n3700;1206151;1342560.000000;0.000000;2;26;0;26
n3705;1206151;1342540.000000;0.000000;2;47;0;47
n3707;1206151;1301218.000000;0.000000;2;30;0;30
n3709;1206151;1324904.000000;-0.000000;2;26;0;26
n370a;1206151;1353042.000000;-0.000000;2;26;0;26
n370b;1206151;1373791.000000;-0.000000;2;27;0;27
n3div36;1206151;314000.000000;6.227888;3;127;4;131
n3seq24;1206151;198664.580534;43.960251;3;2292;42;2334
n4-3;1206151;12003175.000000;-0.000000;2;57;0;57
n5-3;1206151;10502425.000000;-0.000000;2;15;0;15
n6-3;1206151;10807500.000000;0.000000;2;51;0;51
n7-3;1206151;8409710.000000;0.000000;2;40;0;40
n9-3;1206151;20705025.000000;-0.000000;2;136;0;136
nag;1206151;465.000000;11.321381;3;48;0;48
neos-1061020;1206151;-145860.370608;501.435811;1;888;1;889
neos-1067731;1206151;669053.000000;87.000000;1;635;0;635
neos-1109824;1206151;278.000000;22.000000;1;38;0;38
neos-1112782;1206151;22000000110147.347656;0.000000;2;26;0;26
neos-1112787;1206151;19500000125389.667969;0.000000;2;24;0;24
neos-1122047;1206151;162.000000;0.000000;2;109;0;109
neos-1171448;1206151;-309.000000;5.777778;2;116;0;116
neos-1171692;1206151;-273.000000;4.936782;2;43;0;43
neos-1171737;1206151;-195.000000;9.875000;2;48;0;48
neos-1225589;1206151;5000000000.000000;-0.000000;2;1;0;1
neos-1311124;1206151;-182.000000;5.250000;2;3;0;3
neos-1324574;1206151;36.000000;135.000000;2;33;0;33
neos-1330346;1206151;33.000000;92.391391;2;53;0;53
neos-1337307;1206151;-201272.000000;272.493985;2;54;0;54
neos-1354092;1206151;46.000000;235.398385;2;1031;2;1033
neos-1367061;1206151;31320456.264497;6.250000;2;976;1;977
neos-1396125;1206151;3000.046554;10.228463;2;7;0;7
neos-1420546;1206151;22124.400000;103.140678;1;371;0;371
neos-1420790;1206151;2942.750002;75.132359;1;48;0;48
neos-1423785;1206151;-1773.639422;144.183541;2;349;0;349
neos-1425699;1206151;3175561447.505317;0.344988;1;0;0;0
neos-1426635;1206151;-178.000000;6.235119;2;2;0;2
neos-1426662;1206151;-52.000000;24.768519;2;4;0;4
neos-1429212;1206151;2425.386455;328.355033;1;4413;8;4421
neos-1430701;1206151;-78.000000;5.278895;2;2;0;2
neos-1436709;1206151;-129.000000;5.000000;2;3;0;3
neos-1440225;1206151;36.000000;33.201799;1;69;0;69
neos-1440460;1206151;-180.000000;5.527778;2;2;0;2
neos-1442119;1206151;-182.000000;7.291667;2;3;0;3
neos-1442657;1206151;-156.000000;6.083333;2;3;0;3
neos-1445532;1206151;-14382.000000;4.666667;2;24;0;24
neos-1445738;1206151;-18525.765543;192.856918;1;1037;0;1037
neos-1445743;1206151;-18902.810023;198.050465;1;1150;0;1150
neos-1445765;1206151;-18811.492536;210.050240;1;1113;0;1113
neos-1456979;1206151;154.000000;27.901173;1;49;0;49
neos-1516309;1206151;34769.833333;9.166667;2;28;0;28
neos-1582420;1206151;88.398466;56.499668;5;39;0;39
neos-1593097;1206151;19581.000000;35.532718;1;41;0;41
neos-1599274;1206151;31644.742857;8.000000;2;35;0;35
neos-1601936;1206151;1.000000;155.123290;1;666;0;666
neos-1603965;1206151;619257281.729080;159.273944;3;2217;1;2218
neos-1605061;1206151;6.150735;154.264928;1;2385;0;2385
neos-1605075;1206151;3.214461;180.849737;1;2299;0;2299
neos-1616732;1206151;174.000000;-0.000000;3;62;0;62
neos-1620770;1206151;22.000000;35.000000;2;216;0;216
neos-2294525-abba;1206151;251.550909;6.559286;1;93;0;93
neos-2328163-agri;1206151;27254.625000;58.500000;1;161;0;161
neos-2624317-amur;1206151;0.000000;22.010124;1;2;0;2
neos-2629914-sudost;1206151;39622.000000;15.492958;1;218;0;218
neos-2652786-brda;1206151;0.000000;13.689689;2;2;0;2
neos-2657525-crna;1206151;0.000000;17.653532;2;1;0;1
neos-2669500-cust;1206151;2221.900000;100.250838;1;470;4;474
neos-2746589-doon;1206151;1985.939796;54.551734;1;197;2;199
neos-2974461-ibar;1206151;472952396.770997;3364.000000;2;184436;32;184468
neos-2978193-inde;1206151;-2.418518;7.400000;1;62;0;62
neos-2978205-isar;1206151;-12.415307;29.800000;1;203;0;203
neos-2987202-jeir;1206151;-1847551552.236609;1035.632796;2;61961;1;61962
neos-2987310-joes;1206151;-610797465.676974;19.875000;2;883;0;883
neos-2991472-kalu;1206151;138.000000;19.673706;2;3116;85;3201
neos-3004026-krka;1206151;0.000000;832.000000;1;66;0;66
neos-3009394-lami;1206151;0.642857;216.571429;2;4;0;4
neos-3024952-loue;1206151;25442.000000;116.550000;5;234;0;234
neos-3025225-shelon;1206151;0.077135;318.031391;1;87245;21;87266
neos-3046601-motu;1206151;185.000000;0.023300;2;0;0;0
neos-3046615-murg;1206151;192.000000;0.024900;2;0;0;0
neos-3048764-nadi;1206151;-3883988306.366695;0.000000;1;33;0;33
neos-3065804-namu;1206151;0.000000;0.000000;1;213;0;213
neos-3068746-nene;1206151;77427529.530929;51.698455;2;147;0;147
neos-3072252-nete;1206151;10593526.000000;1.938794;2;1;0;1
neos-3075395-nile;1206151;1127152.765198;9.064729;1;75;0;75
neos-3083784-nive;1206151;0.000000;0.331201;1;5;0;5
neos-3083819-nubu;1206151;6290575.552807;5.598385;1;37;0;37
neos-3116779-oban;1206151;0.000000;0.000000;1;24;0;24
neos-3118745-obra;1206151;291.000000;-0.000000;3;4;0;4
neos-3148108-pahi;1206151;0.000000;0.000000;1;69;1;70
neos-3209462-rhin;1206151;0.000000;47.352227;2;4306;1;4307
neos-3209519-ruhr;1206151;332.850000;25.096416;1;49;0;49
neos-3214367-sovi;1206151;87807.062267;84.903917;1;1821;0;1821
neos-3216931-puriri;1206151;58817.360975;50.614467;1;720;0;720
neos-3226448-wkra;1206151;0.000000;512.043709;1;747;0;747
neos-3237086-abava;1206151;0.000000;56.000000;1;221;2;223
neos-3322547-alsek;1206151;616.000000;115.178534;2;10209;72;10281
neos-3352863-ancoa;1206151;43800.000000;-0.000000;3;689;13;702
neos-3354841-apure;1206151;48560.000000;3.800000;1;2014;22;2036
neos-3355120-tarago;1206151;-19761147.469026;129.215110;1;688;1;689
neos-3355323-arnon;1206151;0.000000;21.818182;4;78;3;81
neos-3372571-onahau;1206151;0.576990;8.695953;2;1215;0;1215
neos-3373491-avoca;1206151;21687686014.015354;20.812587;1;13;0;13
neos-3381206-awhea;1206151;432.000000;61.334767;2;7;0;7
neos-3402294-bobin;1206151;0.000000;50.999394;1;243;2;245
neos-3426085-ticino;1206151;235.000000;41.787470;3;32;0;32
neos-3426132-dieze;1206151;427.000000;103.670666;2;53;1;54
neos-3437289-erdre;1206151;0.000000;0.000000;1;74;1;75
neos-3530903-gauja;1206151;170.000000;33.253136;3;5;0;5
neos-3530905-gaula;1206151;153.000000;29.042208;2;4;0;4
neos-3555904-turama;1206151;-37.915768;1724.960719;3;6060;5;6065
neos-3572885-glina;1206151;0.000000;0.000000;1;81;1;82
neos-3581454-haast;1206151;1969.000000;47.338710;1;80;0;80
neos-3592146-hawea;1206151;7345804.855333;13.281253;1;44;0;44
neos-3594536-henty;1206151;383310.000000;1311.000000;1;71;1;72
neos-3603137-hoteo;1206151;0.000000;34.297619;3;43;1;44
neos-3610040-iskar;1206151;37.165417;2.262083;2;2;0;2
neos-3610051-istra;1206151;48.227558;5.054237;2;5;0;5
neos-3610173-itata;1206151;147.441250;3.692500;2;4;0;4
neos-3611447-jijia;1206151;116.645382;2.294795;2;2;0;2
neos-3611689-kaihu;1206151;138.382063;1.574126;2;2;0;2
neos-3615091-sutlej;1206151;-1506391.117177;161.684320;1;1569;9;1578
neos-3627168-kasai;1206151;1028641.180000;2.678667;2;3;0;3
neos-3634244-kauru;1206151;0.000000;152.720000;1;3714;3;3717
neos-3636886-kereu;1206151;1114.701601;0.001506;2;53;1;54
neos-3660371-kurow;1206151;286.534383;20.430958;1;13;0;13
neos-3661949-lesse;1206151;689000000.000000;0.000000;1;2;0;2
neos-3665875-lesum;1206151;248.325000;40.407566;2;60;0;60
neos-3682128-sandon;1206151;30098104.111687;108.126984;2;75;0;75
neos-3691541-lonja;1206151;-0.061575;9.639780;1;53;0;53
neos-3695882-vesdre;1206151;-145935.214286;39.000000;1;259;1;260
neos-3696678-lyvia;1206151;83.750000;63.000000;1;5;0;5
neos-3699377-maori;1206151;135877.224265;88.955274;2;98;0;98
neos-3703351-marne;1206151;317056.210386;65.821369;2;49;0;49
neos-3740487-motru;1206151;152.145486;76.975427;2;38598;70;38668
neos-3754480-nidda;1206151;-1216923.270104;12.186832;1;2;0;2
neos-3755335-nizao;1206151;50.030157;72.539921;2;482;1;483
neos-3759587-noosa;1206151;48.334468;4.400000;3;308;2;310
neos-3761878-oglio;1206151;422769.022545;66.784000;2;46;0;46
neos-3762025-ognon;1206151;603955.746492;49.449230;2;34;0;34
neos-4165869-wannon;1206151;285.150608;106.929165;2;627;1;628
neos-4230265-orari;1206151;38515515.684909;56.957317;3;2578;1;2579
neos-4260495-otere;1206151;3462.928116;143.832637;3;537;8;545
neos-4264598-oueme;1206151;4719412304.625630;65.571331;2;1956;1;1957
neos-4285819-pedja;1206151;34.451960;101.159938;2;297969;60;298029
neos-4290317-perth;1206151;3613303.634755;0.000000;2;1771;0;1771
neos-4295773-pissa;1206151;0.000000;1644.289474;1;5610;4;5614
neos-4300652-rahue;1206151;0.000000;31.333333;1;644;1;645
neos-4306827-ravan;1206151;-26673.307580;194.882805;2;353;4;357
neos-4321076-ruwer;1206151;1880.558333;39.333333;1;19621;1;19622
neos-4322846-ryton;1206151;0.419848;24.872919;1;605;5;610
neos-4332801-seret;1206151;233683.594384;172.168422;3;262;5;267
neos-4332810-sesia;1206151;-23062.998566;161.354975;3;251;5;256
neos-4333464-siret;1206151;24.688318;0.121324;2;8;0;8
neos-4333596-skien;1206151;-14653654.846569;0.746303;1;2;0;2
neos-4335793-snake;1206151;0.123684;141.753072;2;1290;1;1291
neos-4338804-snowy;1206151;1447.000000;21.239000;3;3;0;3
neos-4343293-stony;1206151;52.758728;0.200000;2;49;0;49
neos-4355351-swalm;1206151;33.854869;0.094819;2;151;3;154
neos-4358725-tagus;1206151;1889548.577948;203.435939;2;671;0;671
neos-4359986-taipa;1206151;0.395578;39.118149;1;851;1;852
neos-4360552-sangro;1206151;-29.500000;576.481637;1;8714;1;8715
neos-4387871-tavua;1206151;36.445048;0.200000;2;42;0;42
neos-4391920-timok;1206151;0.000378;34.957374;1;5853;5;5858
neos-4393408-tinui;1206151;340.267489;0.200000;2;41;0;41
neos-4408804-prosna;1206151;914.483516;71.708791;1;3393;1;3394
neos-4409277-trave;1206151;0.000000;350.162065;1;1855;1;1856
neos-4413714-turia;1206151;43.474651;371.333441;1;1873;10;1883
neos-4532248-waihi;1206151;0.370420;27.004111;1;3964;4;3968
neos-4533806-waima;1206151;3063.318841;49.500000;1;938;4;942
neos-4545615-waita;1206151;3606.594190;54.131913;1;18642;41;18683
neos-4555749-wards;1206151;3026.812121;34.998623;1;897;5;902
neos-4562542-watut;1206151;3743.304348;42.380485;1;2931;8;2939
neos-4647027-thurso;1206151;26911.641616;130.575703;1;2238;0;2238
neos-4647030-tutaki;1206151;26911.641616;131.360812;1;2896;0;2896
neos-4647032-veleka;1206151;26587.908699;174.943874;1;3436;0;3436
neos-4650160-yukon;1206151;-22633.302692;150.257047;1;4;0;4
neos-4722843-widden;1206151;63671.455263;748.515195;3;334;7;341
neos-4724674-aorere;1206151;3955.706101;89.034940;3;343;6;349
neos-4736745-arroux;1206151;262263446.114579;4.100609;2;35;0;35
neos-4738912-atrato;1206151;323678468.688703;3.843750;2;30;0;30
neos-4754521-awarau;1206151;0.000000;0.000000;1;1084;6;1090
neos-4760493-puerua;1206151;1908.243695;237.071976;1;33149;2;33151
neos-476283;1206151;406.244708;13.663873;1;6411;0;6411
neos-4763324-toguru;1206151;1120.986062;232.945926;1;31963;2;31965
neos-4797081-pakoka;1206151;0.000000;995.738455;1;6380;2;6382
neos-4805882-barwon;1206151;22058.983698;108.041076;3;206;1;207
neos-480878;1206151;515.138796;4.583278;2;18;0;18
neos-4954274-beardy;1206151;18659.208282;287.749893;2;974;2;976
neos-4954672-berkel;1206151;3491016.775148;2.808176;2;2;0;2
neos-4966258-blicks;1206151;366.090909;30.789773;2;1107;1;1108
neos-4971100-bodrog;1206151;-0.000000;0.000000;1;52;0;52
neos-4972437-bojana;1206151;357.086296;28.765194;2;6965;2;6967
neos-4972461-bolong;1206151;466.511858;34.763016;2;7722;2;7724
neos-4976951-bunnoo;1206151;377.416466;27.913354;2;6134;2;6136
neos-4984115-canche;1206151;-9947088.084138;0.363560;1;12;0;12
neos-498623;1206151;16.283333;46.801587;1;97;0;97
neos-5013590-toitoi;1206151;1064.447092;169.000000;1;14598;1;14599
neos-5018451-chiese;1206151;-148612315.605332;10.652915;1;1321;0;1321
neos-503737;1206151;50.000000;47.918146;1;31;0;31
neos-5041822-cockle;1206151;5701464.927099;174.422554;3;828;3;831
neos-5044663-wairoa;1206151;4653100.000000;573.309583;1;16436;1;16437
neos-5045105-creuse;1206151;19.066671;17.680786;1;59;0;59
neos-5049753-cuanza;1206151;464.000000;46.400000;1;1824;2;1826
neos-5051588-culgoa;1206151;128.750000;30.632366;1;96;0;96
neos-5052403-cygnet;1206151;219.007927;94.805311;8;36652;169;36821
neos-506422;1206151;0.000000;7.000000;1;137;0;137
neos-506428;1206151;145945.000000;96.000000;1;1092;3;1095
neos-5075914-elvire;1206151;305.493099;56.895754;2;95;0;95
neos-5076235-embley;1206151;1930.000000;0.112088;2;499;0;499
neos-5078479-escaut;1206151;7438.416728;53.893699;2;122;0;122
neos-5079731-flyers;1206151;2004.000000;1.153846;2;467;0;467
neos-5083528-gimone;1206151;0.000000;17.250000;1;212;3;215
neos-5093327-huahum;1206151;3934.000000;1.858333;2;578;0;578
neos-5100895-inster;1206151;2084.000000;3.428571;2;383;0;383
neos-5102383-irwell;1206151;1740.000000;2.593407;2;542;0;542
neos-5104907-jarama;1206151;648.590198;48.358189;2;7002;3;7005
neos-5106984-jizera;1206151;721.000000;2.257143;2;2789;3;2792
neos-5107597-kakapo;1206151;0.000000;0.591250;2;34;0;34
neos-5108386-kalang;1206151;621.655661;37.918891;2;15001;4;15005
neos-5114902-kasavu;1206151;518.000000;86.333333;1;7701;5;7706
neos-5115478-kaveri;1206151;0.000000;0.529375;2;39;0;39
neos-5116085-kenana;1206151;452.000000;75.333333;1;5366;3;5369
neos-5118834-korana;1206151;583.521384;84.165894;2;12691;4;12695
neos-5118851-kowhai;1206151;1134.000000;4.250000;2;3489;5;3494
neos-5123665-limmat;1206151;654.150497;48.317256;2;19164;5;19169
neos-5125849-lopori;1206151;0.000000;5.984639;1;37;0;37
neos-5129192-manaia;1206151;0.000000;4.000000;1;3296;11;3307
neos-5138690-middle;1206151;609.154239;77.027095;2;17786;5;17791
neos-5140963-mincio;1206151;8877.000000;2.142857;1;1;0;1
neos-5149806-wieprz;1206151;45.000000;7.634481;3;379;9;388
neos-5151569-mologa;1206151;686014018.994231;27.888300;2;2567;2;2569
neos-5178119-nalagi;1206151;8.569859;24.379086;2;83;1;84
neos-5182409-nasivi;1206151;0.000000;19.712425;1;7;0;7
neos-5188808-nattai;1206151;0.000000;13.355766;1;514;0;514
neos-5189128-totara;1206151;330131.390743;21.863581;1;916;2;918
neos-5192052-neckar;1206151;-11980000.000000;0.400000;2;0;0;0
neos-5193246-nerang;1206151;0.000000;427.000890;1;239;0;239
neos-5195221-niemur;1206151;0.000000;364.863502;1;306;0;306
neos-5196530-nuhaka;1206151;0.000000;406.675411;1;335;0;335
neos-520729;1206151;-1389625.000000;9.185238;1;472;0;472
neos-5221106-oparau;1206151;0.000000;33.949758;1;550;1;551
neos-525149;1206151;60.000000;40.416667;1;33;0;33
neos-5260764-orauea;1206151;58748.022532;8.725559;1;67;0;67
neos-5261882-treska;1206151;26047.998000;6.157765;1;6;0;6
neos-5266653-tugela;1206151;21659.678723;20.155553;1;124;1;125
neos-555001;1206151;962625.000000;32.414286;1;8;0;8
neos-555343;1206151;1346700.000000;157.193056;4;9;0;9
neos-555424;1206151;1286800.000000;144.027778;1;41;0;41
neos-555884;1206151;1112400.000000;165.150000;1;34;0;34
neos-565672;1206151;55015.268433;57.351362;4;13257;19;13276
neos-574665;1206151;5932913.752734;8.390264;3;4;0;4
neos-578379;1206151;0.000000;99.171812;1;2023;1;2024
neos-585192;1206151;384.328979;0.433130;2;11;0;11
neos-585467;1206151;347.224531;0.316538;2;8;0;8
neos-595904;1206151;61213.471080;16.893904;2;73;0;73
neos-619167;1206151;1.481241;34.850492;1;110;0;110
neos-631517;1206151;6999347.296879;55.400180;2;9;0;9
neos-631710;1206151;286.000000;225.464535;2;1038;19;1057
neos-633273;1206151;6996841097.997801;0.000000;1;202;0;202
neos-662469;1206151;184342.980720;94.063832;1;495;1;496
neos-686190;1206151;5134.813830;17.515957;1;41;0;41
neos-691058;1206151;263.400000;89.445421;1;133;0;133
neos-693347;1206151;234.000000;78.661138;1;765;0;765
neos-738098;1206151;-1099.000000;195.489493;1;273;0;273
neos-777800;1206151;-80.000000;74.416196;1;60;0;60
neos-780889;1206151;3421500.000000;0.000000;1;352;6;358
neos-787933;1206151;30.000000;0.000000;1;1;0;1
neos-799711;1206151;-11228065.153797;78.369325;1;931;0;931
neos-799716;1206151;4932670.661692;20.807498;1;79;0;79
neos-807639;1206151;332.924117;12.512286;1;7;0;7
neos-820879;1206151;24874.267857;63.030000;1;80;0;80
neos-824661;1206151;55.000000;94.965217;2;255;1;256
neos-824695;1206151;43.000000;61.571429;2;106;0;106
neos-826224;1206151;124.000000;43.333333;2;224;2;226
neos-826650;1206151;32.000000;154.916667;2;48;0;48
neos-826694;1206151;72.000000;221.851190;2;128;1;129
neos-826812;1206151;69.011000;175.561360;3;123;1;124
neos-826841;1206151;32.008200;127.466667;2;42;0;42
neos-827015;1206151;2.098071;332.649497;1;1915;3;1918
neos-827175;1206151;115.001520;111.833333;2;143;1;144
neos-829552;1206151;2.098071;248.920991;1;1578;1;1579
neos-831188;1206151;1.767720;87.466667;1;51;0;51
neos-847302;1206151;0.000000;46.902472;1;58;0;58
neos-848198;1206151;168977.000000;-0.000000;2;135;0;135
neos-848589;1206151;0.000000;1.000000;1;1127;1;1128
neos-849702;1206151;0.000000;87.450805;1;18;0;18
neos-850681;1206151;2087.000000;50.000000;1;111;0;111
neos-860300;1206151;2035.362225;9.000000;1;40;0;40
neos-872648;1206151;52.671483;0.000000;2;1016;7;1023
neos-873061;1206151;135.208828;0.000000;2;1300;7;1307
neos-876808;1206151;169615.062608;275.400000;2;2634;2;2636
neos-885086;1206151;-243.000000;18.235808;2;201;0;201
neos-885524;1206151;12397.479000;5.525486;3;67;3;70
neos-911880;1206151;23.260000;16.155343;1;2;0;2
neos-911970;1206151;23.260000;14.456206;1;2;0;2
neos-913984;1206151;1000.000000;32.223499;1;169;3;172
neos-914441;1206151;5660364.283770;102.051261;1;2166;0;2166
neos-916792;1206151;26.283217;17.068306;2;110;0;110
neos-932721;1206151;513000.000000;-0.000000;2;58;0;58
neos-932816;1206151;513000.000000;0.000000;2;118;1;119
neos-933562;1206151;0.000000;82.687196;1;32;0;32
neos-933638;1206151;474007.000000;0.000000;2;176;1;177
neos-933966;1206151;412038.000000;0.000000;2;125;1;126
neos-934278;1206151;456006.000000;0.000000;2;309;1;310
neos-935234;1206151;436011.000000;0.000000;2;292;1;293
neos-935627;1206151;23250.000000;0.000000;2;315;1;316
neos-935769;1206151;23520.000000;-0.000000;2;307;1;308
neos-937511;1206151;52640.000000;-0.000000;2;396;1;397
neos-937815;1206151;53510.000000;-0.000000;2;420;1;421
neos-941262;1206151;51733.000000;-0.000000;2;423;1;424
neos-941313;1206151;9361.000000;209.984127;1;468;5;473
neos-942830;1206151;12.000000;64.350128;2;25;0;25
neos-948126;1206151;52602.000000;-0.000000;2;329;1;330
neos-948346;1206151;-183.450878;30.429691;5;447;17;464
neos-950242;1206151;2.000000;42.000000;2;102;1;103
neos-953928;1206151;-8.906667;12.942467;4;135;4;139
neos-954925;1206151;-160.787389;33.890744;4;399;15;414
neos-956971;1206151;-106.788318;33.852264;4;518;17;535
neos-957143;1206151;-185.847699;34.060881;5;561;14;575
neos-957323;1206151;-218.785116;18.500000;3;277;9;286
neos-957389;1206151;1.500000;23.329101;1;73;1;74
neos-960392;1206151;-238.000000;301.558442;1;246;3;249
neos-983171;1206151;52403.000000;0.000000;2;344;1;345
neos-984165;1206151;51812.000000;0.000000;2;414;1;415
neos13;1206151;-126.178378;42.160092;2;164;0;164
neos15;1206151;143201.242910;0.000000;2;1;0;1
neos16;1206151;429.000000;13.714286;3;4;0;4
neos17;1206151;0.222688;0.000000;2;7;0;7
neos18;1206151;12.000000;37.833333;5;106;0;106
neos2;1206151;-4407.097239;5.158588;1;4;0;4
neos22;1206151;790282.857143;12.207143;2;36;0;36
neos5;1206151;17.250000;0.000000;2;1;0;1
neos6;1206151;114.038055;32.275044;6;262;7;269
neos8;1206151;-3309.500000;20.750000;3;26;0;26
neos808444;1206151;0.000000;198.728752;1;205;1;206
neos9;1206151;780.000000;44.250000;1;281;0;281
net12;1206151;47.514236;134.516319;3;1127;1;1128
netdiversion;1206151;454.000000;754.600000;3;7454;15;7469
newdano;1206151;11.724138;8.447296;1;2;0;2
nexp-150-20-1-5;1206151;74.000000;-0.000000;3;35;0;35
nexp-150-20-8-5;1206151;552.000000;-0.000000;2;69;1;70
nexp-50-20-1-1;1206151;35.000000;-0.000000;2;1;0;1
nexp-50-20-4-2;1206151;120.000000;0.000000;2;2;0;2
nh97_potential;1206151;1461.000000;72.750000;2;6;0;6
nh97_tension;1206151;1429.000000;76.466667;2;2;0;2
nj1;1206151;0.000000;607.000000;1;469;1;470
nj2;1206151;0.000000;607.000000;1;699;1;700
nj3;1206151;0.000000;607.000000;1;1773;1;1774
nobel-eu-DBE;1206151;7662120.000000;0.000000;2;94;0;94
noswot;1206151;-39.920111;4.557455;3;1;0;1
ns1111636;1206151;96.250000;17.588542;1;310;1;311
ns1116954;1206151;0.000000;154.227320;1;775;1;776
ns1208400;1206151;0.000000;92.146914;1;35;0;35
ns1430538;1206151;73.621609;10.751709;1;400;0;400
ns1456591;1206151;361.939022;19.000000;1;110;0;110
ns1606230;1206151;13.225000;179.621722;1;2091;0;2091
ns1631475;1206151;94800.000000;643.196596;2;1201;2;1203
ns1679495;1206151;3355407.151677;106.229642;2;47181;9;47190
ns1685374;1206151;-51.800913;96.218654;1;2236;1;2237
ns1688347;1206151;2.259259;74.205225;1;363;0;363
ns1690781;1206151;-1022.227789;60.056795;2;84;0;84
ns1696083;1206151;2.038462;48.811865;1;477;1;478
ns1758913;1206151;-1473.311978;85.635340;1;8045;4;8049
ns1760995;1206151;-1349.487943;142.000000;1;14582;7;14589
ns1778858;1206151;-22635740.000000;227.465047;2;282;0;282
ns1828997;1206151;0.000000;75.000000;1;1112;1;1113
ns1830653;1206151;7083.000000;59.569632;1;84;0;84
ns1849932;1206151;546.000000;6.131653;1;1041;5;1046
ns1853823;1206151;1172000.000000;1345.731857;2;42875;24;42899
ns1854840;1206151;1664000.000000;1124.615817;2;8657;13;8670
ns1856153;1206151;0.000000;203.675428;2;180;1;181
ns1904248;1206151;0.000000;476.666667;3;2482;7;2489
ns1905797;1206151;11.750980;32.426504;1;216;1;217
ns1905800;1206151;6.436600;26.487503;1;47;0;47
ns1952667;1206151;0.000000;9.316422;1;188;1;189
ns2017839;1206151;77026841466348.468750;1.620352;2;4957;0;4957
ns2034125;1206151;24740.000000;429.218830;2;2710;0;2710
ns2071214;1206151;0.000000;53.955240;1;82;0;82
ns2081729;1206151;4.600000;0.174500;2;2;0;2
ns2122698;1206151;62785.622771;196.156523;1;369;1;370
ns2124243;1206151;53998.333333;186.527778;1;271;1;272
ns2137859;1206151;24629.000000;56.954851;1;99;0;99
ns4-pr3;1206151;711323.000000;0.000000;2;132;0;132
ns4-pr6;1206151;395464.500000;0.000000;2;33;0;33
ns4-pr9;1206151;549125.000000;0.000000;2;74;0;74
ns894236;1206151;18.000000;109.321441;2;209;0;209
ns894244;1206151;16.000000;172.305570;2;507;1;508
ns894786;1206151;14.000000;98.226662;2;507;2;509
ns894788;1206151;7.000000;55.131615;2;90;0;90
ns903616;1206151;22.000000;175.549209;2;486;1;487
nsa;1206151;91.855632;7.418401;2;7;0;7
nsr8k;1206151;17500809.511815;639.470648;1;8920;3;8923
nsrand-ipx;1206151;68640.000000;0.000000;3;53;1;54
nu120-pr12;1206151;197775.000000;4.800000;2;44;0;44
nu120-pr3;1206151;511253.750000;28.016727;2;105;0;105
nu120-pr9;1206151;334880.000000;15.750000;2;75;0;75
nu25-pr12;1206151;297882.500000;4.233333;2;43;0;43
nu4-pr9;1206151;549125.000000;12.513333;2;72;0;72
nu60-pr9;1206151;386150.000000;12.150000;2;73;0;73
nucorsav;1206151;29.046100;74.292914;1;74035;133;74168
nursesched-medium-hint03;1206151;33.468485;463.947617;1;1100;3;1103
nursesched-medium04;1206151;452.000000;371.763072;2;805;6;811
nursesched-sprint-hidden09;1206151;516.944444;178.989683;2;327;2;329
nursesched-sprint-late03;1206151;34.254806;182.557279;1;337;1;338
nursesched-sprint02;1206151;154.416667;130.963542;2;203;2;205
nw04;1206151;16310.666667;2.000000;1;185;2;187
ofi;1206151;6135598681.449045;1321.867570;196;3386;97;3483
ofi2;1206151;6128453035.160096;1604.443623;184;6112;145;6257
oocsp-racks030e6cci;1206151;0.000000;547.447664;15;173;10;183
opm2-z10-s2;1206151;-21344.000000;0.000000;5;7301;7;7308
opm2-z10-s4;1206151;-20011.000000;-0.000000;5;7795;7;7802
opm2-z11-s8;1206151;-24077.000000;0.000000;5;10944;8;10952
opm2-z12-s14;1206151;-38546.000000;-0.000000;5;22974;13;22987
opm2-z12-s7;1206151;-33919.000000;-0.000000;5;25287;13;25300
opm2-z12-s8;1206151;-35083.000000;0.000000;6;27254;15;27269
opm2-z6-s1;1206151;-2356.000000;-0.000000;3;277;0;277
opm2-z7-s2;1206151;-7132.000000;-0.000000;4;716;2;718
opm2-z7-s8;1206151;-6856.000000;-0.000000;4;608;1;609
opm2-z8-s0;1206151;-8004.000000;0.000000;3;1430;2;1432
opt1217;1206151;-20.021390;10.060606;1;2;0;2
osorio-cta;1206151;0.000000;0.013388;1;46;0;46
p0201;1206151;7155.000000;10.900000;1;1;0;1
p100x588b;1206151;58977.000000;0.000000;2;1;0;1
p200x1188c;1206151;15747.000000;0.000000;2;2;0;2
p2756;1206151;2706.000000;24.070313;2;4;0;4
p500x2988;1206151;72594.000000;0.000000;2;29;0;29
p500x2988c;1206151;17212.000000;-0.000000;2;29;0;29
p500x2988d;1206151;6.000000;-0.000000;2;27;0;27
p6b;1206151;-53.000000;0.000000;3;50;0;50
p80x400b;1206151;45896.000000;-0.000000;2;1;0;1
pb-fit2d;1206151;-22363.768555;843.273209;1;6651;11;6662
pb-gfrd-pnc;1206151;8321.694589;42.993642;1;106;0;106
pb-grow22;1206151;-449654.852582;121.611433;1;411;0;411
pb-market-split8-70-4;1206151;0.000000;1.843507;1;0;0;0
pb-simp-nonunif;1206151;9.500000;280.033333;5;2402;11;2413
peg-solitaire-a3;1206151;1.000000;265.145532;1;325;0;325
pg;1206151;-11098.657382;17.215049;2;4;0;4
pg5_34;1206151;-16012.248077;18.476238;2;5;0;5
physiciansched3-3;1206151;2590923.193775;699.205074;3;16186;4;16190
physiciansched3-4;1206151;1460000.029192;507.419205;3;18914;3;18917
physiciansched5-3;1206151;20464.000000;133.462963;2;820;1;821
physiciansched6-1;1206151;10067.500000;253.698611;3;691;2;693
physiciansched6-2;1206151;47675.160783;435.646407;4;372;1;373
pigeon-08;1206151;-8000.000000;4.485714;1;2;0;2
pigeon-10;1206151;-10000.000000;8.022222;1;2;0;2
pigeon-11;1206151;-11000.000000;9.020000;1;3;0;3
pigeon-12;1206151;-12000.000000;10.018182;1;4;0;4
pigeon-13;1206151;-13000.000000;11.016667;1;3;0;3
pigeon-16;1206151;-16000.000000;34.984242;1;5;0;5
pigeon-19;1206151;-19000.000000;17.011111;1;6;0;6
pigeon-20;1206151;-20000.000000;26.250718;1;6;0;6
piperout-03;1206151;69590.490975;240.307638;7;299;2;301
piperout-08;1206151;99228.924471;298.804974;9;296;2;298
piperout-27;1206151;7146.876623;517.233607;684;305;236;541
piperout-d20;1206151;25601.416667;437.748324;2;668;1;669
piperout-d27;1206151;7199.340391;682.880995;2;866;1;867
pk1;1206151;0.000000;2.794444;1;0;0;0
polygonpack3-15;1206151;-114051612.169520;43.644898;3;981;5;986
polygonpack4-10;1206151;-93676953.470100;20.424622;3;370;2;372
polygonpack4-15;1206151;-114052801.790860;41.117829;3;1178;6;1184
polygonpack4-7;1206151;-75324958.874200;9.351513;3;182;1;183
polygonpack5-15;1206151;-66029981.130960;31.476023;3;1351;5;1356
pp08a;1206151;15000.000000;-0.000000;2;0;0;0
pp08aCUTS;1206151;16630.402442;0.000000;2;2;0;2
probportfolio;1206151;7.321966;24.067729;1;3;0;3
prod1;1206151;-55.000000;3.767946;2;2;0;2
prod2;1206151;-59.000000;4.566580;2;5;0;5
proteindesign121hz512p19;1206151;3197.772133;54.952462;1;5128;64;5192
proteindesign121hz512p9;1206151;1423.904449;59.959446;1;198;3;201
proteindesign121pgb11p9;1206151;1173.710433;48.788284;1;170;3;173
proteindesign122trx11p8;1206151;1720.461105;44.719330;1;207;3;210
protfold;1206151;0.000000;34.634891;2;32;0;32
pw-myciel4;1206151;4.000000;94.775204;4;7;0;7
pythago7824;1206151;0.000000;580.777778;6;769;2;771
pythago7825;1206151;0.000000;586.777778;8;835;3;838
qap10;1206151;332.566228;55.000000;1;421;0;421
qiu;1206151;1805.177158;0.000000;2;6;0;6
qnet1;1206151;89045.940000;7.221868;2;18;0;18
qnet1_o;1206151;93221.720000;0.000000;2;5;0;5
queens-30;1206151;-30.000000;0.000000;3;201;2;203
r4l4-02-tree-bounds-50;1206151;512370030.000000;648.050000;3;44;0;44
r50x360;1206151;2016.000000;-0.000000;2;1;0;1
r80x800;1206151;5520.000000;-0.000000;2;2;0;2
radiationm18-12-05;1206151;17561.353680;193.062229;2;68;0;68
radiationm40-10-02;1206151;155317.684921;698.420363;2;280;2;282
rail01;1206151;-90.767086;1608.458333;1;12973;3;12976
rail02;1206151;-206.092110;2179.300000;1;117402;8;117410
rail03;1206151;-919.222126;7606.865972;1;184740;27;184767
rail507;1206151;207.000000;-0.000000;3;239;4;243
railway_8_1_0;1206151;397.000000;46.034177;3;6;0;6
ramos3;1206151;440.000000;-0.000000;3;1389;0;1389
ran12x21;1206151;4080.000000;0.000000;2;0;0;0
ran13x13;1206151;3521.000000;0.000000;2;0;0;0
ran14x18-disj-8;1206151;12170.996653;0.000000;2;17;0;17
ran14x18;1206151;4265.000000;0.000000;2;0;0;0
ran16x16;1206151;4333.000000;0.000000;2;0;0;0
rd-rplusc-21;1206151;100.000000;3.709516;1;343;0;343
reblock115;1206151;-37981832.798944;238.100873;1;340;0;340
reblock166;1206151;-640892721.079106;86.859092;6;400;1;401
reblock354;1206151;-39586262.751951;411.245436;1;1040;0;1040
reblock420;1206151;-558825455.521724;213.947318;7;1816;3;1819
reblock67;1206151;-36575497.117631;131.415935;1;41;0;41
rfds-4-days;1206151;-1158940.978167;62.166667;1;17409;9;17418
rlp1;1206151;13.244444;9.961905;1;1;0;1
rmatr100-p10;1206151;360.593308;9.692735;1;238;0;238
rmatr100-p5;1206151;762.040054;5.000000;1;403;0;403
rmatr200-p10;1206151;1550.620783;10.000000;1;11115;0;11115
rmatr200-p20;1206151;688.357943;19.982266;1;3272;0;3272
rmatr200-p5;1206151;3283.653831;5.000000;1;12522;0;12522
rmine10;1206151;-1926.863820;886.708002;1;3232;1;3233
rmine11;1206151;-2522.047107;1304.350285;1;8476;1;8477
rmine13;1206151;-3504.619914;1108.274293;2;24496;5;24501
rmine14;1206151;-4310.694704;2228.265999;1;112104;3;112107
rmine15;1206151;-5042.482963;4267.046917;1;236796;4;236800
rmine6;1206151;-462.305727;106.725097;1;121;0;121
rocI-3-11;1206151;-110705.000000;55.887636;16;11;0;11
rocI-4-11;1206151;-11110705.000000;66.745360;17;38;1;39
rocII-10-11;1206151;-11.946851;198.052596;2;878;2;880
rocII-4-11;1206151;-11.867128;49.198977;2;53;0;53
rocII-5-11;1206151;-11.893702;59.199453;2;72;0;72
rocII-7-11;1206151;-11.924073;119.849935;1;185;0;185
rocII-8-11;1206151;-11.933564;159.333601;2;240;1;241
rocII-9-11;1206151;-11.940946;178.324932;2;329;2;331
rococoB10-011000;1206151;51207.000000;10.950589;5;118;0;118
rococoC10-001000;1206151;23730.000000;0.000000;6;25;0;25
rococoC11-010100;1206151;143170.000000;22.416868;2;156;0;156
rococoC11-011100;1206151;139407.000000;14.937663;2;115;0;115
rococoC12-010001;1206151;117774.000000;9.895179;2;191;1;192
rococoC12-111000;1206151;27337.357381;31.147270;1;245;0;245
roi2alpha3n4;1206151;-78.888089;8.000000;2;718;9;727
roi5alpha10n8;1206151;-84.342241;16.000000;2;1891;23;1914
roll3000;1206151;11939.645814;52.881579;2;22;0;22
rout;1206151;981.864286;10.233819;1;2;0;2
rpp22falsei;1206151;0.000000;74.210179;3;63;1;64
rvb-sub;1206151;11.206514;4.857143;1;719;4;723
s100;1206151;-0.170525;28.899744;1;19045;15;19060
s1234;1206151;0.361925;1.571653;2;808;0;808
s250r10;1206151;-0.168732;59.939334;2;7945;24;7969
s55;1206151;-22.151773;60.323192;1;1509;3;1512
satellites1-25;1206151;-20.000000;112.132767;1;569;0;569
satellites2-25;1206151;-29.000000;379.188850;1;30642;2;30644
satellites2-40;1206151;-29.000000;350.462240;1;25635;2;25637
satellites2-60-fs;1206151;-23.972601;437.642681;2;4688;2;4690
satellites2-60;1206151;-29.000000;350.462240;1;25470;2;25472
satellites3-25;1206151;-38.000000;748.576477;1;261958;4;261962
satellites3-40-fs;1206151;-32.664860;836.453067;2;27110;6;27116
satellites3-40;1206151;-38.000000;764.579864;1;215485;4;215489
savsched1;1206151;8400.875000;-0.000000;3;63347;42;63389
scpj4scip;1206151;183.000000;-0.000000;3;1290;25;1315
scpk4;1206151;389.000000;0.000000;3;2642;24;2666
scpl4;1206151;360.000000;-0.000000;3;4740;51;4791
scpm1;1206151;774.000000;0.000000;3;44428;131;44559
scpn2;1206151;741.000000;-0.000000;3;69969;243;70212
sct1;1206151;-186.838854;85.284884;2;1093;1;1094
sct2;1206151;-86.372659;17.837708;2;59;0;59
sct31;1206151;186.783515;24.423168;2;224;0;224
sct32;1206151;51.266438;45.043874;2;508;1;509
sct5;1206151;-227.029312;28.919325;2;468;2;470
seqsolve1;1206151;4770.293168;265.188388;24;5489;131;5620
seqsolve2short4288;1206151;20.396875;318.804378;4;6642;23;6665
seqsolve3short4288excess384;1206151;-43472.799518;407.473201;8;10316;47;10363
set1ch;1206151;107691.500000;-0.000000;2;1;0;1
set3-09;1206151;1263.077974;13.704533;2;10;0;10
set3-10;1206151;788.890655;13.953500;2;9;0;9
set3-15;1206151;8364.040745;17.366709;2;16;0;16
set3-16;1206151;9916.808562;19.040932;2;14;0;14
set3-20;1206151;10347.381087;16.724301;2;11;0;11
seymour-disj-10;1206151;331.000001;-0.000000;4;1754;2;1756
seymour;1206151;452.000000;0.000000;3;224;0;224
seymour1;1206151;419.891318;-0.000000;3;212;0;212
shiftreg1-4;1206151;131.656032;170.412698;1;39;0;39
shiftreg2-7;1206151;206.733052;112.525005;1;68;0;68
shiftreg5-1;1206151;520.839888;531.003874;1;316;0;316
shipsched;1206151;-0.000000;8.077417;4;82;0;82
shipschedule3shipsi;1206151;-265650.000000;353.645640;12;55;2;57
shipschedule6shipsmixi;1206151;-301650.000000;713.080672;9;88;3;91
shipschedule8shipsmixuci;1206151;-401100.000000;523.185400;11;89;5;94
shs1014;1206151;22137.410363;320.475000;1;36790;19;36809
shs1042;1206151;10404.662711;568.781970;1;34531;20;34551
siena1;1206151;10163179.229002;146.859338;1;1327;2;1329
sing11;1206151;18640171.224643;243.132649;1;7225;4;7229
sing161;1206151;19071259.113926;685.480441;1;71818;20;71838
sing17;1206151;35483848.876513;472.456436;1;26773;11;26784
sing2;1206151;17150914.716940;256.737979;1;1811;1;1812
sing245;1206151;25024015.754083;395.965975;1;12112;6;12118
sing326;1206151;7717674.801189;172.968798;1;2506;2;2508
sing359;1206151;22534478.962498;889.129081;1;81572;18;81590
sing44;1206151;8102513.219400;139.469372;1;2931;2;2933
sing5;1206151;18418516.013137;236.754039;1;2823;3;2826
snip10x10-35r1budget17;1206151;30.000000;3.224794;2;1344;0;1344
snp-02-004-104;1206151;567161691.779774;7.604965;5;5458;1;5459
snp-04-052-052;1206151;746313354.490274;733.799382;6;4716;3;4719
snp-06-004-052;1206151;1831976376.522612;31.156229;2;8127;0;8127
snp-10-004-052;1206151;5961214167.823297;42.379535;6;20403;2;20405
snp-10-052-052;1206151;6009206679.336597;1683.882989;6;21838;8;21846
sorrell3;1206151;-13.000000;-0.000000;3;380;0;380
sorrell4;1206151;-18.000000;-0.000000;3;1010;2;1012
sorrell7;1206151;-141.000000;0.000000;3;14502;0;14502
sorrell8;1206151;-269.000000;0.000000;3;192;0;192
sp150x300d;1206151;71.000000;0.000000;2;0;0;0
sp97ar;1206151;815120355.519999;2.342794;4;399;6;405
sp97ic;1206151;578703486.755542;0.975543;3;349;4;353
sp98ar;1206151;648426163.072905;1.440725;4;557;7;564
sp98ic;1206151;605964163.117924;3.283712;5;337;6;343
sp98ir;1206151;271833089.651983;6.757325;5;48;1;49
splice1k1;1206151;-3.068619;1.426914;2;32514;18;32532
splice1k1i;1206151;-1646.777979;134.969052;1;14559;3;14562
square23;1206151;8.333333;12.444444;1;100;1;101
square31;1206151;8.500000;13.750000;1;595;5;600
square37;1206151;8.666667;13.666667;1;1311;10;1321
square41;1206151;8.839612;15.068891;1;2357;15;2372
square47;1206151;8.755814;15.976744;1;5991;28;6019
stoch-vrpvrp-s5v2c8vrp-v2c8i;1206151;0.000000;90.875770;2;17;0;17
stockholm;1206151;174.000000;-0.000000;2;398;0;398
stp3d;1206151;564.338735;444.506671;2;22867;12;22879
sts405;1206151;357.000000;0.000000;2;512;1;513
sts729;1206151;665.000000;0.000000;2;3254;5;3259
supportcase1;1206151;20078.000000;0.020832;2;241;4;245
supportcase10;1206151;3.383924;971.624635;2;9851;4;9855
supportcase11;1206151;-14.281996;0.000000;1;3;0;3
supportcase12;1206151;-7559.533054;69.511088;1;1773;0;1773
supportcase14;1206151;272.000000;7.333333;1;1;0;1
supportcase16;1206151;272.000000;7.333333;1;1;0;1
supportcase17;1206151;0.000000;32.284011;2;5;0;5
supportcase18;1206151;87.000000;9.141806;2;44;1;45
supportcase19;1206151;12677206.000000;370.390975;1;25866;79;25945
supportcase2;1206151;0.000000;4.750000;1;8368;48;8416
supportcase20;1206151;108889.000000;0.000000;2;17;0;17
supportcase23;1206151;-12952.000000;617.629502;1;1603;0;1603
supportcase25;1206151;0.036932;10.829622;1;100;0;100
supportcase26;1206151;1288.102161;0.009948;2;1;0;1
supportcase27i;1206151;0.000000;93.694826;2;7;0;7
supportcase3;1206151;0.000000;403.282880;3;205;0;205
supportcase30;1206151;0.000000;102.857020;1;57;0;57
supportcase31;1206151;79524.180000;4.000000;2;1804;53;1857
supportcase33;1206151;-465.000000;28.172772;2;100;0;100
supportcase34;1206151;72.664116;196.140621;1;450;1;451
supportcase35;1206151;174371.000000;0.000000;2;92;0;92
supportcase37;1206151;-5803.552159;23.221484;2;970;0;970
supportcase39;1206151;-1062330.369524;22.808785;5;87;7;94
supportcase4;1206151;0.000000;202.915359;3;156;0;156
supportcase40;1206151;22536.483379;19.000000;1;247;0;247
supportcase41;1206151;28.000000;36.047859;2;607;0;607
supportcase42;1206151;7.343539;48.081295;1;1643;2;1645
supportcase43;1206151;0.000000;48.147044;2;47672;3;47675
supportcase6;1206151;45090.732163;29.123967;1;1460;8;1468
supportcase7;1206151;-2396.218213;53.147310;2;1407;0;1407
swath;1206151;334.496858;2.200000;1;37;0;37
swath1;1206151;334.496858;0.600000;1;32;0;32
swath2;1206151;334.496858;0.700000;1;37;0;37
swath3;1206151;334.496858;0.800000;1;31;0;31
t1717;1206151;134531.021428;79.098998;1;200;0;200
t1722;1206151;98815.407611;52.399108;1;112;0;112
ta1-UUM;1206151;3693674.556772;4.303412;1;4;0;4
ta2-UUE;1206151;41427354.755773;0.680983;2;191;0;191
tanglegram1;1206151;0.000000;46.000000;1;2;0;2
tanglegram2;1206151;1.000000;26.500000;1;2;0;2
tanglegram4;1206151;4.000000;71.000000;1;4;0;4
tanglegram6;1206151;0.000000;33.500000;1;1;0;1
tbfp-bigm;1206151;-178.153988;30.000000;1;140;0;140
tbfp-network;1206151;23.261535;31.000000;1;775;3;778
Test3;1206151;2671255.210245;12.061384;1;99;0;99
thor50dday;1206151;203930.000000;0.000000;2;220;3;223
timtab1;1206151;1219185.333333;17.766667;2;0;0;0
timtab1CUTS;1206151;613590.095426;34.399586;2;3;0;3
timtab2;1206151;1602354.333333;29.200000;2;1;0;1
tokyometro;1206151;4658.136055;267.420569;3;66;0;66
toll-like;1206151;28.000000;229.000000;1;31;0;31
tpl-tub-ss16;1206151;8128588.328716;1889.575939;3;85017;152;85169
tpl-tub-ws1617;1206151;10755112.807538;2191.381057;3;98723;181;98904
tr12-30;1206151;188435.464884;3.580258;2;2;0;2
traininstance2;1206151;0.000000;8.029580;2;37;0;37
traininstance6;1206151;0.000000;3.486662;2;28;0;28
transportmoment;1206151;-55084931301.156029;426.403696;2;175;0;175
trento1;1206151;5182758.848056;76.321422;1;694;0;694
triptim1;1206151;22.921100;1825.087353;3;7829;9;7838
triptim2;1206151;11.878757;549.675189;3;11270;7;11277
triptim3;1206151;14.147151;635.932223;3;10282;7;10289
triptim4;1206151;9.526100;370.406250;3;10618;7;10625
triptim7;1206151;3080.288157;494.758033;2;11103;5;11108
triptim8;1206151;3074.310409;490.021225;2;12635;6;12641
tw-myciel4;1206151;22.000000;71.524648;6;245;1;246
uc-case11;1206151;611621.305979;111.729871;1;2738;0;2738
uc-case3;1206151;7181.432113;95.258578;3;1992;1;1993
uccase10;1206151;38995.965187;400.440843;1;2780;3;2783
uccase12;1206151;11507.474829;29.321333;3;2355;3;2358
uccase7;1206151;26527.823515;162.338874;1;3829;0;3829
uccase8;1206151;11142.163196;63.982247;1;1445;0;1445
uccase9;1206151;10819.582996;76.021210;1;933;0;933
uct-subprob;1206151;242.000000;57.638355;1;61;0;61
umts;1206151;43380098.519492;76.628947;2;17;0;17
unitcal_7;1206151;19450489.742819;144.660904;6;757;1;758
usAbbrv-8-25_70;1206151;95.000000;101.721317;3;7;0;7
usafa;1206151;178.602081;3104.483345;2;45144;25;45169
v150d30-2hopcds;1206151;52.000000;-0.000000;3;108;1;109
van;1206151;3.717453;12.910186;1;8215;0;8215
var-smallemery-m6j6;1206151;-156.056268;89.220998;2;766;4;770
vpm2;1206151;15.721505;3.393512;2;0;0;0
vpphard;1206151;0.000000;127.270065;1;75;0;75
vpphard2;1206151;0.000000;236.643537;1;81;0;81
wachplan;1206151;-9.000000;66.068516;1;9;0;9
wnq-n100-mw99-14;1206151;224.318143;77.196581;2;119;1;120
xmas10-2;1206151;-537.008669;157.129457;1;223;0;223
xmas10;1206151;-537.008669;157.318400;1;188;0;188
z26;1206151;-981.000000;-0.000000;3;13225;9;13234
zeil;1206151;813.510308;818.615660;1;85949;6;85955
zib54-UUE;1206151;19164366.000000;-0.000000;2;48;0;48
