Instance;Seed;Cost;Fractionality;Rounds;LPtime(ms);ZItime(ms);SumLPZI(ms)
10teams;1206151;917.000000;36.457830;1;30;0;30
22433;1206151;21552.708079;24.962328;5;7;0;7
23588;1206151;8342.863244;17.617619;4;3;0;3
2club200v15p5scn;1206151;-96.055556;38.611111;7;121;3;124
30n20b8;1206151;5530.000000;16.175931;2;81;1;82
30_70_45_05_100;1206151;132.000000;-0.000000;6;1002;4;1006
30_70_45_095_100;1206151;57.000000;-0.000000;5;945;2;947
30_70_45_095_98;1206151;575.000000;0.000000;6;826;4;830
50v-10;1206151;1493601.476062;-0.000000;2;4;0;4
a1c1s1;1206151;20912.873333;0.041667;2;34;0;34
a2c1s1;1206151;20866.082500;0.000000;2;34;0;34
ab51-40-100;1206151;-6462960122.000002;-0.000000;3;851;1;852
ab67-40-100;1206151;-7069213256.000004;-0.000000;3;2950;1;2951
ab69-40-100;1206151;-7004957456.999997;-0.000000;3;2056;1;2057
ab71-20-100;1206151;-6512126462.000000;-0.000000;3;227;1;228
ab72-40-100;1206151;-6898618453.000008;-0.000000;3;802;2;804
academictimetablebig;1206151;32.000000;1997.079231;2;3302;33;3335
academictimetablesmall;1206151;0.000000;324.856010;2;269;3;272
acc-tight2;1206151;0.000000;129.034401;1;35;0;35
acc-tight4;1206151;0.000000;135.271717;1;56;0;56
acc-tight5;1206151;0.000000;121.269585;1;276;0;276
acc-tight6;1206151;0.000000;123.251301;1;250;0;250
adult-max5features;1206151;0.081316;0.266955;1;882;5;887
adult-regularized;1206151;0.077684;0.234052;1;3691;3;3694
aflow30a;1206151;983.167425;6.510845;1;5;0;5
aflow40b;1206151;1005.664817;8.247724;1;21;0;21
air03;1206151;338864.250000;11.875000;1;59;0;59
air04;1206151;55535.436388;52.288553;1;216;0;216
air05;1206151;25877.609268;46.215654;1;153;0;153
aligninq;1206151;2755.000000;40.921868;7;16;0;16
allcolor10;1206151;6.000000;749.769481;2;150;1;151
allcolor58;1206151;42.000000;3883.602450;1;1206;6;1212
amaze22012-03-15i;1206151;0.000000;0.000000;1;40;1;41
amaze22012-06-28i;1206151;0.000000;0.000000;1;23;0;23
amaze22012-07-04i;1206151;0.000000;0.000000;1;27;0;27
app1-1;1206151;-2.000000;0.179678;3;59;0;59
app1-2;1206151;-23.000000;0.000001;2;4175;1;4176
app2-1;1206151;19298.500000;0.000000;2;32;0;32
app2-2;1206151;219402.500000;0.000000;3;1;0;1
app3;1206151;5627412.287938;3.142492;1;36;0;36
arki001;1206151;7579599.807787;17.164714;1;35;0;35
assign1-10-4;1206151;353.992926;52.000000;1;39;0;39
assign1-5-8;1206151;183.362555;24.000000;1;2;0;2
atlanta-ip;1206151;81.243206;325.689509;3;4823;6;4829
atm20-100;1206151;2141734.684878;124.301066;2;93;0;93
australia-abs-cta;1206151;0.000000;39.202778;1;81;0;81
b-ball;1206151;-1.818182;4.818182;1;0;0;0
b1c1s1;1206151;69966.450000;0.000000;2;34;0;34
b2c1s1;1206151;70651.010000;0.000000;2;40;0;40
bab1;1206151;-286923.824223;50.520000;1;311;5;316
bab2;1206151;-350926.440227;560.525267;2;8732;23;8755
bab3;1206151;-579370.271196;518.325237;2;33311;47;33358
bab5;1206151;-111134.599976;185.900250;2;514;2;516
bab6;1206151;-224575.783183;667.210836;2;5848;16;5864
bc;1206151;13.063318;0.063318;2;100;0;100
bc1;1206151;6.455580;0.016336;2;107;0;107
beasleyC1;1206151;102.000000;0.000000;2;2;0;2
beasleyC2;1206151;232.000000;0.000000;2;3;0;3
beasleyC3;1206151;958.000000;-0.000000;2;3;0;3
beavma;1206151;407840.400000;0.000000;3;1;0;1
berlin;1206151;1741.000000;0.000000;2;28;0;28
berlin_5_8_0;1206151;52.000000;70.733830;3;5;0;5
bg512142;1206151;323992.007013;52.989642;3;27;0;27
biella1;1206151;3060037.430763;98.771008;1;262;0;262
bienst1;1206151;11.724138;4.390524;1;2;0;2
bienst2;1206151;11.724138;5.390524;1;2;0;2
binkar10_1;1206151;6637.188027;9.084811;1;7;0;7
blend2;1206151;7.489992;0.492283;2;0;0;0
bley_xl1;1206151;265.699568;343.861165;6;21647;24;21671
bley_xs1;1206151;213538830.272187;107.270480;3;137;0;137
bley_xs1noM;1206151;260783449.512445;78.388210;8;114;2;116
bley_xs2;1206151;48593009.277766;66.021410;2;21;0;21
blp-ar98;1206151;14303.194003;9.189386;9;112;15;127
blp-ic97;1206151;6123.238237;3.473359;16;83;16;99
blp-ic98;1206151;14141.050706;0.100000;4;117;6;123
blp-ir98;1206151;5639.818879;2.497817;2;41;1;42
bmocbd;1206151;-32041010095048.539062;0.000000;1;722;6;728
bmocbd2;1206151;-31953009810558.203125;0.000000;1;696;6;702
bmocbd3;1206151;45423160355.815491;0.000000;3;16258;16;16274
bmoipr2;1206151;-46628940.711141;0.184434;3;80;1;81
bnatt350;1206151;0.000000;93.793362;6;66;1;67
bnatt400;1206151;0.000000;109.069591;9;75;2;77
bppc4-08;1206151;51.590000;9.776528;1;15;0;15
bppc6-02;1206151;108.340000;11.886994;1;151;1;152
bppc6-06;1206151;200.633333;14.947367;1;158;0;158
bppc8-02;1206151;486.500000;3.204377;1;1;0;1
bppc8-09;1206151;444.436047;5.981230;1;4;0;4
brasil;1206151;31819.000000;0.000000;2;29;0;29
brazil3;1206151;2.000000;656.675844;1;1006;1;1007
breastcancer-regularized;1206151;0.000460;0.002809;1;8;0;8
bts4-cta;1206151;33524.637606;1130.000000;1;578;0;578
buildingenergy;1206151;33246.215059;1468.850000;2;16072;4;16076
cap6000;1206151;-2446875.000000;0.000000;3;47;1;48
cbs-cta;1206151;0.000000;27.746030;1;107;0;107
cdc7-4-3-2;1206151;-232.000000;-0.000000;3;36618;5;36623
chromaticindex1024-7;1206151;4.000000;16002.682953;2;2410;10;2420
chromaticindex128-5;1206151;4.000000;2021.163699;2;127;1;128
chromaticindex256-8;1206151;4.000000;4069.477083;2;366;2;368
chromaticindex32-8;1206151;4.000000;504.887500;2;17;0;17
chromaticindex512-7;1206151;4.000000;8183.527137;2;1049;4;1053
ci-s4;1206151;4.963809;19.526141;2;60;0;60
circ10-3;1206151;140.000000;155.071429;1;182;1;183
cmflsp40-24-10-7;1206151;52605868.952858;70.700930;3;367;0;367
cmflsp40-36-2-10;1206151;72898024.959478;295.649246;3;764;0;764
cmflsp50-24-10-4;1206151;64492612.641644;81.236085;3;350;0;350
cmflsp50-24-8-8;1206151;59814378.749021;131.869460;3;346;0;346
cmflsp60-36-2-6;1206151;97887903.946142;370.689759;3;1734;0;1734
CMS750_4;1206151;250.000000;258.584847;3;116;1;117
co-100;1206151;1250429.774879;9.799423;2;257;19;276
cod105;1206151;-8.000000;0.000000;3;467;1;468
comp07-2idx;1206151;0.000000;139.650000;2;1260;2;1262
comp08-2idx;1206151;0.000000;189.588538;3;168;1;169
comp12-2idx;1206151;11.000000;251.466598;3;1266;2;1268
comp16-3idx;1206151;4.000000;720.391848;1;8392;2;8394
comp21-2idx;1206151;0.000000;197.950000;2;834;1;835
control30-3-2-3;1206151;-20763026.787568;27.970540;1;5;0;5
core2536-691;1206151;796.000000;-0.000000;3;1430;3;1433
core2586-950;1206151;1150.000000;-0.000000;3;1017;3;1020
core4284-1064;1206151;1312.000000;-0.000000;3;4783;6;4789
core4872-1529;1206151;1869.000000;-0.000000;3;2875;6;2881
cost266-UUE;1206151;42001606.280000;-0.000000;2;84;0;84
cov1075;1206151;56.000000;0.000000;3;6;0;6
cryptanalysiskb128n5obj16;1206151;0.000000;7174.215397;2;851;8;859
csched007;1206151;269.251587;22.185714;1;42;0;42
csched008;1206151;171.000000;19.560203;1;10;0;10
csched010;1206151;332.422727;19.770202;1;53;0;53
cvrpa-n64k9vrpi;1206151;0.000000;206.143617;1;341;2;343
cvrpb-n45k5vrpi;1206151;0.000000;154.740458;1;151;1;152
cvrpp-n16k8vrpi;1206151;0.000000;50.204545;1;35;0;35
cvrpsimple2i;1206151;0.000000;19.850000;1;2;0;2
cvs08r139-94;1206151;-24.000000;-0.000000;3;14;0;14
cvs16r106-72;1206151;-10.000000;-0.000000;3;31;0;31
cvs16r128-89;1206151;-11.000000;-0.000000;3;34;0;34
cvs16r70-62;1206151;-5.000000;0.000000;3;28;0;28
cvs16r89-60;1206151;-7.000000;0.000000;3;27;0;27
d10200;1206151;12425.583005;34.236879;1;49;0;49
d20200;1206151;12229.625788;62.339279;1;324;0;324
dale-cta;1206151;0.000000;0.004764;1;321;0;321
dano3mip;1206151;576.231620;15.294513;1;1665;0;1665
dano3_3;1206151;576.231620;1.932181;1;1780;0;1780
dano3_5;1206151;576.231620;2.871834;1;1716;0;1716
danoint;1206151;62.637280;5.819184;1;13;0;13
dc1c;1206151;1754946.863638;139.834191;1;272;1;273
dc1l;1206151;522111659.267954;-0.000000;3;1159;16;1175
dcmulti;1206151;184858.396836;12.823814;3;3;0;3
decomp1;1206151;-120.000000;98.000000;1;45;0;45
decomp2;1206151;-160.000000;93.138889;1;52;0;52
dfn-bwin-DBE;1206151;797567.400000;0.000000;2;36;0;36
dfn-gwin-UUM;1206151;27467.257235;5.653537;1;1;0;1
dg012142;1206151;5895516.340434;39.442147;5;178;0;178
diameterc-mstc-v20a190d5i;1206151;291.000000;56.700000;1;33;0;33
diameterc-msts-v40a100d5i;1206151;324.000000;100.121212;1;32;0;32
disctom;1206151;-5000.000000;51.166667;1;204;0;204
disktom;1206151;-5000.000000;51.166667;1;224;0;224
dolom1;1206151;6556066.068315;110.606017;1;464;1;465
drayage-100-12;1206151;21458.311901;45.375525;1;58;0;58
drayage-100-23;1206151;11714.141979;44.659861;1;128;0;128
drayage-25-23;1206151;11714.141979;44.421956;1;128;0;128
drayage-25-27;1206151;26785.797043;41.335416;1;72;0;72
drayage-25-32;1206151;32519.997253;41.203921;1;65;0;65
ds-big;1206151;86.820068;30.669231;1;7955;21;7976
ds;1206151;57.234565;33.463549;1;1298;7;1305
dws008-01;1206151;708.876687;16.484655;2;57;0;57
dws008-03;1206151;717.896796;9.217365;2;130;1;131
dws012-01;1206151;3450.401707;26.235704;2;120;1;121
dws012-02;1206151;1584.690892;16.166549;2;210;2;212
dws012-03;1206151;1998.123968;18.170643;2;316;4;320
eil33-2;1206151;811.278996;3.615630;1;36;0;36
eilA101-2;1206151;803.373888;7.408683;1;888;6;894
eilB101;1206151;1075.247691;12.807028;1;21;0;21
eilC76-2;1206151;725.754458;7.780208;1;283;2;285
ej;1206151;1.000000;0.243844;1;0;0;0
elitserienhandball11i;1206151;0.000000;1421.352265;1;243;1;244
elitserienhandball13i;1206151;0.000000;1357.692232;1;257;1;258
elitserienhandball14i;1206151;0.000000;1543.757700;1;278;1;279
elitserienhandball3i;1206151;0.000000;1525.315516;1;254;1;255
enlight13;1206151;0.000000;0.500000;1;0;0;0
enlight15;1206151;0.000000;0.500000;1;0;0;0
enlight8;1206151;0.000000;0.500000;1;0;0;0
enlight_hard;1206151;0.000000;14.500000;1;0;0;0
eva1aprime5x5opt;1206151;-497.247729;0.959853;1;364;0;364
eva1aprime6x6opt;1206151;-495.492430;9.408398;1;1747;0;1747
ex10;1206151;100.000000;100.000000;1;17556;6;17562
ex1010-pi;1206151;304.000000;0.000000;3;685;3;688
ex9;1206151;81.000000;81.000000;1;1677;3;1680
exp-1-500-5-5;1206151;97666.305541;4.045842;2;2;0;2
f2000;1206151;1383.000000;1280.000000;2;3617;0;3617
f2gap201600;1206151;76429.862296;1.402159;1;3;0;3
f2gap401600;1206151;82274.237434;1.190020;1;4;0;4
f2gap40400;1206151;20650.898154;3.253580;1;1;0;1
f2gap801600;1206151;86570.120867;5.266841;1;5;0;5
fast0507;1206151;214.000000;-0.000000;3;580;14;594
fastxgemm-n2r6s0t2;1206151;27.000000;9.000000;1;37;0;37
fastxgemm-n2r7s4t1;1206151;27.000000;9.000000;1;36;0;36
fastxgemm-n3r21s3t6;1206151;84.000000;27.000000;1;2326;0;2326
fastxgemm-n3r22s4t6;1206151;84.000000;27.000000;1;2653;0;2653
fastxgemm-n3r23s5t6;1206151;84.000000;27.000000;1;2571;0;2571
fhnw-binpack4-48;1206151;0.000000;333.285714;2;133;0;133
fhnw-binpack4-58;1206151;0.000000;467.321429;2;156;1;157
fhnw-binpack4-77;1206151;0.000000;207.310714;2;114;0;114
fhnw-binschedule0;1206151;12632.888779;685.581929;3;11517;38;11555
fhnw-binschedule2;1206151;1706.886254;154.751416;3;171;3;174
fhnw-schedule-paira100;1206151;-36.643681;5.147307;2;123;0;123
fhnw-schedule-paira200;1206151;-73.826479;8.938667;2;277;2;279
fhnw-schedule-paira400;1206151;-146.941079;19.264310;2;1164;11;1175
fhnw-schedule-pairb200;1206151;-73.826479;516.184695;2;1135;5;1140
fhnw-schedule-pairb400;1206151;-146.941079;2338.646383;2;7417;24;7441
fhnw-sq2;1206151;0.000000;15.527645;1;4;0;4
fiball;1206151;137.069168;68.996028;1;122;1;123
fiber;1206151;1023943.760000;9.839127;2;3;0;3
fillomino7x7-0i;1206151;0.000000;0.000000;1;29;0;29
fixnet6;1206151;12170.000000;-0.000000;2;1;0;1
fjspeasy01i;1206151;216.000000;0.000000;1;36;0;36
flugpl;1206151;1167185.725592;3.538918;1;0;0;0
g200x740;1206151;45614.000000;-0.000000;2;2;0;2
g200x740i;1206151;44069.000000;-0.000000;2;2;0;2
gasprod1-1;1206151;4539.907530;51.519800;7885;780;6267;7047
gasprod1-2;1206151;1691.141291;51.497411;6853;570;4845;5415
gasprod1-3;1206151;3682.336923;49.221179;8368;547;5902;6449
gasprod2-1;1206151;1306101.609201;404.201103;19;1768;15;1783
gasprod2-2;1206151;1330631.091637;502.800224;36;1704;28;1732
gen-ip002;1206151;-511.036897;0.000000;3;0;0;0
gen-ip016;1206151;-9505.628173;1.906914;1;0;0;0
gen-ip021;1206151;6642.052620;2.217259;4;0;0;0
gen-ip036;1206151;-2162.833562;0.000000;3;0;0;0
gen-ip054;1206151;16786.476526;1.032398;5;0;0;0
gen;1206151;112130.040664;7.929263;1;3;0;3
genus-g31-8;1206151;-27.000000;112.333333;1;1499;2;1501
genus-g61-25;1206151;-58.000000;262.979034;1;1304;2;1306
genus-sym-g31-8;1206151;-27.000000;154.805251;2;4107;3;4110
genus-sym-g62-2;1206151;-54.000000;255.080518;2;27652;3;27655
genus-sym-grafo5708-48;1206151;-27.000000;115.165439;1;1532;0;1532
ger50-17-ptp-pop-3t;1206151;3466.324873;45.213645;1;125;0;125
ger50-17-ptp-pop-6t;1206151;6804.447088;50.477969;1;102;0;102
ger50-17-trans-dfn-3t;1206151;3453.475245;37.741927;1;190;1;191
ger50-17-trans-pop-3t;1206151;3456.252922;49.487013;1;178;1;179
ger50_17_trans;1206151;6850.628623;48.226110;1;165;1;166
germanrr;1206151;46445702.956442;53.468182;2;824;5;829
germany50-DBM;1206151;438028.000000;23.400000;1;163;0;163
germany50-UUM;1206151;597932.500000;24.400000;1;39;0;39
gesa2-o;1206151;25748173.191117;13.380406;2;5;0;5
gesa2;1206151;25477017.874283;13.267370;2;8;0;8
gfd-schedulen180f7d50m30k18-16i;1206151;18.000000;108.385679;1;6773;96;6869
gfd-schedulen180f7d50m30k18;1206151;1.000000;5019.413851;2;3782;22;3804
gfd-schedulen25f5d20m10k3i;1206151;3.000000;13.619895;1;65;1;66
gfd-schedulen55f2d50m30k3i;1206151;3.000000;27.695911;1;170;3;173
ghoulomb4-9-10i;1206151;9.000000;0.000000;1;65;1;66
glass-sc;1206151;29.000000;0.000000;3;119;1;120
glass4;1206151;800002400.000000;2.059524;1;1;0;1
gmu-35-40;1206151;-2400283.756506;1.911023;2;10;0;10
gmu-35-50;1206151;-2606307.146543;3.420099;2;22;0;22
gmut-75-50;1206151;-14182312.661731;4.988967;1;813;9;822
gmut-76-40;1206151;-14171086.316075;9.054451;1;273;2;275
gmut-76-50;1206151;-14173884.188063;4.201959;1;555;6;561
gmut-77-40;1206151;-14173396.636852;2.973250;1;256;2;258
go19;1206151;95.000000;-0.000000;3;5;0;5
gr4x6;1206151;229.050000;-0.000000;2;0;0;0
graph20-20-1rand;1206151;-37.000000;48.000000;1;50;0;50
graph20-80-1rand;1206151;-117.000000;142.000000;1;1817;1;1818
graph40-20-1rand;1206151;-157.000000;185.500000;1;4956;3;4959
graph40-40-1rand;1206151;-300.000000;341.969290;1;90397;17;90414
graphdraw-domain;1206151;12672.000000;21.071817;1;2;0;2
graphdraw-gemcutter;1206151;4310.000000;15.521554;1;1;0;1
graphdraw-grafo2;1206151;35762.000000;368.152985;1;754;3;757
graphdraw-mainerd;1206151;30496.000000;97.975651;1;81;0;81
graphdraw-opmanager;1206151;54717.000000;207.745488;1;412;1;413
gsvm2rl11;1206151;35640.343493;0.000000;3;342;0;342
gsvm2rl12;1206151;50.000000;-0.000000;3;505;0;505
gsvm2rl3;1206151;0.600000;-0.000000;3;3;0;3
gsvm2rl5;1206151;10.000000;-0.000000;3;8;0;8
gsvm2rl9;1206151;16356.825869;0.000000;3;62;0;62
gt2;1206151;13460.233074;0.728107;1;0;0;0
h50x2450;1206151;11147.731511;3.696751;1;26;0;26
h80x6320;1206151;3700.000000;0.000000;1;24;0;24
h80x6320d;1206151;5325.160104;2.515625;1;43;0;43
hanoi5;1206151;1926.000000;332.000000;4;162;1;163
haprp;1206151;3665963.213506;96.940858;1;4;0;4
harp2;1206151;-74353341.502300;5.485338;1;5;0;5
hgms-det;1206151;-53824.391476;32.676364;1;237;0;237
hgms30;1206151;-53349.215497;60.694272;1;8729;0;8729
hgms62;1206151;-53416.649907;61.317531;1;25819;0;25819
hypothyroid-k1;1206151;-2902.852586;39.591978;1;7116;2;7118
ic97_potential;1206151;4089.000000;54.966667;2;3;0;3
ic97_tension;1206151;3911.000000;15.366667;2;2;0;2
icir97_potential;1206151;6612.000000;166.866667;2;38;0;38
icir97_tension;1206151;6302.000000;97.366667;2;3;0;3
iis-100-0-cov;1206151;35.000000;0.000000;3;92;0;92
iis-bupa-cov;1206151;46.000000;-0.000000;3;149;0;149
iis-glass-cov;1206151;26.000000;0.000000;3;114;1;115
iis-hc-cov;1206151;22.000000;0.000000;3;161;3;164
iis-pima-cov;1206151;39.000000;-0.000000;3;203;1;204
irp;1206151;12123.530222;6.000000;1;75;1;76
istanbul-no-cutoff;1206151;51.110000;3.607411;1;414;0;414
ivu06-big;1206151;135.427718;95.799872;1;54745;179;54924
ivu06;1206151;135.901353;97.120377;1;15621;56;15677
ivu52;1206151;480.250439;81.742183;1;6900;15;6915
ivu59;1206151;884.456993;122.893682;1;104950;213;105163
janos-us-DDM;1206151;1488134.750000;22.375000;1;6;0;6
k16x240;1206151;11359.000000;0.000000;2;0;0;0
k16x240b;1206151;12874.000000;0.000000;2;0;0;0
k1mushroom;1206151;-4165.061224;43.877551;1;17329;7;17336
k1mushroomi;1206151;-4208.000000;0.000000;1;189;6;195
khb05250;1206151;126785464.000000;0.000000;2;1;0;1
l2p12;1206151;2.000000;1091.539196;1;323;0;323
l2p1i;1206151;1.000000;333.207461;1;780;13;793
l2p2i;1206151;1.000000;616.416460;1;57;1;58
lectsched-1-obj;1206151;0.000000;5.975758;2;227;5;232
lectsched-1;1206151;0.000000;3.151515;2;201;6;207
lectsched-2;1206151;0.000000;17.149242;5;123;8;131
lectsched-3;1206151;0.000000;21.203788;6;216;14;230
lectsched-4-obj;1206151;0.000000;12.853788;6;61;3;64
lectsched-5-obj;1206151;0.000000;4.117424;2;194;4;198
leo1;1206151;1181219706.240000;-0.000000;3;75;2;77
leo2;1206151;1344214233.440000;0.000000;3;180;4;184
liu;1206151;346.000000;11.003653;2;5;0;5
loopha13;1206151;6.279000;1.102160;2;206;1;207
lotsize;1206151;1335747.052789;7.405615;2;5;0;5
lr1dr02vc05v8a-t360;1206151;120706.326475;174.298112;1;847;1;848
lr1dr04vc05v17a-t360;1206151;247111.692480;335.090553;1;1924;1;1925
lr1dr12vc10v70b-t360;1206151;983950.247945;1069.593454;1;44806;10;44816
lr2-22dr3-333vc4v17a-t60;1206151;-72838.215835;239.748662;2;38102;13;38115
lrn;1206151;42701141.648089;65.099086;2;441;0;441
m100n500k4r1;1206151;-18.000000;-0.000000;3;6;0;6
macrophage;1206151;0.000000;339.000000;1;29;0;29
mad;1206151;0.000000;3.254396;1;1;0;1
manna81;1206151;-10107.000000;0.000000;3;35;0;35
map06;1206151;-406.181173;7.868443;1;2393;1;2394
map10;1206151;-602.176181;11.248146;1;2629;1;2630
map14;1206151;-778.549324;11.962355;1;2170;1;2171
map14860-20;1206151;-998.836419;10.400693;1;2493;1;2494
map16715-04;1206151;-296.267898;4.997036;1;2279;1;2280
map18;1206151;-932.782685;11.173489;1;2263;1;2264
map20;1206151;-998.836419;10.400693;1;2503;1;2504
mappingmesh3x3mpeg2i;1206151;87.555556;87.202393;1;34;0;34
mario-t-hard5i;1206151;-4482.000000;20.339623;1;1368;2;1370
markshare1;1206151;230.000000;0.000000;2;0;0;0
markshare2;1206151;454.000000;-0.000000;2;0;0;0
markshare_4_0;1206151;226.000000;0.000000;2;0;0;0
markshare_5_0;1206151;337.000000;0.000000;2;0;0;0
mas74;1206151;10482.795280;3.103514;1;1;0;1
mas76;1206151;38893.903641;2.555097;1;1;0;1
maxgasflow;1206151;-70929535.900000;662.357640;2;54;0;54
mc11;1206151;13509.000000;-0.000000;2;28;0;28
mc7;1206151;5796.000000;-0.000000;2;29;0;29
mc8;1206151;1929.000000;-0.000000;2;28;0;28
mcsched;1206151;193774.753707;340.221655;1;141;0;141
methanosarcina;1206151;0.000000;313.000000;1;107;0;107
mik-250-1-100-1;1206151;-0.000000;0.000000;2;2;0;2
mik-250-20-75-1;1206151;-0.000000;0.000000;2;3;0;3
mik-250-20-75-2;1206151;-0.000000;-0.000000;2;3;0;3
mik-250-20-75-3;1206151;-0.000000;-0.000000;2;3;0;3
mik-250-20-75-4;1206151;-0.000000;-0.000000;2;3;0;3
mik-250-20-75-5;1206151;0.000000;-0.000000;2;3;0;3
milo-v12-6-r1-58-1;1206151;410986.648167;129.905800;1;95;0;95
milo-v12-6-r1-75-1;1206151;669700.757896;208.836475;1;104;0;104
milo-v12-6-r2-40-1;1206151;205532.322265;97.329375;1;65;0;65
milo-v13-4-3d-3-0;1206151;23359.288017;1.476277;1;14;0;14
milo-v13-4-3d-4-0;1206151;34031.171805;2.550972;1;25;0;25
mine-166-5;1206151;-821763677.673139;187.331384;1;214;0;214
mine-90-10;1206151;-887165318.510226;202.375368;1;158;0;158
mining;1206151;-885353915.925571;8477.535071;96;122270;2679;124949
minutedispatchstrategy;1206151;1898.391429;412.137934;2;1312;2;1314
misc07;1206151;1415.000000;8.000000;1;3;0;3
mitre;1206151;114740.518481;224.156743;1;97;0;97
mkc;1206151;-581.850000;16.208843;3;29;0;29
mkc1;1206151;-611.850000;3.942199;3;30;0;30
mod010;1206151;6532.083333;14.166667;1;14;0;14
modglob;1206151;20786787.016883;-0.000000;2;2;0;2
moj-mining;1206151;-1520532907.350177;566.626558;2;45774;0;45774
momentum1;1206151;134660.011921;48.045264;2;1101;1;1102
momentum2;1206151;61266.821316;84.616225;3;713;2;715
momentum3;1206151;107721.824270;144.721031;3;8519;1;8520
mrcpspj30-15-5i;1206151;23.000000;189.992887;1;40;0;40
mrcpspj30-17-10i;1206151;25.000000;28.677778;1;38;0;38
mrcpspj30-53-3i;1206151;30.000000;43.135185;1;38;0;38
msc98-ip;1206151;19520966.151663;393.288169;2;2782;2;2784
mspp16;1206151;341.000000;1.241379;1;26656;141;26797
mspsphard01i;1206151;16.000000;0.000000;1;45;0;45
mspsphard03i;1206151;20.000000;0.000000;1;84;1;85
mtest4ma;1206151;60342.000000;0.000000;2;2;0;2
mushroom-best;1206151;0.000013;0.020200;1;562;1;563
mzzv11;1206151;-22556.460829;174.328454;2;426;1;427
mzzv42z;1206151;-18842.814586;198.473995;2;285;1;286
n13-3;1206151;14401970.000000;-0.000000;2;29;0;29
n15-3;1206151;71710891.000000;0.000000;2;3264;0;3264
n2seq36f;1206151;70600.000000;-0.000000;3;34;1;35
n2seq36q;1206151;116003.593822;43.392098;3;159;4;163
n3-3;1206151;24303430.000000;-0.000000;2;166;0;166
n3700;1206151;1342560.000000;0.000000;2;27;0;27
n3705;1206151;1342540.000000;0.000000;2;30;0;30
n3707;1206151;1301218.000000;0.000000;2;28;0;28
n3709;1206151;1324904.000000;-0.000000;2;28;0;28
n370a;1206151;1353042.000000;-0.000000;2;27;0;27
n370b;1206151;1373791.000000;-0.000000;2;29;0;29
n3div36;1206151;201600.000000;-0.000000;3;143;6;149
n3seq24;1206151;189033.068485;51.670786;3;3032;62;3094
n4-3;1206151;13501875.000000;-0.000000;2;49;0;49
n5-3;1206151;12301325.000000;-0.000000;2;13;0;13
n6-3;1206151;16502900.000000;-0.000000;2;38;0;38
n7-3;1206151;14704310.000000;-0.000000;2;40;0;40
n9-3;1206151;20703625.000000;-0.000000;2;137;0;137
nag;1206151;465.000000;13.770256;3;47;0;47
neos-1061020;1206151;-145860.370608;500.756757;1;893;0;893
neos-1067731;1206151;669053.000000;81.272727;1;583;0;583
neos-1109824;1206151;278.000000;22.000000;1;58;0;58
neos-1112782;1206151;22000000110147.347656;0.000000;2;27;0;27
neos-1112787;1206151;19500000125389.667969;0.000000;2;25;0;25
neos-1122047;1206151;161.000000;0.495966;2;474;0;474
neos-1171448;1206151;-309.000000;0.936995;2;80;0;80
neos-1171692;1206151;-273.000000;3.730892;2;41;0;41
neos-1171737;1206151;-195.000000;8.004699;2;42;0;42
neos-1225589;1206151;5000000000.000000;-0.000000;2;1;0;1
neos-1311124;1206151;-182.000000;5.000000;2;4;0;4
neos-1324574;1206151;4.500000;144.000000;1;37;0;37
neos-1330346;1206151;4.500000;76.500000;1;105;0;105
neos-1337307;1206151;-201272.000000;272.493985;2;50;0;50
neos-1354092;1206151;46.000000;238.398385;2;1069;2;1071
neos-1367061;1206151;31320456.264497;3.750000;2;1899;1;1900
neos-1396125;1206151;3000.053717;12.531496;2;8;0;8
neos-1420546;1206151;22124.400000;103.140678;1;380;0;380
neos-1420790;1206151;2942.750002;75.132359;1;46;0;46
neos-1423785;1206151;-1816.666667;311.971400;1;237;0;237
neos-1425699;1206151;3175204364.635297;5.264952;1;0;0;0
neos-1426635;1206151;-178.000000;6.429182;2;2;0;2
neos-1426662;1206151;-52.000000;10.501303;2;4;0;4
neos-1429212;1206151;30.000000;713.975748;1;5336;14;5350
neos-1430701;1206151;-78.000000;6.669599;2;4;0;4
neos-1436709;1206151;-129.000000;3.502607;2;4;0;4
neos-1440225;1206151;36.000000;33.503789;1;113;0;113
neos-1440460;1206151;-180.000000;4.859750;2;2;0;2
neos-1442119;1206151;-182.000000;2.580471;2;4;0;4
neos-1442657;1206151;-156.000000;4.002933;2;3;0;3
neos-1445532;1206151;-22877.000000;8.217460;2;87;0;87
neos-1445738;1206151;-24232.548846;16.301135;1;160;0;160
neos-1445743;1206151;-24579.832968;16.920281;1;159;0;159
neos-1445765;1206151;-24699.197660;17.625849;1;152;0;152
neos-1456979;1206151;154.000000;8.434222;1;43;0;43
neos-1516309;1206151;34769.833333;9.166667;2;31;0;31
neos-1582420;1206151;88.398466;56.693409;5;79;1;80
neos-1593097;1206151;4424.000000;55.795872;1;109;1;110
neos-1599274;1206151;32194.742857;6.464286;3;38;1;39
neos-1601936;1206151;1.000000;155.387702;1;783;0;783
neos-1603965;1206151;619244367.662955;0.000913;1;605;0;605
neos-1605061;1206151;6.150735;159.498166;1;2476;0;2476
neos-1605075;1206151;3.214461;176.495942;1;1938;0;1938
neos-1616732;1206151;173.000000;0.000000;3;5;0;5
neos-1620770;1206151;22.000000;35.000000;2;38;0;38
neos-2294525-abba;1206151;156.177251;16.071056;1;80;0;80
neos-2328163-agri;1206151;26069.000000;54.900000;1;64;0;64
neos-2624317-amur;1206151;0.000000;33.918936;1;2;0;2
neos-2629914-sudost;1206151;39622.000000;7.942933;1;198;0;198
neos-2652786-brda;1206151;0.000000;19.477348;2;1;0;1
neos-2657525-crna;1206151;0.000000;28.234944;2;1;0;1
neos-2669500-cust;1206151;2221.900000;230.198620;2;920;12;932
neos-2746589-doon;1206151;1985.750000;129.965898;2;282;5;287
neos-2974461-ibar;1206151;473452396.770997;3364.000000;2;201611;31;201642
neos-2978193-inde;1206151;-2.418518;7.400000;1;61;0;61
neos-2978205-isar;1206151;-12.415307;29.800000;1;197;0;197
neos-2987202-jeir;1206151;-1847551552.236608;1035.632796;2;63996;1;63997
neos-2987310-joes;1206151;-610797465.676974;19.875000;2;1808;0;1808
neos-2991472-kalu;1206151;459.673619;4.824670;13792;4327;753205;757532
neos-3004026-krka;1206151;0.000000;832.000000;1;58;0;58
neos-3009394-lami;1206151;0.642857;216.114286;2;4;0;4
neos-3024952-loue;1206151;22882.000000;103.300000;1;232;0;232
neos-3025225-shelon;1206151;0.052574;323.690533;1;98238;41;98279
neos-3046601-motu;1206151;185.000000;0.449200;1;1;0;1
neos-3046615-murg;1206151;192.000000;0.345800;1;0;0;0
neos-3048764-nadi;1206151;-3883988306.366695;0.000000;2;66;0;66
neos-3065804-namu;1206151;0.000000;0.000000;1;188;0;188
neos-3068746-nene;1206151;77427529.530929;55.412658;2;138;0;138
neos-3072252-nete;1206151;10593526.000000;1.938794;2;1;0;1
neos-3075395-nile;1206151;54.924462;0.000480;1;170;0;170
neos-3083784-nive;1206151;0.000000;12.000000;1;24;0;24
neos-3083819-nubu;1206151;6290575.552807;13.541087;1;46;0;46
neos-3116779-oban;1206151;0.000000;0.000000;1;23;0;23
neos-3118745-obra;1206151;357.000000;-0.000000;2;5;0;5
neos-3148108-pahi;1206151;0.000000;0.000000;1;272;1;273
neos-3209462-rhin;1206151;0.000000;49.451220;2;3670;1;3671
neos-3209519-ruhr;1206151;332.850000;25.900482;1;60;0;60
neos-3214367-sovi;1206151;87802.732596;99.258257;1;2161;0;2161
neos-3216931-puriri;1206151;58817.353066;51.622705;1;977;0;977
neos-3226448-wkra;1206151;0.000000;512.043709;1;816;0;816
neos-3237086-abava;1206151;0.000000;96.000000;1;254;2;256
neos-3322547-alsek;1206151;616.000000;115.178534;2;10182;67;10249
neos-3352863-ancoa;1206151;495300.000000;-0.000000;2;648;8;656
neos-3354841-apure;1206151;48447.926267;3.552995;1;2747;23;2770
neos-3355120-tarago;1206151;-20453473.616781;80.899969;1;599;1;600
neos-3355323-arnon;1206151;0.000000;21.818182;4;74;3;77
neos-3372571-onahau;1206151;0.576990;8.695953;2;1404;0;1404
neos-3373491-avoca;1206151;21687686014.015358;26.555947;1;6;0;6
neos-3381206-awhea;1206151;432.000000;61.334767;2;5;0;5
neos-3402294-bobin;1206151;0.000000;35.009213;1;1017;10;1027
neos-3426085-ticino;1206151;235.000000;41.787470;3;28;0;28
neos-3426132-dieze;1206151;427.000000;103.670666;2;69;0;69
neos-3437289-erdre;1206151;0.000000;0.000000;1;84;0;84
neos-3530903-gauja;1206151;170.000000;33.253136;3;4;0;4
neos-3530905-gaula;1206151;153.000000;29.042208;2;4;0;4
neos-3555904-turama;1206151;-41.450000;29.464286;1;818;4;822
neos-3572885-glina;1206151;0.000000;0.000000;1;423;2;425
neos-3581454-haast;1206151;1640.000000;52.000000;1;99;0;99
neos-3592146-hawea;1206151;7237144.855333;13.694653;1;45;0;45
neos-3594536-henty;1206151;383205.000000;2496.000000;1;151;1;152
neos-3603137-hoteo;1206151;0.000000;34.208333;3;44;1;45
neos-3610040-iskar;1206151;45.000000;0.000000;2;2;0;2
neos-3610051-istra;1206151;64.000000;0.000000;2;9;0;9
neos-3610173-itata;1206151;180.000000;-0.000000;2;6;0;6
neos-3611447-jijia;1206151;129.000000;-0.000000;2;3;0;3
neos-3611689-kaihu;1206151;151.000000;-0.000000;2;3;0;3
neos-3615091-sutlej;1206151;-1506391.117177;170.000000;1;1638;9;1647
neos-3627168-kasai;1206151;1020229.400000;0.000000;2;3;0;3
neos-3634244-kauru;1206151;0.000000;152.720000;1;4271;7;4278
neos-3636886-kereu;1206151;4092.957540;0.000020;2;62;1;63
neos-3656078-kumeu;1206151;-18774.700000;144.152983;2;211;1;212
neos-3660371-kurow;1206151;286.534383;18.305351;1;37;0;37
neos-3661949-lesse;1206151;688975700.000000;0.000260;2;52;0;52
neos-3665875-lesum;1206151;248.325000;39.496094;4;68;0;68
neos-3682128-sandon;1206151;79915933.274829;141.641588;2;271;0;271
neos-3691541-lonja;1206151;-0.079271;1.110009;2;43;0;43
neos-3695882-vesdre;1206151;-145935.214286;38.625310;1;499;3;502
neos-3696678-lyvia;1206151;4.906890;306.477181;2;47;0;47
neos-3699377-maori;1206151;135877.224265;88.272067;2;106;0;106
neos-3703351-marne;1206151;317056.210386;66.756370;2;54;0;54
neos-3740487-motru;1206151;152.145486;83.106404;2;40675;72;40747
neos-3754480-nidda;1206151;-1216923.270104;12.186832;1;3;0;3
neos-3755335-nizao;1206151;50.030157;72.893283;2;532;1;533
neos-3759587-noosa;1206151;48.334468;3.376667;2;328;1;329
neos-3761878-oglio;1206151;422769.022545;76.021852;2;44;0;44
neos-3762025-ognon;1206151;603955.746492;55.414542;2;38;0;38
neos-4165869-wannon;1206151;282.410166;67.168679;3;584;5;589
neos-4230265-orari;1206151;10055874880.871296;2982.245145;241;4364;176;4540
neos-4260495-otere;1206151;3336.109119;251.271690;2;762;15;777
neos-4285819-pedja;1206151;9.198014;17.924816;2;122971;91;123062
neos-4290317-perth;1206151;6352398.055740;0.000000;2;614;1;615
neos-4292145-piako;1206151;203075008.660562;3215.980526;241;3529;175;3704
neos-4295773-pissa;1206151;0.000000;3220.505376;1;5152;5;5157
neos-4300652-rahue;1206151;0.000000;49.000000;2;737;2;739
neos-4306827-ravan;1206151;-35696.901913;2144.305389;5;766;31;797
neos-4321076-ruwer;1206151;1880.558333;39.333333;1;15538;1;15539
neos-4322846-ryton;1206151;0.419848;26.000000;1;555;5;560
neos-4332801-seret;1206151;222328.384492;6070.103294;3;111197;2754;113951
neos-4332810-sesia;1206151;-33931.341204;4092.283880;13;104799;9638;114437
neos-4333464-siret;1206151;24.731464;0.125000;2;76;1;77
neos-4333596-skien;1206151;-14653956.914930;0.180763;1;19;0;19
neos-4335793-snake;1206151;0.000000;300.868689;2;1114;2;1116
neos-4338804-snowy;1206151;1447.000000;0.330000;3;5;0;5
neos-4343293-stony;1206151;51.627360;0.500000;2;83;0;83
neos-4355351-swalm;1206151;33.822611;0.094819;2;172;3;175
neos-4358725-tagus;1206151;6199.400001;198.323744;73;579;15;594
neos-4359986-taipa;1206151;0.296593;39.062139;1;1122;1;1123
neos-4360552-sangro;1206151;-29.500000;557.645354;1;12882;1;12883
neos-4387871-tavua;1206151;36.445048;0.200000;2;44;0;44
neos-4391920-timok;1206151;0.000009;37.747142;1;6923;4;6927
neos-4393408-tinui;1206151;340.267489;0.200000;2;35;0;35
neos-4408804-prosna;1206151;914.483516;66.321429;1;2751;2;2753
neos-4409277-trave;1206151;0.000000;347.723278;1;2032;1;2033
neos-4413714-turia;1206151;43.474651;371.333441;1;1910;11;1921
neos-4532248-waihi;1206151;0.000000;26.333333;1;734;4;738
neos-4533806-waima;1206151;3063.318841;99.000000;1;1111;9;1120
neos-4545615-waita;1206151;3606.594190;108.263827;1;15439;71;15510
neos-4555749-wards;1206151;3026.812121;68.666667;1;812;9;821
neos-4562542-watut;1206151;3743.304348;85.428571;1;3245;14;3259
neos-4647027-thurso;1206151;26911.641616;127.083433;1;2518;0;2518
neos-4647030-tutaki;1206151;26911.641616;130.175014;1;2758;0;2758
neos-4647032-veleka;1206151;26587.908699;174.815461;1;3891;0;3891
neos-4650160-yukon;1206151;-22688.547680;228.864000;1;5;0;5
neos-4722843-widden;1206151;1841.255082;1452.768981;2;409;5;414
neos-4724674-aorere;1206151;3758.753179;59.078997;3;517;11;528
neos-4736745-arroux;1206151;653873224.676537;1.560199;2;41;0;41
neos-4738912-atrato;1206151;617323325.173629;52.400465;2;47;0;47
neos-4754521-awarau;1206151;0.000000;0.000000;1;1182;6;1188
neos-4760493-puerua;1206151;1908.243695;237.071976;1;33120;3;33123
neos-476283;1206151;406.244708;4.622056;2;4296;0;4296
neos-4763324-toguru;1206151;1120.986062;232.945926;1;33069;3;33072
neos-4797081-pakoka;1206151;0.000000;827.858104;1;5811;2;5813
neos-4805882-barwon;1206151;1676.929283;206.756435;2;246;2;248
neos-480878;1206151;515.138796;1.008444;2;18;0;18
neos-4954274-beardy;1206151;18659.208282;301.285291;2;963;2;965
neos-4954672-berkel;1206151;3733961.000000;4.007059;2;3;0;3
neos-4966258-blicks;1206151;354.545455;450.828848;3;1467;4;1471
neos-4971100-bodrog;1206151;0.000000;-0.000000;2;78;0;78
neos-4972437-bojana;1206151;355.557128;31.979415;2;8458;4;8462
neos-4972461-bolong;1206151;465.045599;50.250248;2;4753;3;4756
neos-4976951-bunnoo;1206151;375.694372;25.259996;2;6841;4;6845
neos-4984115-canche;1206151;-10414620.716097;6.967648;1;17962;0;17962
neos-498623;1206151;16.000000;44.057510;1;122;0;122
neos-5013590-toitoi;1206151;1064.447092;169.000000;1;12639;1;12640
neos-5018451-chiese;1206151;-149772385.216405;18.530618;1;63414;1;63415
neos-503737;1206151;50.000000;47.555718;1;29;0;29
neos-5041822-cockle;1206151;5696053.417116;2.418448;3;2529;26;2555
neos-5044663-wairoa;1206151;4653100.000000;541.481293;1;21958;1;21959
neos-5045105-creuse;1206151;19.066670;21.458183;1;83;0;83
neos-5049753-cuanza;1206151;464.000000;69.600000;3;2458;5;2463
neos-5051588-culgoa;1206151;128.750000;31.449091;1;107;0;107
neos-5052403-cygnet;1206151;220.147435;87.133886;8;36623;177;36800
neos-506422;1206151;0.000000;6.900000;1;46;0;46
neos-506428;1206151;145945.000000;95.648936;1;595;3;598
neos-5075914-elvire;1206151;277.341888;3.120913;2;49;0;49
neos-5076235-embley;1206151;1930.000000;0.115385;2;912;0;912
neos-5078479-escaut;1206151;7280.474567;0.467977;2;51;0;51
neos-5079731-flyers;1206151;2004.000000;1.087912;2;913;0;913
neos-5083528-gimone;1206151;0.000000;20.875000;1;279;4;283
neos-5093327-huahum;1206151;3934.000000;1.841667;2;881;0;881
neos-5100895-inster;1206151;2084.000000;3.582418;2;530;0;530
neos-5102383-irwell;1206151;1740.000000;2.483516;2;883;0;883
neos-5104907-jarama;1206151;639.917149;50.953837;2;9225;4;9229
neos-5106984-jizera;1206151;721.000000;3.500000;2;3630;7;3637
neos-5107597-kakapo;1206151;0.000000;0.591250;2;42;0;42
neos-5108386-kalang;1206151;620.501637;57.690941;2;13141;11;13152
neos-5114902-kasavu;1206151;518.000000;138.000000;3;9503;16;9519
neos-5115478-kaveri;1206151;0.000000;0.529375;2;42;0;42
neos-5116085-kenana;1206151;452.000000;142.000000;3;5445;10;5455
neos-5118834-korana;1206151;569.216333;123.504863;2;12381;7;12388
neos-5118851-kowhai;1206151;1134.000000;5.880000;2;5379;9;5388
neos-5123665-limmat;1206151;652.427430;71.017903;2;16828;9;16837
neos-5125849-lopori;1206151;0.000000;51.956886;1;42;0;42
neos-5129192-manaia;1206151;0.000000;3.769231;1;4066;11;4077
neos-5138690-middle;1206151;605.364996;106.306535;2;14713;18;14731
neos-5140963-mincio;1206151;8877.000000;2.142857;1;1;0;1
neos-5149806-wieprz;1206151;0.027694;5.514108;5;395;14;409
neos-5151569-mologa;1206151;686023627.750363;27.702234;2;2113;2;2115
neos-5178119-nalagi;1206151;8.569859;18.661577;2;64;1;65
neos-5182409-nasivi;1206151;0.000000;18.212177;1;7;0;7
neos-5188808-nattai;1206151;0.000000;13.024442;1;361;0;361
neos-5189128-totara;1206151;330131.390743;21.863581;1;944;2;946
neos-5192052-neckar;1206151;-11980000.000000;0.333333;3;0;0;0
neos-5193246-nerang;1206151;0.000000;792.331614;1;835;1;836
neos-5195221-niemur;1206151;0.000000;700.447361;1;748;1;749
neos-5196530-nuhaka;1206151;0.000000;750.534707;1;582;1;583
neos-520729;1206151;-1391291.666667;8.760000;1;555;1;556
neos-5221106-oparau;1206151;0.000000;61.698592;1;268;1;269
neos-5223573-tarwin;1206151;0.105800;0.258185;1;15166;3;15169
neos-5251015-ogosta;1206151;0.105800;0.226665;1;12467;2;12469
neos-525149;1206151;60.000000;3.500000;1;273;5;278
neos-5260764-orauea;1206151;58748.022532;10.633838;1;65;0;65
neos-5261882-treska;1206151;22721.328000;6.436135;1;14;0;14
neos-5266653-tugela;1206151;20969.906674;15.508215;1;135;1;136
neos-5273874-yomtsa;1206151;0.000000;0.215200;1;14656;2;14658
neos-555001;1206151;910619.201473;185.329242;1;40;0;40
neos-555343;1206151;1241512.549440;273.503416;1;37;0;37
neos-555424;1206151;1196312.549440;237.883186;1;33;0;33
neos-555884;1206151;1026121.836055;271.320900;1;40;0;40
neos-565672;1206151;43884.639336;66.477422;3;15117;17;15134
neos-574665;1206151;4948073.456141;10.746401;1;43;0;43
neos-578379;1206151;0.000000;134.758643;1;1151;1;1152
neos-585192;1206151;-1999690.155301;98.986683;2;187;0;187
neos-585467;1206151;-1999711.795869;82.239088;2;22;0;22
neos-595904;1206151;61134.474995;16.114622;2;66;0;66
neos-619167;1206151;1.481241;34.850492;1;99;0;99
neos-631517;1206151;6494999.999936;60.866544;1;8;0;8
neos-631710;1206151;544.000000;293.451970;2;6292;16;6308
neos-633273;1206151;4678552871.152559;377.739286;1;187;0;187
neos-662469;1206151;184340.629649;96.375734;1;433;1;434
neos-686190;1206151;5134.813830;17.515957;1;109;0;109
neos-691058;1206151;234.000000;83.065598;1;201;0;201
neos-693347;1206151;234.000000;75.573465;1;648;0;648
neos-738098;1206151;-1099.000000;225.695149;1;120;0;120
neos-777800;1206151;-80.000000;68.220262;1;44;0;44
neos-780889;1206151;3421500.000000;0.000000;1;625;8;633
neos-787933;1206151;300.000000;-0.000000;2;233;18;251
neos-799711;1206151;-11228065.153797;0.981255;1;1196;0;1196
neos-799716;1206151;4932670.661692;0.616814;1;118;0;118
neos-807639;1206151;492.688889;1.370370;2;10;0;10
neos-820879;1206151;24874.267857;62.867619;1;113;0;113
neos-824661;1206151;51.000000;60.642857;2;246;3;249
neos-824695;1206151;42.000000;33.800000;3;95;1;96
neos-826224;1206151;130.000000;70.000000;3;203;3;206
neos-826650;1206151;32.000000;109.347222;2;42;0;42
neos-826694;1206151;73.000000;92.333333;3;90;2;92
neos-826812;1206151;70.011000;151.137255;3;103;1;104
neos-826841;1206151;32.008200;110.679849;2;41;0;41
neos-827015;1206151;2.098071;332.649497;1;1903;3;1906
neos-827175;1206151;116.001520;83.555556;2;164;1;165
neos-829552;1206151;2.098071;250.649497;1;1680;2;1682
neos-831188;1206151;1.767720;215.733333;1;80;0;80
neos-847302;1206151;0.000000;49.875712;1;75;0;75
neos-848198;1206151;168781.000000;-0.000000;2;162;0;162
neos-848589;1206151;0.000000;0.075873;1;1425;1;1426
neos-849702;1206151;0.000000;87.382423;1;20;0;20
neos-850681;1206151;2087.000000;60.770833;1;107;0;107
neos-860300;1206151;1666.068586;9.000000;1;57;1;58
neos-872648;1206151;52.672838;0.000000;2;1357;8;1365
neos-873061;1206151;152.431558;-0.000000;2;1202;8;1210
neos-876808;1206151;10030.533833;259.649605;2;6408;10;6418
neos-885086;1206151;-243.000000;13.945733;2;164;0;164
neos-885524;1206151;11771.555290;9.581376;2;190;7;197
neos-911880;1206151;23.260000;17.986476;1;2;0;2
neos-911970;1206151;23.260000;14.456206;1;2;0;2
neos-913984;1206151;1000.000000;33.522949;1;156;3;159
neos-914441;1206151;5660364.283770;78.177859;1;1705;0;1705
neos-916792;1206151;26.203596;16.256328;2;81;0;81
neos-932721;1206151;513000.000000;-0.000000;4;103;4;107
neos-932816;1206151;513000.000000;0.000000;3;208;8;216
neos-933562;1206151;0.000000;237.810567;1;56;0;56
neos-933638;1206151;335654.662576;-0.000000;3;211;5;216
neos-933966;1206151;338609.316425;0.000000;3;158;5;163
neos-934278;1206151;341538.344697;-0.000000;3;295;3;298
neos-935234;1206151;368364.764662;-0.000000;3;334;1;335
neos-935627;1206151;19212.297957;-0.000000;3;368;1;369
neos-935769;1206151;20474.736468;-0.000000;3;414;1;415
neos-937511;1206151;46568.695700;-0.000000;3;419;1;420
neos-937815;1206151;44927.403873;-0.000000;3;493;1;494
neos-941262;1206151;43855.974502;0.000000;3;361;1;362
neos-941313;1206151;9361.000000;325.995652;1;601;8;609
neos-942830;1206151;12.000000;68.941632;1;33;0;33
neos-948126;1206151;46136.445498;-0.000000;3;406;1;407
neos-948346;1206151;-212.198292;3.766956;6;500;24;524
neos-950242;1206151;2.000000;94.000000;2;111;1;112
neos-953928;1206151;-97.806667;0.000000;4;224;6;230
neos-954925;1206151;-229.766667;-0.000000;5;1077;31;1108
neos-956971;1206151;-235.740000;1.742917;4;779;15;794
neos-957143;1206151;-204.669492;48.100823;4;481;16;497
neos-957323;1206151;-207.803654;25.352843;3;332;11;343
neos-957389;1206151;1.500000;30.754586;1;103;1;104
neos-960392;1206151;-238.000000;303.359003;1;256;2;258
neos-983171;1206151;48239.726119;0.000000;3;413;1;414
neos-984165;1206151;43929.505200;0.000000;3;466;1;467
neos13;1206151;-126.178378;42.160092;2;218;0;218
neos15;1206151;144796.909577;0.000000;2;1;0;1
neos16;1206151;429.000000;13.142857;2;3;0;3
neos17;1206151;0.222688;0.000000;2;6;0;6
neos18;1206151;11.000000;59.000000;3;91;1;92
neos2;1206151;-4717.666848;6.724359;1;7;0;7
neos22;1206151;413700.000000;227.000000;1;30;0;30
neos5;1206151;17.250000;0.000000;3;1;0;1
neos6;1206151;116.604289;27.902196;4;99;6;105
neos8;1206151;-2885.143864;22.041691;3;752;6;758
neos808444;1206151;0.000000;221.165702;1;218;1;219
neos9;1206151;780.000000;44.250000;1;286;0;286
net12;1206151;47.514236;132.660069;3;1156;1;1157
netdiversion;1206151;454.400000;774.400000;3;9060;16;9076
newdano;1206151;11.724138;8.447296;1;3;0;3
nexp-150-20-1-5;1206151;84.000000;0.000000;2;39;0;39
nexp-150-20-8-5;1206151;656.000000;-0.000000;2;82;1;83
nexp-50-20-1-1;1206151;34.000000;-0.000000;2;1;0;1
nexp-50-20-4-2;1206151;120.000000;0.000000;2;2;0;2
nh97_potential;1206151;1461.000000;72.750000;2;5;0;5
nh97_tension;1206151;1438.000000;81.583333;2;2;0;2
nj1;1206151;0.000000;607.000000;1;514;1;515
nj2;1206151;0.000000;607.000000;1;682;1;683
nj3;1206151;0.000000;607.000000;1;66267;1;66268
nobel-eu-DBE;1206151;7662120.000000;-0.000000;2;91;0;91
noswot;1206151;-9.000000;0.000000;2;1;0;1
ns1111636;1206151;96.250000;19.250000;1;623;2;625
ns1116954;1206151;0.000000;144.400486;1;794;1;795
ns1208400;1206151;0.000000;89.166140;1;61;0;61
ns1430538;1206151;73.621609;10.155449;1;549;0;549
ns1456591;1206151;361.939022;19.000000;1;117;1;118
ns1606230;1206151;13.225000;182.603065;1;1809;0;1809
ns1631475;1206151;817.193748;716.662243;1;1270;1;1271
ns1663818;1206151;1.000000;9.141146;1;5972;84;6056
ns1679495;1206151;3337055.001914;100.246101;2;49505;12;49517
ns1685374;1206151;-51.800913;96.218654;1;50627;1;50628
ns1688347;1206151;2.000000;5.051506;1;54;0;54
ns1690781;1206151;-1022.785697;17.664172;2;192;1;193
ns1696083;1206151;2.000000;13.475541;1;129;1;130
ns1758913;1206151;-1501.183256;124.830251;1;7186;7;7193
ns1760995;1206151;-1379.173237;142.000000;1;21008;8;21016
ns1778858;1206151;-22635740.000000;227.465047;2;301;0;301
ns1828997;1206151;0.000000;75.000000;2;871;3;874
ns1830653;1206151;6153.000000;57.880312;1;127;0;127
ns1849932;1206151;546.000000;6.131653;1;1062;6;1068
ns1853823;1206151;1172000.000000;1386.000000;2;51836;23;51859
ns1854840;1206151;143199999999.999939;1139.473260;2;6920;17;6937
ns1856153;1206151;0.000000;254.167528;1;150;0;150
ns1904248;1206151;0.000000;854.146124;14;2614;35;2649
ns1905797;1206151;11.750980;19.650000;1;196;1;197
ns1905800;1206151;6.436600;16.364665;1;41;0;41
ns1952667;1206151;0.000000;10.112982;1;213;1;214
ns2017839;1206151;77026281754033.437500;1.017799;2;7784;0;7784
ns2034125;1206151;0.000000;796.623735;2;1890;1;1891
ns2071214;1206151;0.000000;60.238929;1;81;0;81
ns2081729;1206151;4.600000;0.852000;2;3;0;3
ns2122698;1206151;62785.622771;194.641858;1;551;1;552
ns2124243;1206151;53998.333333;195.416667;1;462;1;463
ns2137859;1206151;24629.000000;42.075016;1;764;5;769
ns4-pr3;1206151;36073.000000;12.000000;1;100;0;100
ns4-pr6;1206151;29145.750000;8.875000;1;50;0;50
ns4-pr9;1206151;35175.000000;10.000000;1;93;0;93
ns894236;1206151;18.000000;199.238568;2;394;0;394
ns894244;1206151;16.000000;340.564115;2;1202;1;1203
ns894786;1206151;14.000000;210.712983;2;1355;2;1357
ns894788;1206151;7.000000;91.946694;2;173;0;173
ns903616;1206151;22.000000;385.201946;2;1043;2;1045
nsa;1206151;91.447940;7.482504;1;7;0;7
nsr8k;1206151;17500809.511815;639.929911;1;9036;3;9039
nsrand-ipx;1206151;646400.000000;0.000000;2;67;2;69
nu120-pr12;1206151;38070.000000;13.695833;1;47;0;47
nu120-pr3;1206151;21306.442308;42.751022;1;114;0;114
nu120-pr9;1206151;19062.500000;28.652083;1;87;0;87
nu25-pr12;1206151;52757.500000;11.900000;1;62;0;62
nu4-pr9;1206151;35175.000000;22.513333;1;92;0;92
nu60-pr9;1206151;22850.000000;28.383333;1;89;0;89
nucorsav;1206151;29.046100;81.032136;2;81855;273;82128
nursesched-medium-hint03;1206151;33.468485;460.316255;1;1175;3;1178
nursesched-medium04;1206151;411.000000;279.979978;2;776;7;783
nursesched-sprint-hidden09;1206151;580.911765;177.875000;2;428;2;430
nursesched-sprint-late03;1206151;34.254806;178.177416;1;406;2;408
nursesched-sprint02;1206151;129.416667;125.437500;2;257;2;259
nw04;1206151;16310.666667;2.000000;1;285;6;291
ofi;1206151;6131846109.620631;1781.999298;135;10040;145;10185
ofi2;1206151;6124829152.731160;3158.688481;133;7163;209;7372
oocsp-racks030e6cci;1206151;0.000000;0.000000;1;213;2;215
opm2-z10-s2;1206151;-18466.000000;0.000000;6;22933;15;22948
opm2-z10-s4;1206151;-16036.000000;-0.000000;5;22787;13;22800
opm2-z11-s8;1206151;-22036.000000;0.000000;5;50070;18;50088
opm2-z12-s14;1206151;-35782.000000;-0.000000;6;117700;27;117727
opm2-z12-s7;1206151;-36893.000000;-0.000000;6;108890;28;108918
opm2-z12-s8;1206151;-31528.000000;-0.000000;6;108433;26;108459
opm2-z6-s1;1206151;-3261.000000;-0.000000;4;310;1;311
opm2-z7-s2;1206151;-6001.000000;-0.000000;5;866;3;869
opm2-z7-s8;1206151;-6402.000000;-0.000000;5;752;3;755
opm2-z8-s0;1206151;-9570.000000;-0.000000;5;3918;5;3923
opt1217;1206151;-20.021390;8.225490;1;2;0;2
osorio-cta;1206151;0.000000;0.000035;1;63;0;63
p0201;1206151;6875.000000;20.000000;1;1;0;1
p100x588b;1206151;58977.000000;0.000000;2;1;0;1
p200x1188c;1206151;15747.000000;0.000000;2;2;0;2
p2756;1206151;2718.000000;2.345553;2;6;0;6
p500x2988;1206151;72594.000000;0.000000;2;32;0;32
p500x2988c;1206151;17212.000000;-0.000000;2;28;0;28
p500x2988d;1206151;6.000000;0.000000;2;25;0;25
p6b;1206151;-52.000000;0.000000;3;41;0;41
p80x400b;1206151;45896.000000;-0.000000;2;1;0;1
pb-fit2d;1206151;-22372.476239;842.898884;1;8411;12;8423
pb-gfrd-pnc;1206151;8316.011268;30.700616;1;135;1;136
pb-grow22;1206151;-449681.200587;122.632175;1;428;1;429
pb-market-split8-70-4;1206151;0.000000;2.197219;1;0;0;0
pb-simp-nonunif;1206151;6.000000;513.500000;2;3687;48;3735
peg-solitaire-a3;1206151;1.000000;289.311002;1;347;0;347
pg;1206151;-11098.657382;17.215049;2;4;0;4
pg5_34;1206151;-16012.248077;18.476238;2;6;0;6
physiciansched3-3;1206151;2432694.766159;1299.771515;17;59534;115;59649
physiciansched3-4;1206151;1124678.224456;1152.371387;12;34034;71;34105
physiciansched5-3;1206151;5180.000000;1064.207020;3;1320;3;1323
physiciansched6-1;1206151;7500.000000;756.571528;2;706;11;717
physiciansched6-2;1206151;43012.500000;757.225000;2;590;10;600
pigeon-08;1206151;-8000.000000;8.259740;1;1;0;1
pigeon-10;1206151;-10000.000000;13.559596;1;3;0;3
pigeon-11;1206151;-11000.000000;16.690909;1;3;0;3
pigeon-12;1206151;-12000.000000;21.818182;1;4;0;4
pigeon-13;1206151;-13000.000000;24.000000;1;4;0;4
pigeon-16;1206151;-16000.000000;74.018182;1;6;0;6
pigeon-19;1206151;-19000.000000;59.036364;1;33;0;33
pigeon-20;1206151;-20000.000000;62.509091;1;33;0;33
piperout-03;1206151;68814.997590;435.327133;6;364;2;366
piperout-08;1206151;99128.924471;558.342366;32;411;15;426
piperout-27;1206151;6970.000000;1154.464464;12;495;6;501
piperout-d20;1206151;25533.842105;676.796097;2;1082;2;1084
piperout-d27;1206151;7083.116279;1022.542306;2;1447;2;1449
pk1;1206151;0.000000;2.794444;1;0;0;0
polygonpack3-15;1206151;-96519350.409320;30.691342;3;1450;6;1456
polygonpack4-10;1206151;-93676953.470100;20.423850;3;520;2;522
polygonpack4-15;1206151;-114052801.790860;40.321265;3;1446;6;1452
polygonpack4-7;1206151;-75324958.874200;9.351219;3;269;1;270
polygonpack5-15;1206151;-42382234.503540;24.151449;3;1670;6;1676
pp08a;1206151;15000.000000;-0.000000;2;0;0;0
pp08aCUTS;1206151;16630.402442;0.000000;2;2;0;2
probportfolio;1206151;5.000000;15.184084;2;3;0;3
prod1;1206151;-100.000000;6.724950;2;1;0;1
prod2;1206151;-100.000000;4.433874;2;1;0;1
proteindesign121hz512p19;1206151;3197.772133;67.382130;1;17495;133;17628
proteindesign121hz512p9;1206151;1423.904449;61.920249;1;736;7;743
proteindesign121pgb11p9;1206151;1173.710433;49.777201;1;554;6;560
proteindesign122trx11p8;1206151;1720.461105;46.268597;1;514;6;520
protfold;1206151;0.000000;35.000000;2;16;0;16
pw-myciel4;1206151;0.000000;65.596829;6;35;0;35
pythago7824;1206151;0.000000;580.777778;6;736;2;738
pythago7825;1206151;0.000000;586.777778;8;899;3;902
qap10;1206151;332.566228;55.000000;1;356;0;356
qiu;1206151;1805.177143;0.000000;2;4;0;4
qnet1;1206151;98035.870000;7.221868;2;15;0;15
qnet1_o;1206151;96705.120000;-0.000000;2;8;0;8
queens-30;1206151;-29.000000;0.000000;3;189;1;190
r4l4-02-tree-bounds-50;1206151;510876207.000000;651.016667;2;55;0;55
r50x360;1206151;2016.000000;-0.000000;2;1;0;1
r80x800;1206151;5520.000000;-0.000000;2;1;0;1
radiationm18-12-05;1206151;17554.500000;196.038066;1;198;1;199
radiationm40-10-02;1206151;155306.700000;933.533000;1;1118;6;1124
rail01;1206151;-92.087300;2555.823708;1;10258;5;10263
rail02;1206151;-206.610200;3001.898333;1;125323;12;125335
rail03;1206151;-920.273762;12426.061971;1;166602;32;166634
rail507;1206151;215.000000;-0.000000;3;664;13;677
railway_8_1_0;1206151;397.000000;64.534158;3;10;0;10
ramos3;1206151;377.000000;-0.000000;3;1400;1;1401
ran12x21;1206151;4080.000000;0.000000;2;0;0;0
ran13x13;1206151;3521.000000;0.000000;2;0;0;0
ran14x18-disj-8;1206151;12451.012696;0.000000;2;21;0;21
ran14x18;1206151;4265.000000;0.000000;2;0;0;0
ran16x16;1206151;4333.000000;0.000000;2;1;0;1
rd-rplusc-21;1206151;100.000000;4.122769;1;496;1;497
reblock115;1206151;-39365983.337347;271.565472;1;192;0;192
reblock166;1206151;-886882876.965829;382.279623;1;497;0;497
reblock354;1206151;-39640995.765204;569.832903;3;987;1;988
reblock420;1206151;-886535897.522137;986.979676;1;2507;0;2507
reblock67;1206151;-39339910.923037;159.950504;1;53;0;53
rfds-4-days;1206151;-1158940.978167;54.113757;1;63413;26;63439
rlp1;1206151;13.244444;9.961905;1;1;0;1
rmatr100-p10;1206151;360.593308;9.692735;1;177;0;177
rmatr100-p5;1206151;762.040054;5.000000;1;450;0;450
rmatr200-p10;1206151;1550.620783;10.000000;1;11078;0;11078
rmatr200-p20;1206151;688.357943;19.982266;1;4053;0;4053
rmatr200-p5;1206151;3283.653831;5.000000;1;11666;0;11666
rmine10;1206151;-1926.821009;886.351115;2;3890;1;3891
rmine11;1206151;-2506.773510;1261.593346;9;11065;12;11077
rmine13;1206151;-3504.619914;1108.274293;2;41332;6;41338
rmine14;1206151;-4308.553472;2211.904816;7;96715;29;96744
rmine15;1206151;-5041.323514;4256.942532;5;177173;24;177197
rmine6;1206151;-435.437835;43.926940;14;121;2;123
rocI-3-11;1206151;-111086.671772;559.283036;1;47;0;47
rocI-4-11;1206151;-11111086.671772;810.679039;1;69;0;69
rocII-10-11;1206151;-11.974865;306.103805;1;572;2;574
rocII-4-11;1206151;-11.937162;82.500000;1;145;1;146
rocII-5-11;1206151;-11.949730;122.235744;1;178;1;179
rocII-7-11;1206151;-11.964093;207.332190;1;315;1;316
rocII-8-11;1206151;-11.968581;244.702313;1;456;2;458
rocII-9-11;1206151;-11.972072;276.465408;1;482;2;484
rococoB10-011000;1206151;8350.199468;49.840978;1;156;0;156
rococoC10-001000;1206151;7515.271029;14.886765;1;58;0;58
rococoC11-010100;1206151;8773.206543;49.895810;1;158;0;158
rococoC11-011100;1206151;9024.205406;56.603390;1;125;0;125
rococoC12-010001;1206151;26787.292147;50.829414;1;213;1;214
rococoC12-111000;1206151;27337.357381;53.501346;1;272;0;272
roi2alpha3n4;1206151;-80.526722;7.807845;2;706;9;715
roi5alpha10n8;1206151;-87.787142;16.000000;2;2145;29;2174
roll3000;1206151;11097.127677;46.776510;3;36;0;36
rout;1206151;981.864286;9.898077;1;2;0;2
rpp22falsei;1206151;0.000000;0.000000;1;48;0;48
rvb-sub;1206151;11.206514;4.571429;1;713;5;718
s100;1206151;-0.171097;43.263533;1;25673;18;25691
s1234;1206151;0.361925;1.578294;6;1760;2;1762
s250r10;1206151;-0.166732;112.777088;2;10330;25;10355
s55;1206151;-22.151773;0.000000;1;1680;3;1683
s82;1206151;-33.833613;638.111555;2;198057;167;198224
satellites1-25;1206151;-20.000000;46.054099;1;131;0;131
satellites2-25;1206151;-30.000000;232.549845;1;4555;2;4557
satellites2-40;1206151;-30.000000;128.145498;1;15351;2;15353
satellites2-60-fs;1206151;-30.000000;502.252135;1;2478;1;2479
satellites2-60;1206151;-30.000000;313.609113;1;16602;3;16605
satellites3-25;1206151;-39.000000;981.495523;1;201712;5;201717
satellites3-40-fs;1206151;-39.000000;956.482639;1;29091;4;29095
satellites3-40;1206151;-39.000000;963.650088;1;206691;6;206697
savsched1;1206151;22586.498620;0.000000;2;118205;40;118245
scpj4scip;1206151;213.000000;-0.000000;3;1244;20;1264
scpk4;1206151;599.000000;0.000000;3;2649;22;2671
scpl4;1206151;437.000000;-0.000000;3;4702;42;4744
scpm1;1206151;905.000000;0.000000;3;43918;123;44041
scpn2;1206151;764.000000;-0.000000;3;71132;255;71387
sct1;1206151;-218.139003;91.325460;1;1403;0;1403
sct2;1206151;-231.116964;15.708827;1;64;0;64
sct31;1206151;-31.962662;31.547827;1;168;0;168
sct32;1206151;-62.990833;53.144038;1;685;0;685
sct5;1206151;-228.176552;31.924007;2;291;2;293
seqsolve1;1206151;4376.282987;371.073706;19;4067;164;4231
seqsolve2short4288;1206151;4.450000;440.788269;4;2794;42;2836
seqsolve3short4288excess384;1206151;-46401.234768;425.509375;7;12881;62;12943
set1ch;1206151;110241.500000;-0.000000;2;1;0;1
set3-09;1206151;1263.077974;49.748593;3;45;0;45
set3-10;1206151;788.890655;50.612990;3;38;0;38
set3-15;1206151;8364.040745;53.876403;3;40;0;40
set3-16;1206151;9916.808562;58.149187;3;45;0;45
set3-20;1206151;10347.381087;53.849605;3;42;0;42
seymour-disj-10;1206151;326.000001;0.000002;3;1658;1;1659
seymour;1206151;460.000000;-0.000000;3;208;0;208
seymour1;1206151;426.819841;-0.000000;3;197;0;197
shiftreg1-4;1206151;131.656032;300.178571;1;60;0;60
shiftreg2-7;1206151;206.733052;275.753282;1;69;0;69
shiftreg5-1;1206151;520.839888;632.617991;1;320;0;320
shipsched;1206151;0.000000;2.147365;5;130;2;132
shipschedule3shipsi;1206151;-265650.000000;0.000000;1;38;0;38
shipschedule6shipsmixi;1206151;-301650.000000;0.000000;1;62;0;62
shipschedule8shipsmixuci;1206151;-401100.000000;0.000000;1;67;1;68
shs1014;1206151;22137.410363;350.541667;1;175195;18;175213
shs1042;1206151;9455.525826;684.883411;1;66162;19;66181
siena1;1206151;10163179.229002;146.859338;1;1555;1;1556
sing11;1206151;18640171.224643;331.879469;1;7898;7;7905
sing161;1206151;19071259.113927;996.464534;1;63830;36;63866
sing17;1206151;35483848.876514;554.751047;1;30388;21;30409
sing2;1206151;17150914.716940;252.506822;1;1696;1;1697
sing245;1206151;25024015.754083;519.079791;1;12097;11;12108
sing326;1206151;7717674.801189;203.886687;1;2562;2;2564
sing359;1206151;22534478.962498;1259.613224;1;80606;30;80636
sing44;1206151;8102513.219400;177.330369;1;2939;2;2941
sing5;1206151;18418516.013137;272.410096;1;3584;6;3590
snip10x10-35r1budget17;1206151;30.000000;2.533333;1;440;0;440
snp-02-004-104;1206151;548044802.975090;10.217187;2;4135;0;4135
snp-04-052-052;1206151;728196432.049806;735.582559;2;3530;2;3532
snp-06-004-052;1206151;1787138156.580973;33.734354;2;6167;1;6168
snp-10-004-052;1206151;5842625068.205259;48.106063;2;14552;2;14554
snp-10-052-052;1206151;5842626434.046261;1694.316668;2;15930;4;15934
sorrell3;1206151;-11.000000;0.000000;3;691;8;699
sorrell4;1206151;-16.000000;0.000000;3;2930;30;2960
sorrell7;1206151;-150.000000;0.000000;3;367;4;371
sorrell8;1206151;-260.000000;0.000000;3;77;1;78
sp150x300d;1206151;71.000000;0.000000;2;0;0;0
sp97ar;1206151;859516425.840000;0.000000;4;520;6;526
sp97ic;1206151;639243399.840000;0.000000;3;363;4;367
sp98ar;1206151;657784123.961774;1.599760;4;904;8;912
sp98ic;1206151;624669411.840000;0.000000;4;368;6;374
sp98ir;1206151;304993983.714031;8.100839;4;66;1;67
splice1k1;1206151;-1646.777979;8.512635;1;18896;7;18903
splice1k1i;1206151;-1654.000000;0.000000;1;196;6;202
square23;1206151;8.333333;12.444444;1;144;3;147
square31;1206151;8.500000;13.750000;1;794;13;807
square37;1206151;8.666667;15.000000;1;2374;31;2405
square41;1206151;8.839612;15.068891;1;3566;44;3610
square47;1206151;8.755814;15.976744;1;6479;88;6567
stoch-vrpvrp-s5v2c8vrp-v2c8i;1206151;0.000000;119.181818;1;33;0;33
stockholm;1206151;173.000000;0.000000;2;470;0;470
stp3d;1206151;604.886283;537.229946;2;24234;18;24252
sts405;1206151;357.000000;0.000000;3;556;2;558
sts729;1206151;665.000000;0.000000;3;3426;7;3433
supportcase1;1206151;20078.000000;0.020624;2;301;5;306
supportcase10;1206151;3.383924;1850.997936;1;10074;3;10077
supportcase11;1206151;-25.979452;762069.000000;1;288978;478;289456
supportcase12;1206151;-7609.533054;55.569104;1;1657;2;1659
supportcase14;1206151;272.000000;9.894737;1;4;0;4
supportcase16;1206151;272.000000;9.000000;1;2;0;2
supportcase17;1206151;0.000000;88.929601;2;9;0;9
supportcase18;1206151;87.000000;9.141806;2;51;1;52
supportcase19;1206151;12677206.000000;370.390975;1;26872;65;26937
supportcase2;1206151;0.000000;7.750000;1;9287;49;9336
supportcase20;1206151;2442.144012;4.882860;1;20;0;20
supportcase23;1206151;-12952.000000;674.436182;1;1510;0;1510
supportcase25;1206151;0.036932;10.829622;1;97;0;97
supportcase26;1206151;1288.102161;0.009948;2;2;0;2
supportcase27i;1206151;0.000000;0.028235;1;2;0;2
supportcase3;1206151;0.000000;754.600046;3;219;1;220
supportcase30;1206151;0.000000;102.857020;1;61;0;61
supportcase31;1206151;-1120655.076000;0.000000;3;1848;76;1924
supportcase33;1206151;-468.462990;67.367519;2;450;3;453
supportcase34;1206151;72.664116;328.063419;1;1207;2;1209
supportcase35;1206151;77847.333333;96.000000;2;118;0;118
supportcase37;1206151;-5865.764096;28.093523;2;822;0;822
supportcase39;1206151;-1062330.369524;22.808785;5;103;7;110
supportcase4;1206151;0.000000;537.153071;3;164;0;164
supportcase40;1206151;22536.483379;19.000000;1;254;0;254
supportcase41;1206151;28.000000;24.340373;5;299;1;300
supportcase42;1206151;7.343539;48.081295;1;1809;2;1811
supportcase43;1206151;0.000000;48.147044;2;51888;3;51891
supportcase6;1206151;45090.732163;30.239669;1;1391;7;1398
supportcase7;1206151;-2396.218213;53.147310;2;1892;0;1892
swath;1206151;334.496858;2.200000;1;42;0;42
swath1;1206151;334.496858;0.600000;1;35;0;35
swath2;1206151;334.496858;0.700000;1;34;0;34
swath3;1206151;334.496858;0.800000;1;33;0;33
t1717;1206151;134531.021428;79.098998;1;289;4;293
t1722;1206151;98815.407611;52.399108;1;151;2;153
ta1-UUM;1206151;3693674.556772;4.190418;1;4;0;4
ta2-UUE;1206151;41427354.755773;0.680983;2;163;0;163
tanglegram1;1206151;0.000000;146.000000;1;251;2;253
tanglegram2;1206151;0.000000;74.000000;1;39;0;39
tanglegram4;1206151;0.000000;214.000000;1;794;3;797
tanglegram6;1206151;0.000000;100.000000;1;61;0;61
tbfp-bigm;1206151;-178.153988;30.000000;1;269;0;269
tbfp-network;1206151;23.261535;31.000000;1;899;3;902
Test3;1206151;2669532.692462;22.368722;2;255;3;258
thor50dday;1206151;204179.000000;-0.000000;2;218;3;221
timtab1;1206151;1234325.333333;18.450000;2;0;0;0
timtab1CUTS;1206151;613590.095426;35.885811;2;3;0;3
timtab2;1206151;1487304.333333;29.783333;2;1;0;1
tokyometro;1206151;11100.000000;251.050363;2;77;0;77
toll-like;1206151;0.000000;339.500000;1;36;0;36
tpl-tub-ss16;1206151;8052373.477492;2148.906605;3;90392;281;90673
tpl-tub-ws1617;1206151;10498468.058836;2262.455897;3;121400;430;121830
tr12-30;1206151;188435.464884;3.580258;2;2;0;2
traininstance2;1206151;0.000000;641.708827;2;58;0;58
traininstance6;1206151;0.000000;381.122112;2;43;0;43
transportmoment;1206151;-70929535815.380005;783.890174;2;202;0;202
trento1;1206151;5182758.848056;76.181959;1;551;0;551
triptim1;1206151;22.868087;2090.375000;1;10391;3;10394
triptim2;1206151;10.866359;807.547954;1;10651;4;10655
triptim3;1206151;13.511741;809.069096;1;10628;3;10631
triptim4;1206151;9.207022;595.626838;1;11006;3;11009
triptim7;1206151;2336.732602;612.910017;2;11845;6;11851
triptim8;1206151;2336.754853;584.347661;2;12125;6;12131
tw-myciel4;1206151;3.838028;125.987676;4;171;0;171
uc-case11;1206151;611267.013003;118.928617;1;2816;0;2816
uc-case3;1206151;7181.264177;95.341586;1;2115;0;2115
uccase10;1206151;38988.693469;403.985961;1;2803;1;2804
uccase12;1206151;11507.285324;38.320000;1;2274;1;2275
uccase7;1206151;26527.789654;162.379998;1;3941;0;3941
uccase8;1206151;11142.163196;63.982247;1;3021;0;3021
uccase9;1206151;10819.582997;76.021209;1;4468;0;4468
uct-subprob;1206151;242.000000;56.889019;1;41;0;41
umts;1206151;91618146.215272;77.667697;2;49;0;49
unitcal_7;1206151;19387754.848556;143.965819;2;833;0;833
usAbbrv-8-25_70;1206151;95.000000;138.115058;3;35;0;35
usafa;1206151;11.961749;2881.373487;2;49760;161;49921
v150d30-2hopcds;1206151;54.000000;-0.000000;3;123;2;125
van;1206151;1.723520;5.404444;1;2364;0;2364
var-smallemery-m6j6;1206151;-156.056268;90.190835;2;1285;8;1293
vpm2;1206151;13.372866;5.698001;2;1;0;1
vpphard;1206151;0.000000;125.275000;1;226;3;229
vpphard2;1206151;0.000000;224.687229;1;675;13;688
wachplan;1206151;-9.000000;69.499445;1;45;0;45
wnq-n100-mw99-14;1206151;198.078947;81.026316;3;5070;29;5099
xmas10-2;1206151;-548.904684;180.189643;1;226;0;226
xmas10;1206151;-449.397905;132.337672;7;194;0;194
z26;1206151;-981.000000;0.000000;3;2740;46;2786
zeil;1206151;813.510308;818.357568;2;86679;13;86692
zib54-UUE;1206151;19164366.000000;-0.000000;2;49;0;49
