Instance;Seed;Cost;Fractionality;Rounds;LPtime(ms);ZItime(ms);SumLPZI(ms)
10teams;1206151;917.000000;36.457830;1;36;0;36
22433;1206151;21552.708079;24.962328;5;6;0;6
23588;1206151;8342.863244;17.617619;4;3;0;3
2club200v15p5scn;1206151;-96.055556;38.611111;7;144;7;151
30n20b8;1206151;5530.000000;16.175931;2;100;1;101
30_70_45_05_100;1206151;105.000000;-0.000000;5;905;3;908
30_70_45_095_100;1206151;58.000000;-0.000000;5;747;2;749
30_70_45_095_98;1206151;369.000000;0.000000;6;835;3;838
50v-10;1206151;1493601.476062;-0.000000;2;5;0;5
a1c1s1;1206151;20912.873333;0.041667;2;32;0;32
a2c1s1;1206151;20866.082500;0.000000;2;33;0;33
ab51-40-100;1206151;-6461729251.000002;-0.000000;3;907;1;908
ab67-40-100;1206151;-7069213256.000004;-0.000000;3;2631;2;2633
ab69-40-100;1206151;-7004957456.999997;-0.000000;3;2003;1;2004
ab71-20-100;1206151;-6510510462.000000;-0.000000;3;236;1;237
ab72-40-100;1206151;-6898618453.000008;-0.000000;3;813;1;814
academictimetablebig;1206151;32.000000;1997.079231;2;3246;23;3269
academictimetablesmall;1206151;0.000000;324.856010;2;242;3;245
acc-tight2;1206151;0.000000;129.034401;1;33;0;33
acc-tight4;1206151;0.000000;135.271717;1;61;0;61
acc-tight5;1206151;0.000000;121.269585;1;249;0;249
acc-tight6;1206151;0.000000;123.251301;1;297;0;297
adult-max5features;1206151;0.081316;0.266955;1;869;3;872
adult-regularized;1206151;0.077684;0.234052;1;1979;3;1982
aflow30a;1206151;983.167425;6.510845;1;5;0;5
aflow40b;1206151;1005.664817;8.247724;1;21;0;21
air03;1206151;338864.250000;11.875000;1;71;0;71
air04;1206151;55535.436388;52.288553;1;228;0;228
air05;1206151;25877.609268;46.215654;1;147;0;147
aligninq;1206151;2755.000000;40.921868;7;16;0;16
allcolor10;1206151;6.000000;749.769481;2;152;1;153
allcolor58;1206151;42.000000;3883.602450;1;1174;5;1179
amaze22012-03-15i;1206151;0.000000;0.000000;1;41;2;43
amaze22012-06-28i;1206151;0.000000;0.000000;1;31;0;31
amaze22012-07-04i;1206151;0.000000;0.000000;1;25;0;25
app1-1;1206151;-2.000000;0.179678;3;59;0;59
app1-2;1206151;-23.000000;0.000001;2;3892;1;3893
app2-1;1206151;19298.500000;0.000000;2;33;0;33
app2-2;1206151;219402.500000;0.000000;3;1;0;1
app3;1206151;5627412.287938;3.142492;1;36;0;36
arki001;1206151;7579599.807787;17.164714;1;33;0;33
assign1-10-4;1206151;353.992926;52.000000;1;36;0;36
assign1-5-8;1206151;183.362555;24.000000;1;2;0;2
atlanta-ip;1206151;81.243206;325.689509;3;4400;6;4406
atm20-100;1206151;2141734.684878;124.301066;2;96;0;96
australia-abs-cta;1206151;0.000000;39.202778;1;84;0;84
b-ball;1206151;-1.818182;4.818182;1;0;0;0
b1c1s1;1206151;69966.450000;0.000000;2;30;0;30
b2c1s1;1206151;70651.010000;0.000000;2;33;0;33
bab1;1206151;-286923.824223;50.520000;1;259;5;264
bab2;1206151;-350926.440227;560.525267;2;8602;24;8626
bab3;1206151;-579370.271196;518.325237;2;33572;47;33619
bab5;1206151;-111134.599976;185.900250;2;617;2;619
bab6;1206151;-224575.783183;667.210836;2;5950;17;5967
bc;1206151;13.063318;0.063318;2;98;0;98
bc1;1206151;6.455580;0.016336;2;98;0;98
beasleyC1;1206151;102.000000;0.000000;2;2;0;2
beasleyC2;1206151;232.000000;0.000000;2;2;0;2
beasleyC3;1206151;958.000000;-0.000000;2;3;0;3
beavma;1206151;407840.400000;0.000000;3;1;0;1
berlin;1206151;1741.000000;0.000000;2;27;0;27
berlin_5_8_0;1206151;52.000000;70.733830;3;5;0;5
bg512142;1206151;323992.007013;52.989642;3;27;0;27
biella1;1206151;3060037.430763;98.771008;1;267;0;267
bienst1;1206151;11.724138;4.390524;1;2;0;2
bienst2;1206151;11.724138;5.390524;1;2;0;2
binkar10_1;1206151;6637.188027;9.084811;1;7;0;7
blend2;1206151;7.489992;0.492283;2;0;0;0
bley_xl1;1206151;265.699568;343.861165;6;21876;24;21900
bley_xs1;1206151;213538830.272187;107.270480;3;149;0;149
bley_xs1noM;1206151;251120149.512445;78.388210;8;118;2;120
bley_xs2;1206151;48593009.277766;66.021410;2;21;0;21
blp-ar98;1206151;14303.194003;9.189386;9;102;15;117
blp-ic97;1206151;6123.238237;3.473359;16;82;19;101
blp-ic98;1206151;14141.050706;0.100000;4;125;6;131
blp-ir98;1206151;5639.818879;2.497817;2;49;1;50
bmocbd;1206151;-32041010095048.539062;0.000000;1;753;6;759
bmocbd2;1206151;-31953009810558.203125;0.000000;1;720;6;726
bmocbd3;1206151;45423160355.817528;0.000000;2;16648;12;16660
bmoipr2;1206151;-46628940.711141;0.184434;3;81;1;82
bnatt350;1206151;0.000000;93.793362;6;63;1;64
bnatt400;1206151;0.000000;109.069591;9;82;1;83
bppc4-08;1206151;51.590000;9.776528;1;16;0;16
bppc6-02;1206151;108.340000;11.886994;1;148;0;148
bppc6-06;1206151;200.633333;14.947367;1;171;0;171
bppc8-02;1206151;486.500000;3.204377;1;1;0;1
bppc8-09;1206151;444.436047;5.981230;1;5;0;5
brasil;1206151;31819.000000;0.000000;2;24;0;24
brazil3;1206151;2.000000;656.675844;1;1015;1;1016
breastcancer-regularized;1206151;0.000460;0.002809;1;8;0;8
bts4-cta;1206151;33524.637606;1130.000000;1;581;0;581
buildingenergy;1206151;33246.215059;1468.850000;2;16257;4;16261
cap6000;1206151;-2446875.000000;0.000000;3;44;0;44
cbs-cta;1206151;0.000000;27.746030;1;110;0;110
cdc7-4-3-2;1206151;-231.000000;-0.000000;3;37134;5;37139
chromaticindex1024-7;1206151;4.000000;16002.682953;2;2354;10;2364
chromaticindex128-5;1206151;4.000000;2021.163699;2;130;1;131
chromaticindex256-8;1206151;4.000000;4069.477083;2;384;3;387
chromaticindex32-8;1206151;4.000000;504.887500;2;19;0;19
chromaticindex512-7;1206151;4.000000;8183.527137;2;1080;5;1085
ci-s4;1206151;4.963809;19.526141;2;61;0;61
circ10-3;1206151;140.000000;155.071429;1;170;1;171
cmflsp40-24-10-7;1206151;52605868.952858;70.700930;3;347;0;347
cmflsp40-36-2-10;1206151;72898024.959478;295.649246;3;791;0;791
cmflsp50-24-10-4;1206151;64492612.641644;81.236085;3;392;0;392
cmflsp50-24-8-8;1206151;59814378.749021;131.869460;3;338;0;338
cmflsp60-36-2-6;1206151;97887903.946142;370.689759;3;1663;0;1663
CMS750_4;1206151;250.000000;258.584847;3;131;1;132
co-100;1206151;1250429.774879;9.799423;2;274;19;293
cod105;1206151;-8.000000;0.000000;3;492;1;493
comp07-2idx;1206151;0.000000;139.650000;2;1303;2;1305
comp08-2idx;1206151;0.000000;189.588538;3;173;1;174
comp12-2idx;1206151;11.000000;251.466598;3;1266;2;1268
comp16-3idx;1206151;4.000000;720.391848;1;8478;2;8480
comp21-2idx;1206151;0.000000;197.950000;2;836;1;837
control30-3-2-3;1206151;-20763026.787568;27.970540;1;6;0;6
core2536-691;1206151;803.000000;-0.000000;3;1685;4;1689
core2586-950;1206151;1162.000000;-0.000000;3;934;3;937
core4284-1064;1206151;1300.000000;-0.000000;3;5615;6;5621
core4872-1529;1206151;1844.000000;-0.000000;3;3353;6;3359
cost266-UUE;1206151;42001606.280000;-0.000000;2;87;0;87
cov1075;1206151;35.000000;0.000000;2;7;0;7
cryptanalysiskb128n5obj16;1206151;0.000000;7174.215397;2;851;7;858
csched007;1206151;269.251587;22.185714;1;39;0;39
csched008;1206151;171.000000;19.560203;1;9;0;9
csched010;1206151;332.422727;19.770202;1;36;0;36
cvrpa-n64k9vrpi;1206151;0.000000;206.143617;1;380;3;383
cvrpb-n45k5vrpi;1206151;0.000000;154.740458;1;142;1;143
cvrpp-n16k8vrpi;1206151;0.000000;50.204545;1;33;0;33
cvrpsimple2i;1206151;0.000000;19.850000;1;2;0;2
cvs08r139-94;1206151;-24.000000;-0.000000;3;15;0;15
cvs16r106-72;1206151;-10.000000;-0.000000;3;32;0;32
cvs16r128-89;1206151;-11.000000;-0.000000;3;40;0;40
cvs16r70-62;1206151;-5.000000;0.000000;3;35;0;35
cvs16r89-60;1206151;-7.000000;0.000000;3;35;0;35
d10200;1206151;12425.583005;34.236879;1;58;0;58
d20200;1206151;12229.625788;62.339279;1;329;1;330
dale-cta;1206151;0.000000;0.004764;1;313;0;313
dano3mip;1206151;576.231620;15.294513;1;1637;0;1637
dano3_3;1206151;576.231620;1.932181;1;1756;0;1756
dano3_5;1206151;576.231620;2.871834;1;1707;0;1707
danoint;1206151;62.637280;5.819184;1;13;0;13
dc1c;1206151;1754946.863638;139.834191;1;284;0;284
dc1l;1206151;203554787.784329;-0.000000;3;1158;16;1174
dcmulti;1206151;184858.396836;12.823814;3;3;0;3
decomp1;1206151;-120.000000;98.000000;1;44;0;44
decomp2;1206151;-160.000000;93.138889;1;53;0;53
dfn-bwin-DBE;1206151;797567.400000;0.000000;2;34;0;34
dfn-gwin-UUM;1206151;27467.257235;5.653537;1;1;0;1
dg012142;1206151;5895516.340434;39.442147;5;205;0;205
diameterc-mstc-v20a190d5i;1206151;291.000000;56.700000;1;34;0;34
diameterc-msts-v40a100d5i;1206151;324.000000;100.121212;1;38;0;38
disctom;1206151;-5000.000000;51.166667;1;222;0;222
disktom;1206151;-5000.000000;51.166667;1;204;0;204
dolom1;1206151;6556066.068315;110.606017;1;458;1;459
drayage-100-12;1206151;21458.311901;45.375525;1;59;0;59
drayage-100-23;1206151;11714.141979;44.659861;1;131;0;131
drayage-25-23;1206151;11714.141979;44.421956;1;139;0;139
drayage-25-27;1206151;26785.797043;41.335416;1;63;0;63
drayage-25-32;1206151;32519.997253;41.203921;1;61;0;61
ds-big;1206151;86.820068;30.669231;1;7964;22;7986
ds;1206151;57.234565;33.463549;1;1107;7;1114
dws008-01;1206151;708.876687;16.484655;2;58;0;58
dws008-03;1206151;717.896796;9.217365;2;163;2;165
dws012-01;1206151;3450.401707;26.235704;2;122;1;123
dws012-02;1206151;1584.690892;16.166549;2;223;2;225
dws012-03;1206151;1998.123968;18.170643;2;304;4;308
eil33-2;1206151;811.278996;3.615630;1;37;0;37
eilA101-2;1206151;803.373888;7.408683;1;887;7;894
eilB101;1206151;1075.247691;12.807028;1;20;0;20
eilC76-2;1206151;725.754458;7.780208;1;287;2;289
ej;1206151;1.000000;0.243844;1;0;0;0
elitserienhandball11i;1206151;0.000000;1421.352265;1;249;1;250
elitserienhandball13i;1206151;0.000000;1357.692232;1;260;1;261
elitserienhandball14i;1206151;0.000000;1543.757700;1;261;1;262
elitserienhandball3i;1206151;0.000000;1525.315516;1;247;1;248
enlight13;1206151;0.000000;0.500000;1;0;0;0
enlight15;1206151;0.000000;0.500000;1;0;0;0
enlight8;1206151;0.000000;0.500000;1;0;0;0
enlight_hard;1206151;0.000000;14.500000;1;0;0;0
eva1aprime5x5opt;1206151;-497.247729;0.959853;1;346;0;346
eva1aprime6x6opt;1206151;-495.492430;9.408398;1;1896;0;1896
ex10;1206151;100.000000;100.000000;1;17841;6;17847
ex1010-pi;1206151;314.000000;0.000000;3;780;5;785
ex9;1206151;81.000000;81.000000;1;1667;3;1670
exp-1-500-5-5;1206151;97666.305541;4.045842;2;2;0;2
f2000;1206151;1383.000000;1280.000000;2;3593;0;3593
f2gap201600;1206151;76429.862296;1.402159;1;3;0;3
f2gap401600;1206151;82274.237434;1.190020;1;5;0;5
f2gap40400;1206151;20650.898154;3.253580;1;1;0;1
f2gap801600;1206151;86570.120867;5.266841;1;5;0;5
fast0507;1206151;221.000000;-0.000000;3;607;12;619
fastxgemm-n2r6s0t2;1206151;27.000000;9.000000;1;32;0;32
fastxgemm-n2r7s4t1;1206151;27.000000;9.000000;1;35;0;35
fastxgemm-n3r21s3t6;1206151;84.000000;27.000000;1;2408;0;2408
fastxgemm-n3r22s4t6;1206151;84.000000;27.000000;1;2663;0;2663
fastxgemm-n3r23s5t6;1206151;84.000000;27.000000;1;2629;0;2629
fhnw-binpack4-48;1206151;0.000000;333.285714;2;153;0;153
fhnw-binpack4-58;1206151;0.000000;467.321429;2;143;1;144
fhnw-binpack4-77;1206151;0.000000;207.310714;2;122;0;122
fhnw-binschedule0;1206151;12632.888779;685.581929;3;12360;43;12403
fhnw-binschedule2;1206151;1706.886254;154.751416;3;191;4;195
fhnw-schedule-paira100;1206151;-36.643681;5.147307;2;143;0;143
fhnw-schedule-paira200;1206151;-73.826479;8.938667;2;264;3;267
fhnw-schedule-paira400;1206151;-146.941079;19.264310;2;1466;12;1478
fhnw-schedule-pairb200;1206151;-73.826479;516.184695;2;1266;6;1272
fhnw-schedule-pairb400;1206151;-146.941079;2338.646383;2;7825;25;7850
fhnw-sq2;1206151;0.000000;15.527645;1;4;0;4
fiball;1206151;137.069168;68.996028;1;117;1;118
fiber;1206151;1023943.760000;9.839127;2;3;0;3
fillomino7x7-0i;1206151;0.000000;0.000000;1;27;0;27
fixnet6;1206151;12170.000000;-0.000000;2;1;0;1
fjspeasy01i;1206151;216.000000;0.000000;1;34;0;34
flugpl;1206151;1167185.725592;3.538918;1;0;0;0
g200x740;1206151;45614.000000;-0.000000;2;2;0;2
g200x740i;1206151;44069.000000;-0.000000;2;2;0;2
gasprod1-1;1206151;4539.907530;51.519800;7885;739;6267;7006
gasprod1-2;1206151;1691.141291;51.497411;6853;553;4719;5272
gasprod1-3;1206151;3682.336923;49.221179;8368;615;6053;6668
gasprod2-1;1206151;1306101.609201;404.201103;19;1728;17;1745
gasprod2-2;1206151;1330631.091637;502.800224;36;1782;28;1810
gen-ip002;1206151;-511.036897;0.000000;3;0;0;0
gen-ip016;1206151;-9505.628173;1.906914;1;0;0;0
gen-ip021;1206151;6642.052620;2.217259;4;0;0;0
gen-ip036;1206151;-2162.833562;0.000000;3;0;0;0
gen-ip054;1206151;16786.476526;1.032398;5;0;0;0
gen;1206151;112130.040664;7.929263;1;3;0;3
genus-g31-8;1206151;-27.000000;112.333333;1;998;1;999
genus-g61-25;1206151;-58.000000;262.979034;1;842;2;844
genus-sym-g31-8;1206151;-27.000000;154.805251;2;3851;3;3854
genus-sym-g62-2;1206151;-54.000000;255.080518;2;21752;3;21755
genus-sym-grafo5708-48;1206151;-27.000000;115.165439;1;1251;0;1251
ger50-17-ptp-pop-3t;1206151;3466.324873;45.213645;1;110;0;110
ger50-17-ptp-pop-6t;1206151;6804.447088;50.477969;1;83;0;83
ger50-17-trans-dfn-3t;1206151;3453.475245;37.741927;1;153;1;154
ger50-17-trans-pop-3t;1206151;3456.252922;49.487013;1;159;1;160
ger50_17_trans;1206151;6850.628623;48.226110;1;145;1;146
germanrr;1206151;46445702.956442;53.468182;2;630;3;633
germany50-DBM;1206151;438028.000000;23.400000;1;133;0;133
germany50-UUM;1206151;597932.500000;24.400000;1;35;0;35
gesa2-o;1206151;25748173.191117;13.380406;2;4;0;4
gesa2;1206151;25477017.874283;13.267370;2;6;0;6
gfd-schedulen180f7d50m30k18-16i;1206151;18.000000;108.385679;1;5839;100;5939
gfd-schedulen180f7d50m30k18;1206151;1.000000;5019.413851;2;3390;24;3414
gfd-schedulen25f5d20m10k3i;1206151;3.000000;13.619895;1;65;1;66
gfd-schedulen55f2d50m30k3i;1206151;3.000000;27.695911;1;165;3;168
ghoulomb4-9-10i;1206151;9.000000;0.000000;1;65;2;67
glass-sc;1206151;23.000000;0.000000;3;122;1;123
glass4;1206151;800002400.000000;2.059524;1;1;0;1
gmu-35-40;1206151;-2400283.756506;1.911023;2;9;0;9
gmu-35-50;1206151;-2606307.146543;3.420099;2;19;0;19
gmut-75-50;1206151;-14182312.661731;4.988967;1;571;5;576
gmut-76-40;1206151;-14171086.316075;9.054451;1;210;1;211
gmut-76-50;1206151;-14173884.188063;4.201959;1;442;5;447
gmut-77-40;1206151;-14173396.636852;2.973250;1;243;1;244
go19;1206151;96.000000;-0.000000;3;4;0;4
gr4x6;1206151;229.050000;-0.000000;2;0;0;0
graph20-20-1rand;1206151;-37.000000;48.000000;1;40;0;40
graph20-80-1rand;1206151;-117.000000;142.000000;1;1572;1;1573
graph40-20-1rand;1206151;-157.000000;185.500000;1;4363;3;4366
graph40-40-1rand;1206151;-300.000000;341.969290;1;91559;10;91569
graphdraw-domain;1206151;12672.000000;21.071817;1;2;0;2
graphdraw-gemcutter;1206151;4310.000000;15.521554;1;1;0;1
graphdraw-grafo2;1206151;35762.000000;368.152985;1;762;3;765
graphdraw-mainerd;1206151;30496.000000;97.975651;1;84;0;84
graphdraw-opmanager;1206151;54717.000000;207.745488;1;438;1;439
gsvm2rl11;1206151;35640.343493;0.000000;2;372;0;372
gsvm2rl12;1206151;50.000000;-0.000000;2;509;0;509
gsvm2rl3;1206151;0.600000;-0.000000;2;3;0;3
gsvm2rl5;1206151;10.000000;-0.000000;2;8;0;8
gsvm2rl9;1206151;16356.825869;0.000000;2;62;0;62
gt2;1206151;13460.233074;0.728107;1;0;0;0
h50x2450;1206151;11147.731511;3.696751;1;28;0;28
h80x6320;1206151;3700.000000;0.000000;1;24;0;24
h80x6320d;1206151;5325.160104;2.515625;1;41;0;41
hanoi5;1206151;1926.000000;332.000000;4;148;1;149
haprp;1206151;3665963.213506;96.940858;1;4;0;4
harp2;1206151;-74353341.502300;5.485338;1;6;0;6
hgms-det;1206151;-53824.391476;32.676364;1;239;0;239
hgms30;1206151;-53349.215497;60.694272;1;8929;0;8929
hgms62;1206151;-53416.649907;61.317531;1;26445;0;26445
hypothyroid-k1;1206151;-2902.852586;39.591978;1;7951;2;7953
ic97_potential;1206151;4089.000000;54.966667;2;4;0;4
ic97_tension;1206151;3911.000000;15.366667;2;2;0;2
icir97_potential;1206151;6612.000000;166.866667;2;47;0;47
icir97_tension;1206151;6302.000000;97.366667;2;4;0;4
iis-100-0-cov;1206151;41.000000;0.000000;3;116;0;116
iis-bupa-cov;1206151;49.000000;-0.000000;3;169;1;170
iis-glass-cov;1206151;28.000000;0.000000;3;131;1;132
iis-hc-cov;1206151;22.000000;0.000000;3;172;3;175
iis-pima-cov;1206151;41.000000;-0.000000;3;227;1;228
irp;1206151;12123.530222;6.000000;1;77;1;78
istanbul-no-cutoff;1206151;51.110000;3.607411;1;432;0;432
ivu06-big;1206151;135.427718;95.799872;1;55946;164;56110
ivu06;1206151;135.901353;97.120377;1;15934;55;15989
ivu52;1206151;480.250439;81.742183;1;6978;15;6993
ivu59;1206151;884.456993;122.893682;1;106830;236;107066
janos-us-DDM;1206151;1488134.750000;22.375000;1;5;0;5
k16x240;1206151;11359.000000;0.000000;2;0;0;0
k16x240b;1206151;12874.000000;0.000000;2;0;0;0
k1mushroom;1206151;-4165.061224;43.877551;1;16829;7;16836
k1mushroomi;1206151;-4208.000000;0.000000;1;192;6;198
khb05250;1206151;126785464.000000;0.000000;2;1;0;1
l2p12;1206151;2.000000;1091.539196;1;335;1;336
l2p1i;1206151;1.000000;333.207461;1;794;13;807
l2p2i;1206151;1.000000;616.416460;1;56;1;57
lectsched-1-obj;1206151;0.000000;5.975758;2;227;6;233
lectsched-1;1206151;0.000000;3.151515;2;199;5;204
lectsched-2;1206151;0.000000;17.149242;5;113;7;120
lectsched-3;1206151;0.000000;21.203788;6;216;14;230
lectsched-4-obj;1206151;0.000000;12.853788;6;63;3;66
lectsched-5-obj;1206151;0.000000;4.117424;2;207;4;211
leo1;1206151;1181219706.240000;-0.000000;3;77;2;79
leo2;1206151;1344214233.440000;0.000000;3;167;4;171
liu;1206151;346.000000;11.003653;2;6;0;6
loopha13;1206151;6.279000;1.102160;2;204;1;205
lotsize;1206151;1335747.052789;7.405615;2;8;0;8
lr1dr02vc05v8a-t360;1206151;120706.326475;174.298112;1;907;0;907
lr1dr04vc05v17a-t360;1206151;247111.692480;335.090553;1;1693;1;1694
lr1dr12vc10v70b-t360;1206151;983950.247945;1069.593454;1;47050;10;47060
lr2-22dr3-333vc4v17a-t60;1206151;-72838.215835;239.748662;2;36371;8;36379
lrn;1206151;42701141.648089;65.099086;2;481;0;481
m100n500k4r1;1206151;-20.000000;-0.000000;3;7;0;7
macrophage;1206151;0.000000;339.000000;1;32;0;32
mad;1206151;0.000000;3.254396;1;1;0;1
manna81;1206151;-11868.000000;0.000000;3;41;0;41
map06;1206151;-406.181173;7.868443;1;2519;1;2520
map10;1206151;-602.176181;11.248146;1;2911;1;2912
map14;1206151;-778.549324;11.962355;1;2321;1;2322
map14860-20;1206151;-998.836419;10.400693;1;2509;1;2510
map16715-04;1206151;-296.267898;4.997036;1;2331;1;2332
map18;1206151;-932.782685;11.173489;1;2254;1;2255
map20;1206151;-998.836419;10.400693;1;2527;1;2528
mappingmesh3x3mpeg2i;1206151;87.555556;87.202393;1;36;0;36
mario-t-hard5i;1206151;-4482.000000;20.339623;1;1430;2;1432
markshare1;1206151;230.000000;0.000000;2;0;0;0
markshare2;1206151;454.000000;-0.000000;2;0;0;0
markshare_4_0;1206151;226.000000;0.000000;2;0;0;0
markshare_5_0;1206151;337.000000;0.000000;2;0;0;0
mas74;1206151;10482.795280;3.103514;1;1;0;1
mas76;1206151;38893.903641;2.555097;1;1;0;1
maxgasflow;1206151;-70929535.900000;662.357640;2;57;0;57
mc11;1206151;13509.000000;-0.000000;2;28;0;28
mc7;1206151;5796.000000;-0.000000;2;27;0;27
mc8;1206151;1929.000000;-0.000000;2;28;0;28
mcsched;1206151;193774.753707;340.221655;1;122;0;122
methanosarcina;1206151;0.000000;313.000000;1;106;0;106
mik-250-1-100-1;1206151;-0.000000;0.000000;2;2;0;2
mik-250-20-75-1;1206151;-0.000000;0.000000;2;3;0;3
mik-250-20-75-2;1206151;-0.000000;-0.000000;2;3;0;3
mik-250-20-75-3;1206151;-0.000000;-0.000000;2;3;0;3
mik-250-20-75-4;1206151;-0.000000;-0.000000;2;3;0;3
mik-250-20-75-5;1206151;0.000000;-0.000000;2;3;0;3
milo-v12-6-r1-58-1;1206151;410986.648167;129.905800;1;92;0;92
milo-v12-6-r1-75-1;1206151;669700.757896;208.836475;1;105;0;105
milo-v12-6-r2-40-1;1206151;205532.322265;97.329375;1;65;0;65
milo-v13-4-3d-3-0;1206151;23359.288017;1.476277;1;12;0;12
milo-v13-4-3d-4-0;1206151;34031.171805;2.550972;1;23;0;23
mine-166-5;1206151;-821763677.673139;187.331384;1;194;0;194
mine-90-10;1206151;-887165318.510226;202.375368;1;156;0;156
mining;1206151;-885962268.692866;8562.753844;62;125036;1659;126695
minutedispatchstrategy;1206151;1898.391429;412.137934;2;1545;3;1548
misc07;1206151;1415.000000;8.000000;1;3;0;3
mitre;1206151;114740.518481;224.156743;1;113;0;113
mkc;1206151;-581.850000;16.208843;3;36;0;36
mkc1;1206151;-611.850000;3.942199;3;37;0;37
mod010;1206151;6532.083333;14.166667;1;16;0;16
modglob;1206151;20786787.016883;-0.000000;2;2;0;2
moj-mining;1206151;-1520532907.350177;566.626558;2;46606;0;46606
momentum1;1206151;134660.011921;48.045264;2;1083;1;1084
momentum2;1206151;61266.821316;84.616225;3;764;2;766
momentum3;1206151;107721.824270;144.721031;3;8701;1;8702
mrcpspj30-15-5i;1206151;23.000000;189.992887;1;39;0;39
mrcpspj30-17-10i;1206151;25.000000;28.677778;1;35;0;35
mrcpspj30-53-3i;1206151;30.000000;43.135185;1;37;0;37
msc98-ip;1206151;19520966.151663;393.288169;2;2790;2;2792
mspp16;1206151;341.000000;1.241379;1;27827;146;27973
mspsphard01i;1206151;16.000000;0.000000;1;45;0;45
mspsphard03i;1206151;20.000000;0.000000;1;86;1;87
mtest4ma;1206151;60342.000000;0.000000;2;2;0;2
mushroom-best;1206151;0.000013;0.020200;1;471;1;472
mzzv11;1206151;-22556.460829;174.328454;2;424;1;425
mzzv42z;1206151;-18842.814586;198.473995;2;311;1;312
n13-3;1206151;14401970.000000;-0.000000;2;30;0;30
n15-3;1206151;71710891.000000;0.000000;2;3300;0;3300
n2seq36f;1206151;71600.000000;-0.000000;3;34;1;35
n2seq36q;1206151;116003.593822;43.392098;3;158;3;161
n3-3;1206151;24303430.000000;-0.000000;2;151;0;151
n3700;1206151;1342560.000000;0.000000;2;34;0;34
n3705;1206151;1342540.000000;0.000000;2;32;0;32
n3707;1206151;1301218.000000;0.000000;2;30;0;30
n3709;1206151;1324904.000000;-0.000000;2;29;0;29
n370a;1206151;1353042.000000;-0.000000;2;28;0;28
n370b;1206151;1373791.000000;-0.000000;2;30;0;30
n3div36;1206151;174200.000000;-0.000000;3;147;7;154
n3seq24;1206151;189433.068485;51.670786;3;2955;59;3014
n4-3;1206151;13501875.000000;-0.000000;2;62;0;62
n5-3;1206151;12301325.000000;-0.000000;2;17;0;17
n6-3;1206151;16502900.000000;-0.000000;2;38;0;38
n7-3;1206151;14704310.000000;-0.000000;2;41;0;41
n9-3;1206151;20703625.000000;-0.000000;2;151;0;151
nag;1206151;465.000000;13.770256;3;48;0;48
neos-1061020;1206151;-145860.370608;500.756757;1;928;0;928
neos-1067731;1206151;669053.000000;81.272727;1;504;0;504
neos-1109824;1206151;278.000000;22.000000;1;58;0;58
neos-1112782;1206151;22000000110147.347656;0.000000;2;25;0;25
neos-1112787;1206151;19500000125389.667969;0.000000;2;21;0;21
neos-1122047;1206151;161.000000;0.495966;2;495;0;495
neos-1171448;1206151;-309.000000;0.936995;2;81;0;81
neos-1171692;1206151;-273.000000;3.730892;2;39;0;39
neos-1171737;1206151;-195.000000;8.004699;2;41;0;41
neos-1225589;1206151;5000000000.000000;-0.000000;2;2;0;2
neos-1311124;1206151;-182.000000;5.000000;2;4;0;4
neos-1324574;1206151;4.500000;144.000000;1;34;0;34
neos-1330346;1206151;4.500000;76.500000;1;121;0;121
neos-1337307;1206151;-201272.000000;272.493985;2;53;0;53
neos-1354092;1206151;46.000000;238.398385;2;1055;1;1056
neos-1367061;1206151;31320456.264497;3.750000;2;1815;1;1816
neos-1396125;1206151;3000.053717;12.531496;2;8;0;8
neos-1420546;1206151;22124.400000;103.140678;1;384;0;384
neos-1420790;1206151;2942.750002;75.132359;1;50;0;50
neos-1423785;1206151;-1816.666667;311.971400;1;233;0;233
neos-1425699;1206151;3175204364.635297;5.264952;1;0;0;0
neos-1426635;1206151;-178.000000;6.429182;2;2;0;2
neos-1426662;1206151;-52.000000;10.501303;2;4;0;4
neos-1429212;1206151;30.000000;713.975748;1;5465;14;5479
neos-1430701;1206151;-78.000000;6.669599;2;2;0;2
neos-1436709;1206151;-129.000000;3.502607;2;3;0;3
neos-1440225;1206151;36.000000;33.503789;1;97;0;97
neos-1440460;1206151;-180.000000;4.859750;2;2;0;2
neos-1442119;1206151;-182.000000;2.580471;2;3;0;3
neos-1442657;1206151;-156.000000;4.002933;2;3;0;3
neos-1445532;1206151;-22877.000000;8.217460;2;88;0;88
neos-1445738;1206151;-24232.548846;16.301135;1;140;0;140
neos-1445743;1206151;-24579.832968;16.920281;1;144;0;144
neos-1445765;1206151;-24699.197660;17.625849;1;153;0;153
neos-1456979;1206151;154.000000;8.434222;1;41;0;41
neos-1516309;1206151;34769.833333;9.166667;2;27;0;27
neos-1582420;1206151;88.398466;56.693409;5;79;1;80
neos-1593097;1206151;4424.000000;55.795872;1;117;1;118
neos-1599274;1206151;32194.742857;6.464286;3;36;1;37
neos-1601936;1206151;1.000000;155.387702;1;850;0;850
neos-1603965;1206151;619244367.662955;0.000913;1;632;0;632
neos-1605061;1206151;6.150735;159.498166;1;2384;0;2384
neos-1605075;1206151;3.214461;176.495942;1;1950;0;1950
neos-1616732;1206151;174.000000;0.000000;3;6;0;6
neos-1620770;1206151;22.000000;35.000000;2;45;0;45
neos-2294525-abba;1206151;156.177251;16.071056;1;87;0;87
neos-2328163-agri;1206151;26069.000000;54.900000;1;70;0;70
neos-2624317-amur;1206151;0.000000;33.918936;1;2;0;2
neos-2629914-sudost;1206151;39622.000000;7.942933;1;210;0;210
neos-2652786-brda;1206151;0.000000;19.477348;2;1;0;1
neos-2657525-crna;1206151;0.000000;28.234944;2;1;0;1
neos-2669500-cust;1206151;2221.900000;230.198620;2;910;12;922
neos-2746589-doon;1206151;1985.750000;129.965898;2;295;5;300
neos-2974461-ibar;1206151;473452396.770997;3364.000000;2;208215;40;208255
neos-2978193-inde;1206151;-2.418518;7.400000;1;61;0;61
neos-2978205-isar;1206151;-12.415307;29.800000;1;211;0;211
neos-2987202-jeir;1206151;-1847551552.236608;1035.632796;2;66471;1;66472
neos-2987310-joes;1206151;-610797465.676974;19.875000;2;1649;0;1649
neos-2991472-kalu;1206151;459.673619;4.824670;13792;4291;764085;768376
neos-3004026-krka;1206151;0.000000;832.000000;1;52;0;52
neos-3009394-lami;1206151;0.642857;216.114286;2;4;0;4
neos-3024952-loue;1206151;22882.000000;103.300000;1;229;0;229
neos-3025225-shelon;1206151;0.052574;323.690533;1;99817;49;99866
neos-3046601-motu;1206151;185.000000;0.449200;1;1;0;1
neos-3046615-murg;1206151;192.000000;0.345800;1;0;0;0
neos-3048764-nadi;1206151;-3883988306.366695;0.000000;2;40;0;40
neos-3065804-namu;1206151;0.000000;0.000000;1;211;0;211
neos-3068746-nene;1206151;77427529.530929;55.412658;2;140;0;140
neos-3072252-nete;1206151;10593526.000000;1.938794;2;1;0;1
neos-3075395-nile;1206151;54.924462;0.000480;1;163;0;163
neos-3083784-nive;1206151;0.000000;12.000000;1;25;0;25
neos-3083819-nubu;1206151;6290575.552807;13.541087;1;47;0;47
neos-3116779-oban;1206151;0.000000;0.000000;1;24;0;24
neos-3118745-obra;1206151;357.000000;-0.000000;2;3;0;3
neos-3148108-pahi;1206151;0.000000;0.000000;1;269;1;270
neos-3209462-rhin;1206151;0.000000;49.451220;2;3960;1;3961
neos-3209519-ruhr;1206151;332.850000;25.900482;1;61;0;61
neos-3214367-sovi;1206151;87802.732596;99.258257;1;2053;0;2053
neos-3216931-puriri;1206151;58817.353066;51.622705;1;1199;0;1199
neos-3226448-wkra;1206151;0.000000;512.043709;1;766;0;766
neos-3237086-abava;1206151;0.000000;96.000000;1;265;2;267
neos-3322547-alsek;1206151;616.000000;115.178534;2;10173;66;10239
neos-3352863-ancoa;1206151;495300.000000;-0.000000;2;668;10;678
neos-3354841-apure;1206151;48447.926267;3.552995;1;2955;27;2982
neos-3355120-tarago;1206151;-20453473.616781;80.899969;1;594;1;595
neos-3355323-arnon;1206151;0.000000;21.818182;4;73;3;76
neos-3372571-onahau;1206151;0.576990;8.695953;2;1433;0;1433
neos-3373491-avoca;1206151;21687686014.015358;26.555947;1;7;0;7
neos-3381206-awhea;1206151;432.000000;61.334767;2;5;0;5
neos-3402294-bobin;1206151;0.000000;35.009213;1;1047;10;1057
neos-3426085-ticino;1206151;235.000000;41.787470;3;31;0;31
neos-3426132-dieze;1206151;427.000000;103.670666;2;68;0;68
neos-3437289-erdre;1206151;0.000000;0.000000;1;84;1;85
neos-3530903-gauja;1206151;170.000000;33.253136;3;4;0;4
neos-3530905-gaula;1206151;153.000000;29.042208;2;4;0;4
neos-3555904-turama;1206151;-41.450000;29.464286;1;861;4;865
neos-3572885-glina;1206151;0.000000;0.000000;1;429;2;431
neos-3581454-haast;1206151;1640.000000;52.000000;1;102;0;102
neos-3592146-hawea;1206151;7237144.855333;13.694653;1;43;0;43
neos-3594536-henty;1206151;383205.000000;2496.000000;1;141;1;142
neos-3603137-hoteo;1206151;0.000000;34.208333;3;41;1;42
neos-3610040-iskar;1206151;45.000000;0.000000;2;2;0;2
neos-3610051-istra;1206151;64.000000;0.000000;2;8;0;8
neos-3610173-itata;1206151;180.000000;-0.000000;2;6;0;6
neos-3611447-jijia;1206151;129.000000;-0.000000;2;3;0;3
neos-3611689-kaihu;1206151;151.000000;-0.000000;2;3;0;3
neos-3615091-sutlej;1206151;-1506391.117177;170.000000;1;1706;9;1715
neos-3627168-kasai;1206151;1020229.400000;0.000000;2;3;0;3
neos-3634244-kauru;1206151;0.000000;152.720000;1;4415;10;4425
neos-3636886-kereu;1206151;4092.957540;0.000020;2;53;1;54
neos-3656078-kumeu;1206151;-18774.700000;144.152983;2;213;1;214
neos-3660371-kurow;1206151;286.534383;18.305351;1;36;0;36
neos-3661949-lesse;1206151;688975700.000000;0.000260;2;54;0;54
neos-3665875-lesum;1206151;248.325000;39.496094;4;69;0;69
neos-3682128-sandon;1206151;79915933.274829;141.641588;2;261;1;262
neos-3691541-lonja;1206151;-0.079271;1.110009;2;39;0;39
neos-3695882-vesdre;1206151;-145935.214286;38.625310;1;508;3;511
neos-3696678-lyvia;1206151;4.906890;306.477181;2;44;0;44
neos-3699377-maori;1206151;135877.224265;88.272067;2;101;0;101
neos-3703351-marne;1206151;317056.210386;66.756370;2;59;0;59
neos-3740487-motru;1206151;152.145486;83.106404;2;41437;63;41500
neos-3754480-nidda;1206151;-1216923.270104;12.186832;1;3;0;3
neos-3755335-nizao;1206151;50.030157;72.893283;2;525;1;526
neos-3759587-noosa;1206151;48.334468;3.376667;2;346;1;347
neos-3761878-oglio;1206151;422769.022545;76.021852;2;47;0;47
neos-3762025-ognon;1206151;603955.746492;55.414542;2;36;0;36
neos-4165869-wannon;1206151;282.410166;67.168679;3;623;5;628
neos-4230265-orari;1206151;10055874880.871296;2982.245145;241;4397;149;4546
neos-4260495-otere;1206151;3336.109119;251.271690;2;861;15;876
neos-4285819-pedja;1206151;9.198014;17.924816;2;126549;91;126640
neos-4290317-perth;1206151;6352398.055740;0.000000;2;608;1;609
neos-4292145-piako;1206151;203075008.660562;3215.980526;241;3437;150;3587
neos-4295773-pissa;1206151;0.000000;3220.505376;1;5269;4;5273
neos-4300652-rahue;1206151;0.000000;49.000000;2;698;2;700
neos-4306827-ravan;1206151;-35696.901913;2144.305389;5;755;35;790
neos-4321076-ruwer;1206151;1880.558333;39.333333;1;15684;1;15685
neos-4322846-ryton;1206151;0.419848;26.000000;1;514;5;519
neos-4332801-seret;1206151;222328.384492;6070.103294;3;116910;2704;119614
neos-4332810-sesia;1206151;-33931.341204;4092.283880;13;109544;9695;119239
neos-4333464-siret;1206151;24.731464;0.125000;2;63;0;63
neos-4333596-skien;1206151;-14653956.914930;0.180763;1;19;0;19
neos-4335793-snake;1206151;0.000000;300.868689;2;1100;2;1102
neos-4338804-snowy;1206151;1447.000000;0.330000;3;5;0;5
neos-4343293-stony;1206151;51.627360;0.500000;2;76;0;76
neos-4355351-swalm;1206151;33.822611;0.094819;2;196;3;199
neos-4358725-tagus;1206151;6199.400001;198.323744;73;620;20;640
neos-4359986-taipa;1206151;0.296593;39.062139;1;1127;1;1128
neos-4360552-sangro;1206151;-29.500000;557.645354;1;13002;1;13003
neos-4387871-tavua;1206151;36.445048;0.200000;2;50;0;50
neos-4391920-timok;1206151;0.000009;37.747142;1;6827;4;6831
neos-4393408-tinui;1206151;340.267489;0.200000;2;51;0;51
neos-4408804-prosna;1206151;914.483516;66.321429;1;2848;1;2849
neos-4409277-trave;1206151;0.000000;347.723278;1;2371;1;2372
neos-4413714-turia;1206151;43.474651;371.333441;1;1968;10;1978
neos-4532248-waihi;1206151;0.000000;26.333333;1;688;4;692
neos-4533806-waima;1206151;3063.318841;99.000000;1;1126;9;1135
neos-4545615-waita;1206151;3606.594190;108.263827;1;15554;71;15625
neos-4555749-wards;1206151;3026.812121;68.666667;1;926;9;935
neos-4562542-watut;1206151;3743.304348;85.428571;1;3559;13;3572
neos-4647027-thurso;1206151;26911.641616;127.083433;1;2517;0;2517
neos-4647030-tutaki;1206151;26911.641616;130.175014;1;2805;0;2805
neos-4647032-veleka;1206151;26587.908699;174.815461;1;3860;0;3860
neos-4650160-yukon;1206151;-22688.547680;228.864000;1;4;0;4
neos-4722843-widden;1206151;1841.255082;1452.768981;2;410;6;416
neos-4724674-aorere;1206151;3758.753179;59.078997;3;520;11;531
neos-4736745-arroux;1206151;653873224.676537;1.560199;2;42;0;42
neos-4738912-atrato;1206151;617323325.173629;52.400465;2;49;0;49
neos-4754521-awarau;1206151;0.000000;0.000000;1;1355;7;1362
neos-4760493-puerua;1206151;1908.243695;237.071976;1;33225;3;33228
neos-476283;1206151;406.244708;4.622056;2;4224;0;4224
neos-4763324-toguru;1206151;1120.986062;232.945926;1;34434;2;34436
neos-4797081-pakoka;1206151;0.000000;827.858104;1;6091;3;6094
neos-4805882-barwon;1206151;1676.929283;206.756435;2;242;2;244
neos-480878;1206151;515.138796;1.008444;2;20;0;20
neos-4954274-beardy;1206151;18659.208282;301.285291;2;1056;2;1058
neos-4954672-berkel;1206151;3733961.000000;4.007059;2;3;0;3
neos-4966258-blicks;1206151;354.545455;450.828848;3;1547;4;1551
neos-4971100-bodrog;1206151;0.000000;-0.000000;2;84;0;84
neos-4972437-bojana;1206151;355.557128;31.979415;2;8899;4;8903
neos-4972461-bolong;1206151;465.045599;50.250248;2;4843;3;4846
neos-4976951-bunnoo;1206151;375.694372;25.259996;2;7066;4;7070
neos-4984115-canche;1206151;-10414620.716097;6.967648;1;17885;0;17885
neos-498623;1206151;16.000000;44.057510;1;122;0;122
neos-5013590-toitoi;1206151;1064.447092;169.000000;1;12461;1;12462
neos-5018451-chiese;1206151;-149772385.216405;18.530618;1;66112;1;66113
neos-503737;1206151;50.000000;47.555718;1;34;0;34
neos-5041822-cockle;1206151;5696053.417116;2.418448;3;2672;29;2701
neos-5044663-wairoa;1206151;4653100.000000;541.481293;1;21934;2;21936
neos-5045105-creuse;1206151;19.066670;21.458183;1;77;0;77
neos-5049753-cuanza;1206151;464.000000;69.600000;3;2479;5;2484
neos-5051588-culgoa;1206151;128.750000;31.449091;1;105;0;105
neos-5052403-cygnet;1206151;219.147435;87.133886;8;37764;184;37948
neos-506422;1206151;0.000000;6.900000;1;48;0;48
neos-506428;1206151;145945.000000;95.648936;1;559;2;561
neos-5075914-elvire;1206151;277.341888;3.120913;2;48;0;48
neos-5076235-embley;1206151;1930.000000;0.115385;2;801;0;801
neos-5078479-escaut;1206151;7280.474567;0.467977;2;44;0;44
neos-5079731-flyers;1206151;2004.000000;1.087912;2;789;0;789
neos-5083528-gimone;1206151;0.000000;20.875000;1;275;4;279
neos-5093327-huahum;1206151;3934.000000;1.841667;2;797;0;797
neos-5100895-inster;1206151;2084.000000;3.582418;2;555;0;555
neos-5102383-irwell;1206151;1740.000000;2.483516;2;944;0;944
neos-5104907-jarama;1206151;639.917149;50.953837;2;9322;5;9327
neos-5106984-jizera;1206151;721.000000;3.500000;2;3812;7;3819
neos-5107597-kakapo;1206151;0.000000;0.591250;2;44;0;44
neos-5108386-kalang;1206151;620.501637;57.690941;2;13761;8;13769
neos-5114902-kasavu;1206151;518.000000;138.000000;3;10275;15;10290
neos-5115478-kaveri;1206151;0.000000;0.529375;2;38;0;38
neos-5116085-kenana;1206151;452.000000;142.000000;3;5850;11;5861
neos-5118834-korana;1206151;569.216333;123.504863;2;12505;6;12511
neos-5118851-kowhai;1206151;1134.000000;5.880000;2;5626;9;5635
neos-5123665-limmat;1206151;652.427430;71.017903;2;17696;10;17706
neos-5125849-lopori;1206151;0.000000;51.956886;1;40;0;40
neos-5129192-manaia;1206151;0.000000;3.769231;1;4394;12;4406
neos-5138690-middle;1206151;605.364996;106.306535;2;16103;9;16112
neos-5140963-mincio;1206151;8877.000000;2.142857;1;1;0;1
neos-5149806-wieprz;1206151;0.027694;5.514108;5;412;16;428
neos-5151569-mologa;1206151;686023627.750363;27.702234;2;2138;5;2143
neos-5178119-nalagi;1206151;8.569859;18.661577;2;72;1;73
neos-5182409-nasivi;1206151;0.000000;18.212177;1;7;0;7
neos-5188808-nattai;1206151;0.000000;13.024442;1;362;0;362
neos-5189128-totara;1206151;330131.390743;21.863581;1;975;2;977
neos-5192052-neckar;1206151;-11980000.000000;0.333333;3;1;0;1
neos-5193246-nerang;1206151;0.000000;792.331614;1;825;1;826
neos-5195221-niemur;1206151;0.000000;700.447361;1;855;1;856
neos-5196530-nuhaka;1206151;0.000000;750.534707;1;588;1;589
neos-520729;1206151;-1391291.666667;8.760000;1;553;1;554
neos-5221106-oparau;1206151;0.000000;61.698592;1;275;1;276
neos-5223573-tarwin;1206151;0.105800;0.258185;1;15466;3;15469
neos-5251015-ogosta;1206151;0.105800;0.226665;1;13384;2;13386
neos-525149;1206151;60.000000;3.500000;1;309;6;315
neos-5260764-orauea;1206151;58748.022532;10.633838;1;72;0;72
neos-5261882-treska;1206151;22721.328000;6.436135;1;15;0;15
neos-5266653-tugela;1206151;20969.906674;15.508215;1;157;1;158
neos-5273874-yomtsa;1206151;0.000000;0.215200;1;15342;2;15344
neos-555001;1206151;910619.201473;185.329242;1;31;0;31
neos-555343;1206151;1241512.549440;273.503416;1;36;0;36
neos-555424;1206151;1196312.549440;237.883186;1;43;0;43
neos-555884;1206151;1026121.836055;271.320900;1;45;0;45
neos-565672;1206151;43884.639336;66.477422;3;15671;19;15690
neos-574665;1206151;4948073.456141;10.746401;1;33;0;33
neos-578379;1206151;0.000000;134.758643;1;1187;1;1188
neos-585192;1206151;-1999690.155301;98.986683;2;186;0;186
neos-585467;1206151;-1999711.795869;82.239088;2;24;0;24
neos-595904;1206151;61134.474995;16.114622;2;60;0;60
neos-619167;1206151;1.481241;34.850492;1;108;0;108
neos-631517;1206151;6494999.999936;60.866544;1;11;0;11
neos-631710;1206151;544.000000;293.451970;2;6578;16;6594
neos-633273;1206151;4678552871.152559;377.739286;1;190;0;190
neos-662469;1206151;184340.629649;96.375734;1;424;1;425
neos-686190;1206151;5134.813830;17.515957;1;102;0;102
neos-691058;1206151;234.000000;83.065598;1;180;0;180
neos-693347;1206151;234.000000;75.573465;1;738;0;738
neos-738098;1206151;-1099.000000;225.695149;1;126;1;127
neos-777800;1206151;-80.000000;68.220262;1;69;0;69
neos-780889;1206151;3421500.000000;0.000000;1;622;8;630
neos-787933;1206151;300.000000;-0.000000;2;237;18;255
neos-799711;1206151;-11228065.153797;0.981255;1;1035;0;1035
neos-799716;1206151;4932670.661692;0.616814;1;127;0;127
neos-807639;1206151;492.688889;1.370370;2;10;0;10
neos-820879;1206151;24874.267857;62.867619;1;121;0;121
neos-824661;1206151;51.000000;60.642857;2;256;1;257
neos-824695;1206151;42.000000;33.800000;3;127;1;128
neos-826224;1206151;130.000000;70.000000;3;215;3;218
neos-826650;1206151;32.000000;109.347222;2;44;0;44
neos-826694;1206151;73.000000;92.333333;3;96;2;98
neos-826812;1206151;70.011000;151.137255;3;108;1;109
neos-826841;1206151;32.008200;110.679849;2;45;0;45
neos-827015;1206151;2.098071;332.649497;1;1683;3;1686
neos-827175;1206151;116.001520;83.555556;2;166;1;167
neos-829552;1206151;2.098071;250.649497;1;1477;1;1478
neos-831188;1206151;1.767720;215.733333;1;71;0;71
neos-847302;1206151;0.000000;49.875712;1;64;0;64
neos-848198;1206151;168781.000000;-0.000000;2;137;0;137
neos-848589;1206151;0.000000;0.075873;1;1457;1;1458
neos-849702;1206151;0.000000;87.382423;1;18;0;18
neos-850681;1206151;2087.000000;60.770833;1;106;0;106
neos-860300;1206151;1666.068586;9.000000;1;52;1;53
neos-872648;1206151;52.672838;0.000000;2;1267;8;1275
neos-873061;1206151;152.431558;-0.000000;2;1130;6;1136
neos-876808;1206151;10030.533833;259.649605;2;6125;11;6136
neos-885086;1206151;-243.000000;13.945733;2;187;0;187
neos-885524;1206151;11771.555290;9.581376;2;168;8;176
neos-911880;1206151;23.260000;17.986476;1;2;0;2
neos-911970;1206151;23.260000;14.456206;1;3;0;3
neos-913984;1206151;1000.000000;33.522949;1;164;3;167
neos-914441;1206151;5660364.283770;78.177859;1;1726;0;1726
neos-916792;1206151;26.203596;16.256328;2;86;0;86
neos-932721;1206151;513000.000000;-0.000000;3;104;4;108
neos-932816;1206151;513000.000000;0.000000;2;220;7;227
neos-933562;1206151;0.000000;237.810567;1;65;0;65
neos-933638;1206151;462013.000000;-0.000000;2;271;6;277
neos-933966;1206151;424032.000000;0.000000;2;183;5;188
neos-934278;1206151;446011.000000;-0.000000;2;327;3;330
neos-935234;1206151;422081.000000;-0.000000;2;370;1;371
neos-935627;1206151;23250.000000;-0.000000;2;431;1;432
neos-935769;1206151;23430.000000;-0.000000;2;376;1;377
neos-937511;1206151;52640.000000;-0.000000;2;463;1;464
neos-937815;1206151;53700.000000;-0.000000;2;624;1;625
neos-941262;1206151;51543.000000;0.000000;2;418;1;419
neos-941313;1206151;9361.000000;325.995652;1;651;9;660
neos-942830;1206151;12.000000;68.941632;1;36;0;36
neos-948126;1206151;51842.000000;-0.000000;2;452;1;453
neos-948346;1206151;-208.675026;5.578968;5;544;27;571
neos-950242;1206151;2.000000;94.000000;2;137;1;138
neos-953928;1206151;-99.806667;0.000000;3;313;5;318
neos-954925;1206151;-217.766667;-0.000000;5;1145;38;1183
neos-956971;1206151;-230.740000;2.884533;4;831;24;855
neos-957143;1206151;-205.296379;49.220165;4;583;18;601
neos-957323;1206151;-211.802593;25.331104;3;400;13;413
neos-957389;1206151;1.500000;30.754586;1;114;2;116
neos-960392;1206151;-238.000000;303.359003;1;281;3;284
neos-983171;1206151;52602.000000;0.000000;2;462;1;463
neos-984165;1206151;52002.000000;0.000000;2;507;1;508
neos13;1206151;-126.178378;42.160092;2;286;0;286
neos15;1206151;144796.909577;0.000000;2;1;0;1
neos16;1206151;429.000000;13.142857;2;3;0;3
neos17;1206151;0.222688;0.000000;2;8;0;8
neos18;1206151;11.000000;59.000000;3;82;1;83
neos2;1206151;-4717.666848;6.724359;1;8;0;8
neos22;1206151;413700.000000;227.000000;1;35;0;35
neos5;1206151;17.250000;0.000000;2;1;0;1
neos6;1206151;110.989760;27.902196;4;112;7;119
neos8;1206151;-2885.143864;22.041691;3;827;7;834
neos808444;1206151;0.000000;221.165702;1;231;1;232
neos9;1206151;780.000000;44.250000;1;310;0;310
net12;1206151;47.514236;132.660069;3;1258;1;1259
netdiversion;1206151;454.400000;774.400000;3;9696;19;9715
newdano;1206151;11.724138;8.447296;1;3;0;3
nexp-150-20-1-5;1206151;84.000000;0.000000;2;40;0;40
nexp-150-20-8-5;1206151;656.000000;-0.000000;2;84;1;85
nexp-50-20-1-1;1206151;34.000000;-0.000000;2;1;0;1
nexp-50-20-4-2;1206151;120.000000;0.000000;2;2;0;2
nh97_potential;1206151;1461.000000;72.750000;2;5;0;5
nh97_tension;1206151;1438.000000;81.583333;2;2;0;2
nj1;1206151;0.000000;607.000000;1;560;1;561
nj2;1206151;0.000000;607.000000;1;662;1;663
nj3;1206151;0.000000;607.000000;1;67833;1;67834
nobel-eu-DBE;1206151;7662120.000000;-0.000000;2;93;0;93
noswot;1206151;-9.000000;0.000000;2;1;0;1
ns1111636;1206151;96.250000;19.250000;1;606;2;608
ns1116954;1206151;0.000000;144.400486;1;899;1;900
ns1208400;1206151;0.000000;89.166140;1;64;0;64
ns1430538;1206151;73.621609;10.155449;1;612;0;612
ns1456591;1206151;361.939022;19.000000;1;122;1;123
ns1606230;1206151;13.225000;182.603065;1;2101;0;2101
ns1631475;1206151;817.193748;716.662243;1;1423;1;1424
ns1663818;1206151;1.000000;9.141146;1;6084;85;6169
ns1679495;1206151;3337055.001914;100.246101;2;50248;12;50260
ns1685374;1206151;-51.800913;96.218654;1;53392;1;53393
ns1688347;1206151;2.000000;5.051506;1;66;0;66
ns1690781;1206151;-1022.785697;17.664172;2;182;1;183
ns1696083;1206151;2.000000;13.475541;1;138;1;139
ns1758913;1206151;-1501.183256;124.830251;1;7319;6;7325
ns1760995;1206151;-1379.173237;142.000000;1;21580;9;21589
ns1778858;1206151;-22635740.000000;227.465047;2;285;0;285
ns1828997;1206151;0.000000;75.000000;2;952;3;955
ns1830653;1206151;6153.000000;57.880312;1;126;0;126
ns1849932;1206151;546.000000;6.131653;1;1057;6;1063
ns1853823;1206151;1172000.000000;1386.000000;2;53853;23;53876
ns1854840;1206151;143199999999.999939;1139.473260;2;6904;14;6918
ns1856153;1206151;0.000000;254.167528;1;157;0;157
ns1904248;1206151;0.000000;854.146124;14;2635;36;2671
ns1905797;1206151;11.750980;19.650000;1;192;1;193
ns1905800;1206151;6.436600;16.364665;1;42;0;42
ns1952667;1206151;0.000000;10.112982;1;215;1;216
ns2017839;1206151;77026281754033.437500;1.017799;2;7818;0;7818
ns2034125;1206151;0.000000;796.623735;2;1903;1;1904
ns2071214;1206151;0.000000;60.238929;1;82;0;82
ns2081729;1206151;4.600000;0.852000;2;3;0;3
ns2122698;1206151;62785.622771;194.641858;1;553;1;554
ns2124243;1206151;53998.333333;195.416667;1;464;1;465
ns2137859;1206151;24629.000000;42.075016;1;815;5;820
ns4-pr3;1206151;36073.000000;12.000000;1;101;0;101
ns4-pr6;1206151;29145.750000;8.875000;1;65;0;65
ns4-pr9;1206151;35175.000000;10.000000;1;77;0;77
ns894236;1206151;18.000000;199.238568;2;380;0;380
ns894244;1206151;16.000000;340.564115;2;1205;2;1207
ns894786;1206151;14.000000;210.712983;2;1437;2;1439
ns894788;1206151;7.000000;91.946694;2;172;0;172
ns903616;1206151;22.000000;385.201946;2;1094;2;1096
nsa;1206151;91.447940;7.482504;1;7;0;7
nsr8k;1206151;17500809.511815;639.929911;1;8654;3;8657
nsrand-ipx;1206151;646400.000000;0.000000;2;67;2;69
nu120-pr12;1206151;38070.000000;13.695833;1;43;0;43
nu120-pr3;1206151;21306.442308;42.751022;1;110;0;110
nu120-pr9;1206151;19062.500000;28.652083;1;77;0;77
nu25-pr12;1206151;52757.500000;11.900000;1;47;0;47
nu4-pr9;1206151;35175.000000;22.513333;1;80;0;80
nu60-pr9;1206151;22850.000000;28.383333;1;79;0;79
nucorsav;1206151;29.046100;81.032136;2;81876;268;82144
nursesched-medium-hint03;1206151;33.468485;460.316255;1;1203;3;1206
nursesched-medium04;1206151;411.000000;279.979978;2;786;7;793
nursesched-sprint-hidden09;1206151;580.911765;177.875000;2;348;3;351
nursesched-sprint-late03;1206151;34.254806;178.177416;1;443;1;444
nursesched-sprint02;1206151;129.416667;125.437500;2;263;2;265
nw04;1206151;16310.666667;2.000000;1;285;6;291
ofi;1206151;6131846109.620631;1781.999298;135;10290;145;10435
ofi2;1206151;6124829152.731160;3158.688481;133;7083;221;7304
oocsp-racks030e6cci;1206151;0.000000;0.000000;1;209;2;211
opm2-z10-s2;1206151;-19912.000000;0.000000;4;23752;10;23762
opm2-z10-s4;1206151;-17801.000000;-0.000000;4;24260;10;24270
opm2-z11-s8;1206151;-24040.000000;0.000000;4;50110;15;50125
opm2-z12-s14;1206151;-39815.000000;-0.000000;6;121549;27;121576
opm2-z12-s7;1206151;-39769.000000;-0.000000;5;111653;24;111677
opm2-z12-s8;1206151;-34893.000000;-0.000000;5;109786;26;109812
opm2-z6-s1;1206151;-2356.000000;-0.000000;3;340;1;341
opm2-z7-s2;1206151;-7132.000000;-0.000000;4;918;2;920
opm2-z7-s8;1206151;-6856.000000;-0.000000;4;773;2;775
opm2-z8-s0;1206151;-8004.000000;-0.000000;3;3809;3;3812
opt1217;1206151;-20.021390;8.225490;1;2;0;2
osorio-cta;1206151;0.000000;0.000035;1;62;0;62
p0201;1206151;6875.000000;20.000000;1;1;0;1
p100x588b;1206151;58977.000000;0.000000;2;1;0;1
p200x1188c;1206151;15747.000000;0.000000;2;1;0;1
p2756;1206151;2718.000000;2.345553;2;5;0;5
p500x2988;1206151;72594.000000;0.000000;2;27;0;27
p500x2988c;1206151;17212.000000;-0.000000;2;26;0;26
p500x2988d;1206151;6.000000;0.000000;2;24;0;24
p6b;1206151;-53.000000;0.000000;3;45;0;45
p80x400b;1206151;45896.000000;-0.000000;2;1;0;1
pb-fit2d;1206151;-22372.476239;842.898884;1;7291;12;7303
pb-gfrd-pnc;1206151;8316.011268;30.700616;1;134;1;135
pb-grow22;1206151;-449681.200587;122.632175;1;472;2;474
pb-market-split8-70-4;1206151;0.000000;2.197219;1;1;0;1
pb-simp-nonunif;1206151;6.000000;513.500000;2;3962;54;4016
peg-solitaire-a3;1206151;1.000000;289.311002;1;436;0;436
pg;1206151;-11098.657382;17.215049;2;6;0;6
pg5_34;1206151;-16012.248077;18.476238;2;8;0;8
physiciansched3-3;1206151;2432694.766159;1299.771515;17;60344;120;60464
physiciansched3-4;1206151;1124678.224456;1152.371387;12;33776;73;33849
physiciansched5-3;1206151;5180.000000;1064.207020;3;1374;3;1377
physiciansched6-1;1206151;7500.000000;756.571528;2;728;13;741
physiciansched6-2;1206151;43012.500000;757.225000;2;559;13;572
pigeon-08;1206151;-8000.000000;8.259740;1;2;0;2
pigeon-10;1206151;-10000.000000;13.559596;1;3;0;3
pigeon-11;1206151;-11000.000000;16.690909;1;3;0;3
pigeon-12;1206151;-12000.000000;21.818182;1;3;0;3
pigeon-13;1206151;-13000.000000;24.000000;1;4;0;4
pigeon-16;1206151;-16000.000000;74.018182;1;6;0;6
pigeon-19;1206151;-19000.000000;59.036364;1;32;0;32
pigeon-20;1206151;-20000.000000;62.509091;1;33;0;33
piperout-03;1206151;68814.997590;435.327133;6;408;3;411
piperout-08;1206151;99128.924471;558.342366;32;438;21;459
piperout-27;1206151;6970.000000;1154.464464;12;549;9;558
piperout-d20;1206151;25533.842105;676.796097;2;1114;2;1116
piperout-d27;1206151;7083.116279;1022.542306;2;1436;2;1438
pk1;1206151;0.000000;2.794444;1;0;0;0
polygonpack3-15;1206151;-96519350.409320;30.691342;3;1545;6;1551
polygonpack4-10;1206151;-93676953.470100;20.423850;3;401;2;403
polygonpack4-15;1206151;-114052801.790860;40.321265;3;1375;6;1381
polygonpack4-7;1206151;-75324958.874200;9.351219;3;255;1;256
polygonpack5-15;1206151;-42382234.503540;24.151449;3;1553;7;1560
pp08a;1206151;15000.000000;-0.000000;2;0;0;0
pp08aCUTS;1206151;16630.402442;0.000000;2;2;0;2
probportfolio;1206151;5.000000;15.184084;2;2;0;2
prod1;1206151;-100.000000;6.724950;2;1;0;1
prod2;1206151;-100.000000;4.433874;2;1;0;1
proteindesign121hz512p19;1206151;3197.772133;67.382130;1;17505;122;17627
proteindesign121hz512p9;1206151;1423.904449;61.920249;1;730;9;739
proteindesign121pgb11p9;1206151;1173.710433;49.777201;1;582;6;588
proteindesign122trx11p8;1206151;1720.461105;46.268597;1;535;5;540
protfold;1206151;0.000000;35.000000;2;14;0;14
pw-myciel4;1206151;0.000000;65.596829;6;35;0;35
pythago7824;1206151;0.000000;580.777778;6;741;2;743
pythago7825;1206151;0.000000;586.777778;8;859;3;862
qap10;1206151;332.566228;55.000000;1;359;0;359
qiu;1206151;1805.177143;0.000000;2;3;0;3
qnet1;1206151;98035.870000;7.221868;2;14;0;14
qnet1_o;1206151;96705.120000;-0.000000;2;5;0;5
queens-30;1206151;-30.000000;0.000000;3;230;2;232
r4l4-02-tree-bounds-50;1206151;510876207.000000;651.016667;2;55;0;55
r50x360;1206151;2016.000000;-0.000000;2;1;0;1
r80x800;1206151;5520.000000;-0.000000;2;1;0;1
radiationm18-12-05;1206151;17554.500000;196.038066;1;192;1;193
radiationm40-10-02;1206151;155306.700000;933.533000;1;1155;7;1162
rail01;1206151;-92.087300;2555.823708;1;11960;5;11965
rail02;1206151;-206.610200;3001.898333;1;130467;13;130480
rail03;1206151;-920.273762;12426.061971;1;169946;33;169979
rail507;1206151;216.000000;-0.000000;3;789;14;803
railway_8_1_0;1206151;397.000000;64.534158;3;11;0;11
ramos3;1206151;440.000000;-0.000000;3;1499;1;1500
ran12x21;1206151;4080.000000;0.000000;2;0;0;0
ran13x13;1206151;3521.000000;0.000000;2;0;0;0
ran14x18-disj-8;1206151;12451.012696;0.000000;2;21;0;21
ran14x18;1206151;4265.000000;0.000000;2;0;0;0
ran16x16;1206151;4333.000000;0.000000;2;0;0;0
rd-rplusc-21;1206151;100.000000;4.122769;1;524;1;525
reblock115;1206151;-39365983.337347;271.565472;1;220;0;220
reblock166;1206151;-886882876.965829;382.279623;1;476;0;476
reblock354;1206151;-39640995.765204;569.832903;3;850;2;852
reblock420;1206151;-886535897.522137;986.979676;1;2325;0;2325
reblock67;1206151;-39339910.923037;159.950504;1;52;0;52
rfds-4-days;1206151;-1158940.978167;54.113757;1;65224;31;65255
rlp1;1206151;13.244444;9.961905;1;1;0;1
rmatr100-p10;1206151;360.593308;9.692735;1;192;0;192
rmatr100-p5;1206151;762.040054;5.000000;1;453;0;453
rmatr200-p10;1206151;1550.620783;10.000000;1;10733;0;10733
rmatr200-p20;1206151;688.357943;19.982266;1;4160;0;4160
rmatr200-p5;1206151;3283.653831;5.000000;1;12425;0;12425
rmine10;1206151;-1926.821009;886.351115;2;4376;2;4378
rmine11;1206151;-2511.986814;1275.572328;14;11215;18;11233
rmine13;1206151;-3504.619914;1108.274293;2;41269;6;41275
rmine14;1206151;-4308.869811;2215.505904;7;98184;28;98212
rmine15;1206151;-5041.420189;4256.942532;4;179172;22;179194
rmine6;1206151;-436.021627;48.709031;12;148;1;149
rocI-3-11;1206151;-111086.671772;559.283036;1;47;0;47
rocI-4-11;1206151;-11111086.671772;810.679039;1;63;0;63
rocII-10-11;1206151;-11.974865;306.103805;1;514;2;516
rocII-4-11;1206151;-11.937162;82.500000;1;150;1;151
rocII-5-11;1206151;-11.949730;122.235744;1;175;1;176
rocII-7-11;1206151;-11.964093;207.332190;1;321;1;322
rocII-8-11;1206151;-11.968581;244.702313;1;406;2;408
rocII-9-11;1206151;-11.972072;276.465408;1;467;2;469
rococoB10-011000;1206151;8350.199468;49.840978;1;110;0;110
rococoC10-001000;1206151;7515.271029;14.886765;1;51;0;51
rococoC11-010100;1206151;8773.206543;49.895810;1;157;0;157
rococoC11-011100;1206151;9024.205406;56.603390;1;116;0;116
rococoC12-010001;1206151;26787.292147;50.829414;1;212;1;213
rococoC12-111000;1206151;27337.357381;53.501346;1;266;0;266
roi2alpha3n4;1206151;-80.526722;7.807845;2;680;8;688
roi5alpha10n8;1206151;-87.787142;16.000000;2;2122;29;2151
roll3000;1206151;11097.127677;46.776510;3;40;0;40
rout;1206151;981.864286;9.898077;1;2;0;2
rpp22falsei;1206151;0.000000;0.000000;1;43;0;43
rvb-sub;1206151;11.206514;4.571429;1;658;5;663
s100;1206151;-0.171097;43.263533;1;25966;21;25987
s1234;1206151;0.361925;1.578294;6;1942;3;1945
s250r10;1206151;-0.166732;112.777088;2;11345;24;11369
s55;1206151;-22.151773;0.000000;1;1709;5;1714
s82;1206151;-33.833613;638.111555;2;204656;146;204802
satellites1-25;1206151;-20.000000;46.054099;1;173;0;173
satellites2-25;1206151;-30.000000;232.549845;1;4904;2;4906
satellites2-40;1206151;-30.000000;128.145498;1;15936;3;15939
satellites2-60-fs;1206151;-30.000000;502.252135;1;2521;1;2522
satellites2-60;1206151;-30.000000;313.609113;1;17232;2;17234
satellites3-25;1206151;-39.000000;981.495523;1;208480;5;208485
satellites3-40-fs;1206151;-39.000000;956.482639;1;28854;4;28858
satellites3-40;1206151;-39.000000;963.650088;1;212006;5;212011
savsched1;1206151;31271.151902;0.000000;2;119955;36;119991
scpj4scip;1206151;183.000000;-0.000000;3;1237;21;1258
scpk4;1206151;389.000000;0.000000;3;2609;26;2635
scpl4;1206151;360.000000;-0.000000;3;4834;46;4880
scpm1;1206151;774.000000;0.000000;3;45600;132;45732
scpn2;1206151;741.000000;-0.000000;3;72773;261;73034
sct1;1206151;-218.139003;91.325460;1;1503;0;1503
sct2;1206151;-231.116964;15.708827;1;63;0;63
sct31;1206151;-31.962662;31.547827;1;171;0;171
sct32;1206151;-62.990833;53.144038;1;745;0;745
sct5;1206151;-228.176552;31.924007;2;304;2;306
seqsolve1;1206151;4379.032014;371.073706;19;3963;171;4134
seqsolve2short4288;1206151;4.450000;440.788269;4;2878;40;2918
seqsolve3short4288excess384;1206151;-46401.234768;425.509375;7;13106;64;13170
set1ch;1206151;110241.500000;-0.000000;2;1;0;1
set3-09;1206151;1263.077974;49.748593;3;60;0;60
set3-10;1206151;788.890655;50.612990;3;40;0;40
set3-15;1206151;8364.040745;53.876403;3;41;0;41
set3-16;1206151;9916.808562;58.149187;3;41;0;41
set3-20;1206151;10347.381087;53.849605;3;39;0;39
seymour-disj-10;1206151;320.000002;0.000002;3;1734;2;1736
seymour;1206151;454.000000;-0.000000;3;240;0;240
seymour1;1206151;422.819841;-0.000000;3;224;0;224
shiftreg1-4;1206151;131.656032;300.178571;1;48;0;48
shiftreg2-7;1206151;206.733052;275.753282;1;67;0;67
shiftreg5-1;1206151;520.839888;632.617991;1;317;0;317
shipsched;1206151;0.000000;2.147365;5;134;2;136
shipschedule3shipsi;1206151;-265650.000000;0.000000;1;35;0;35
shipschedule6shipsmixi;1206151;-301650.000000;0.000000;1;56;0;56
shipschedule8shipsmixuci;1206151;-401100.000000;0.000000;1;65;1;66
shs1014;1206151;22137.410363;350.541667;1;176980;19;176999
shs1042;1206151;9455.525826;684.883411;1;66627;20;66647
siena1;1206151;10163179.229002;146.859338;1;1772;1;1773
sing11;1206151;18640171.224643;331.879469;1;8092;8;8100
sing161;1206151;19071259.113927;996.464534;1;64645;39;64684
sing17;1206151;35483848.876514;554.751047;1;31192;21;31213
sing2;1206151;17150914.716940;252.506822;1;1580;1;1581
sing245;1206151;25024015.754083;519.079791;1;12145;11;12156
sing326;1206151;7717674.801189;203.886687;1;2948;2;2950
sing359;1206151;22534478.962498;1259.613224;1;81881;35;81916
sing44;1206151;8102513.219400;177.330369;1;3162;2;3164
sing5;1206151;18418516.013137;272.410096;1;3947;7;3954
snip10x10-35r1budget17;1206151;30.000000;2.533333;1;462;0;462
snp-02-004-104;1206151;548044802.975090;10.217187;2;4390;0;4390
snp-04-052-052;1206151;728196432.049806;735.582559;2;3786;2;3788
snp-06-004-052;1206151;1787138156.580973;33.734354;2;6207;1;6208
snp-10-004-052;1206151;5842625068.205259;48.106063;2;14464;2;14466
snp-10-052-052;1206151;5842626434.046261;1694.316668;2;16178;5;16183
sorrell3;1206151;-11.000000;0.000000;3;682;10;692
sorrell4;1206151;-16.000000;0.000000;3;2938;32;2970
sorrell7;1206151;-138.000000;0.000000;3;436;6;442
sorrell8;1206151;-259.000000;0.000000;3;89;1;90
sp150x300d;1206151;71.000000;0.000000;2;1;0;1
sp97ar;1206151;807607302.399999;1.342794;4;588;8;596
sp97ic;1206151;597287696.727546;1.277104;3;435;7;442
sp98ar;1206151;642003743.188383;1.613817;16;763;45;808
sp98ic;1206151;633805370.656431;1.781976;4;424;8;432
sp98ir;1206151;265679354.122102;8.206982;4;80;1;81
splice1k1;1206151;-1646.777979;8.512635;1;18011;7;18018
splice1k1i;1206151;-1654.000000;0.000000;1;199;6;205
square23;1206151;8.333333;12.444444;1;145;3;148
square31;1206151;8.500000;13.750000;1;767;16;783
square37;1206151;8.666667;15.000000;1;2476;32;2508
square41;1206151;8.839612;15.068891;1;3624;49;3673
square47;1206151;8.755814;15.976744;1;6557;90;6647
stoch-vrpvrp-s5v2c8vrp-v2c8i;1206151;0.000000;119.181818;1;27;0;27
stockholm;1206151;173.000000;0.000000;2;513;0;513
stp3d;1206151;604.886283;537.229946;2;24671;22;24693
sts405;1206151;357.000000;0.000000;2;594;2;596
sts729;1206151;665.000000;0.000000;2;3424;5;3429
supportcase1;1206151;20078.000000;0.020624;2;307;5;312
supportcase10;1206151;3.383924;1850.997936;1;10735;3;10738
supportcase11;1206151;-25.979452;762069.000000;1;313296;459;313755
supportcase12;1206151;-7609.533054;55.569104;1;1510;1;1511
supportcase14;1206151;272.000000;9.894737;1;4;0;4
supportcase16;1206151;272.000000;9.000000;1;2;0;2
supportcase17;1206151;0.000000;88.929601;2;10;0;10
supportcase18;1206151;87.000000;9.141806;2;68;0;68
supportcase19;1206151;12677206.000000;370.390975;1;26581;69;26650
supportcase2;1206151;0.000000;7.750000;1;9952;51;10003
supportcase20;1206151;2442.144012;4.882860;1;22;0;22
supportcase23;1206151;-12952.000000;674.436182;1;1694;0;1694
supportcase25;1206151;0.036932;10.829622;1;109;0;109
supportcase26;1206151;1288.102161;0.009948;2;2;0;2
supportcase27i;1206151;0.000000;0.028235;1;2;0;2
supportcase3;1206151;0.000000;754.600046;3;245;1;246
supportcase30;1206151;0.000000;102.857020;1;76;0;76
supportcase31;1206151;-1120655.076000;0.000000;3;1856;82;1938
supportcase33;1206151;-468.462990;67.367519;2;502;3;505
supportcase34;1206151;72.664116;328.063419;1;1171;2;1173
supportcase35;1206151;77847.333333;96.000000;2;124;0;124
supportcase37;1206151;-5865.764096;28.093523;2;853;0;853
supportcase39;1206151;-1062330.369524;22.808785;5;139;9;148
supportcase4;1206151;0.000000;537.153071;3;185;1;186
supportcase40;1206151;22536.483379;19.000000;1;248;0;248
supportcase41;1206151;28.000000;24.340373;5;284;1;285
supportcase42;1206151;7.343539;48.081295;1;1647;3;1650
supportcase43;1206151;0.000000;48.147044;2;48988;3;48991
supportcase6;1206151;45090.732163;30.239669;1;1640;8;1648
supportcase7;1206151;-2396.218213;53.147310;2;1845;0;1845
swath;1206151;334.496858;2.200000;1;47;0;47
swath1;1206151;334.496858;0.600000;1;37;0;37
swath2;1206151;334.496858;0.700000;1;36;0;36
swath3;1206151;334.496858;0.800000;1;40;0;40
t1717;1206151;134531.021428;79.098998;1;282;4;286
t1722;1206151;98815.407611;52.399108;1;155;1;156
ta1-UUM;1206151;3693674.556772;4.190418;1;3;0;3
ta2-UUE;1206151;41427354.755773;0.680983;2;155;0;155
tanglegram1;1206151;0.000000;146.000000;1;231;2;233
tanglegram2;1206151;0.000000;74.000000;1;37;0;37
tanglegram4;1206151;0.000000;214.000000;1;796;3;799
tanglegram6;1206151;0.000000;100.000000;1;61;0;61
tbfp-bigm;1206151;-178.153988;30.000000;1;349;0;349
tbfp-network;1206151;23.261535;31.000000;1;800;3;803
Test3;1206151;2669532.692462;22.368722;2;259;3;262
thor50dday;1206151;204179.000000;-0.000000;2;223;3;226
timtab1;1206151;1234321.333333;18.450000;2;1;0;1
timtab1CUTS;1206151;613590.095426;35.885811;2;3;0;3
timtab2;1206151;1487304.333333;29.783333;2;1;0;1
tokyometro;1206151;11100.000000;251.050363;2;73;0;73
toll-like;1206151;0.000000;339.500000;1;61;0;61
tpl-tub-ss16;1206151;8052373.477492;2148.906605;2;90844;195;91039
tpl-tub-ws1617;1206151;10498468.058836;2262.455897;2;121420;288;121708
tr12-30;1206151;188435.464884;3.580258;2;1;0;1
traininstance2;1206151;0.000000;641.708827;2;52;0;52
traininstance6;1206151;0.000000;381.122112;2;42;0;42
transportmoment;1206151;-70929535815.380005;783.890174;2;211;0;211
trento1;1206151;5182758.848056;76.181959;1;538;0;538
triptim1;1206151;22.868087;2090.375000;1;9574;3;9577
triptim2;1206151;10.866359;807.547954;1;11178;3;11181
triptim3;1206151;13.511741;809.069096;1;11362;4;11366
triptim4;1206151;9.207022;595.626838;1;11899;3;11902
triptim7;1206151;2336.732602;612.910017;2;11951;5;11956
triptim8;1206151;2336.754853;584.347661;2;12102;6;12108
tw-myciel4;1206151;3.838028;125.987676;4;185;0;185
uc-case11;1206151;611267.013003;118.928617;1;2521;0;2521
uc-case3;1206151;7181.264177;95.341586;1;1928;0;1928
uccase10;1206151;38988.693469;403.985961;1;2718;1;2719
uccase12;1206151;11507.285324;38.320000;1;2188;1;2189
uccase7;1206151;26527.789654;162.379998;1;3909;0;3909
uccase8;1206151;11142.163196;63.982247;1;2710;0;2710
uccase9;1206151;10819.582997;76.021209;1;4484;0;4484
uct-subprob;1206151;242.000000;56.889019;1;45;0;45
umts;1206151;91618146.215272;77.667697;2;54;0;54
unitcal_7;1206151;19387754.848556;143.965819;2;1174;0;1174
usAbbrv-8-25_70;1206151;95.000000;138.115058;3;43;0;43
usafa;1206151;11.961749;2881.373487;2;51829;147;51976
v150d30-2hopcds;1206151;52.000000;-0.000000;3;113;2;115
van;1206151;1.723520;5.404444;1;2644;0;2644
var-smallemery-m6j6;1206151;-156.056268;90.190835;2;1279;8;1287
vpm2;1206151;13.372866;5.698001;2;1;0;1
vpphard;1206151;0.000000;125.275000;1;210;3;213
vpphard2;1206151;0.000000;224.687229;1;647;11;658
wachplan;1206151;-9.000000;69.499445;1;38;0;38
wnq-n100-mw99-14;1206151;198.078947;81.026316;3;4736;31;4767
xmas10-2;1206151;-548.904684;180.189643;1;235;0;235
xmas10;1206151;-449.397905;132.337672;7;204;0;204
z26;1206151;-967.000000;0.000000;3;3014;57;3071
zeil;1206151;813.510308;818.357568;2;87180;14;87194
zib54-UUE;1206151;19164366.000000;-0.000000;2;50;0;50
