Instance;Seed;Cost;Fractionality;Rounds;LPtime(ms);ZItime(ms);SumLPZI(ms)
10teams;1206151;917.000000;36.457830;1;30;0;30
22433;1206151;21552.708079;24.962328;5;5;0;5
23588;1206151;8342.863244;17.617619;4;2;0;2
2club200v15p5scn;1206151;-96.538462;36.153846;4;135;2;137
30n20b8;1206151;5530.000000;41.625765;2;149;0;149
30_70_45_05_100;1206151;64.000000;-0.000000;5;821;4;825
30_70_45_095_100;1206151;68.000000;-0.000000;5;771;2;773
30_70_45_095_98;1206151;550.000000;-0.000000;6;810;3;813
50v-10;1206151;1493601.476062;-0.000000;2;5;0;5
a1c1s1;1206151;20885.065088;0.498062;2;7;0;7
a2c1s1;1206151;21087.746318;-0.000000;2;8;0;8
ab51-40-100;1206151;-437558462.000004;11.050000;2;394;1;395
ab67-40-100;1206151;-11186253442.000000;0.000000;1;321;1;322
ab69-40-100;1206151;-11186281442.000000;0.000000;1;297;0;297
ab71-20-100;1206151;-2390446504.400002;12.500000;2;222;0;222
ab72-40-100;1206151;-11186620442.000000;0.000000;1;367;0;367
academictimetablebig;1206151;427.000000;1954.919056;2;24552;18;24570
academictimetablesmall;1206151;0.000000;308.966235;2;234;3;237
acc-tight2;1206151;0.000000;120.187623;1;25;0;25
acc-tight4;1206151;0.000000;120.929764;1;22;0;22
acc-tight5;1206151;0.000000;107.821033;1;185;0;185
acc-tight6;1206151;0.000000;104.011436;1;173;0;173
adult-max5features;1206151;10710.000597;0.023689;2;892;6;898
adult-regularized;1206151;7841.000000;0.000000;3;2060;9;2069
aflow30a;1206151;1402.717622;2.301497;3;1;0;1
aflow40b;1206151;1129.417647;2.760099;3;6;0;6
air03;1206151;338864.250000;11.375000;1;53;0;53
air04;1206151;55535.436388;51.829962;1;175;0;175
air05;1206151;25877.609268;45.880497;1;120;0;120
aligninq;1206151;2755.000000;40.921868;7;18;1;19
allcolor10;1206151;1517.912903;297.924236;4;93;1;94
allcolor58;1206151;6718.838624;1820.373386;4;776;10;786
amaze22012-03-15i;1206151;0.000000;58.255984;2;90;2;92
amaze22012-06-28i;1206151;0.000000;35.368753;2;27;0;27
amaze22012-07-04i;1206151;0.000000;43.156843;2;57;0;57
app1-1;1206151;-2.000000;1.945752;2;6;0;6
app1-2;1206151;-23.000000;1.399234;3;321;1;322
app2-1;1206151;19294.250000;0.000000;2;17;0;17
app2-2;1206151;212092.500000;0.000000;2;1;0;1
app3;1206151;5627412.287938;3.142492;1;7;0;7
arki001;1206151;7579621.830840;15.454670;1;30;0;30
assign1-10-4;1206151;353.992926;52.000000;1;39;0;39
assign1-5-8;1206151;183.362555;24.000000;1;3;0;3
atlanta-ip;1206151;81.321096;294.518627;2;5920;2;5922
atm20-100;1206151;2141734.684878;120.774021;2;75;0;75
australia-abs-cta;1206151;0.000000;38.185342;1;63;0;63
b-ball;1206151;-1.818182;4.818182;1;0;0;0
b1c1s1;1206151;69995.090000;-0.000000;2;7;0;7
b2c1s1;1206151;69710.660000;-0.000000;2;12;0;12
bab1;1206151;-228225.182825;27.775000;1;109;0;109
bab2;1206151;-338400.636000;244.500000;2;12817;18;12835
bab3;1206151;-555805.926583;450.995536;2;28017;40;28057
bab5;1206151;-106670.400850;101.900000;2;534;1;535
bab6;1206151;-246114.832525;480.833333;2;5370;13;5383
bc;1206151;13.915046;0.268421;2;91;0;91
bc1;1206151;4.550543;0.028778;2;97;0;97
beasleyC1;1206151;102.000000;0.000000;2;3;0;3
beasleyC2;1206151;232.000000;0.000000;2;3;0;3
beasleyC3;1206151;951.000000;-0.000000;2;4;0;4
beavma;1206151;395292.332242;3.472328;2;1;0;1
berlin;1206151;1951.000000;0.000000;2;25;0;25
berlin_5_8_0;1206151;52.000000;58.057245;3;2;0;2
bg512142;1206151;506799.440536;51.840309;3;34;0;34
biella1;1206151;3060037.430763;98.993456;1;270;0;270
bienst1;1206151;11.724138;4.390524;1;2;0;2
bienst2;1206151;11.724138;5.390524;1;2;0;2
binkar10_1;1206151;6637.188027;9.084811;1;7;0;7
blend2;1206151;7.489992;0.686573;2;0;0;0
bley_xl1;1206151;265.192657;294.413130;3;20586;10;20596
bley_xs1;1206151;50772836.968217;85.931545;3;75;0;75
bley_xs1noM;1206151;63937385.134379;90.542003;3;60;0;60
bley_xs2;1206151;37857199.025431;42.229522;12;12;1;13
blp-ar98;1206151;9461.750783;13.443652;21;97;27;124
blp-ic97;1206151;5423.588709;1.337703;12;67;8;75
blp-ic98;1206151;6340.215856;1.657910;6;120;8;128
blp-ir98;1206151;3172.789640;3.875758;3;39;1;40
bmocbd3;1206151;45423160382.723442;0.000000;3;17603;17;17620
bmoipr2;1206151;-46628940.711029;7.840017;1;59;0;59
bnatt350;1206151;0.000000;109.506930;17;86;2;88
bnatt400;1206151;0.000000;127.888934;17;119;2;121
bppc4-08;1206151;51.590000;13.322623;1;22;0;22
bppc6-02;1206151;108.340000;11.296538;1;133;0;133
bppc6-06;1206151;200.633333;13.595370;1;150;1;151
bppc8-02;1206151;486.500000;3.194588;1;1;0;1
bppc8-09;1206151;444.436047;4.775100;1;3;0;3
brasil;1206151;32311.000000;0.000000;2;24;0;24
brazil3;1206151;2.000000;254.754201;2;217;0;217
breastcancer-regularized;1206151;105.150036;0.002191;2;7;0;7
bts4-cta;1206151;33524.637606;1130.000000;1;522;0;522
buildingenergy;1206151;33246.215059;1468.850000;2;15807;4;15811
cap6000;1206151;-2446875.000000;0.000000;3;40;0;40
cbs-cta;1206151;0.000000;27.746030;1;101;0;101
cdc7-4-3-2;1206151;-232.000000;-0.000000;3;36108;5;36113
chromaticindex1024-7;1206151;4.000000;16002.682953;2;2326;10;2336
chromaticindex128-5;1206151;4.000000;2021.163699;2;133;1;134
chromaticindex256-8;1206151;4.000000;4069.477083;2;361;2;363
chromaticindex32-8;1206151;4.000000;504.887500;2;18;0;18
chromaticindex512-7;1206151;4.000000;8183.527137;2;1087;4;1091
ci-s4;1206151;17.644894;41.881015;3;9;0;9
circ10-3;1206151;140.000000;209.309855;1;2112;1;2113
cmflsp40-24-10-7;1206151;52605868.952858;70.700930;3;366;0;366
cmflsp40-36-2-10;1206151;72898024.959478;295.649246;3;772;0;772
cmflsp50-24-10-4;1206151;64492612.641644;81.236085;3;343;0;343
cmflsp50-24-8-8;1206151;59814378.749021;131.869460;3;331;0;331
cmflsp60-36-2-6;1206151;97887903.946142;370.689759;3;1757;0;1757
CMS750_4;1206151;250.000000;233.284641;3;61;1;62
co-100;1206151;1246685.546783;10.401691;2;372;7;379
cod105;1206151;-8.000000;0.000000;3;509;1;510
comp07-2idx;1206151;0.000000;114.416667;2;1926;2;1928
comp08-2idx;1206151;0.000000;159.969397;1;136;0;136
comp12-2idx;1206151;3.000000;267.951781;1;1300;0;1300
comp16-3idx;1206151;4.000000;721.111978;1;7243;2;7245
comp21-2idx;1206151;0.000000;282.023529;3;576;2;578
control30-3-2-3;1206151;-20763026.787568;27.970540;1;4;0;4
core2536-691;1206151;804.000000;-0.000000;3;816;2;818
core2586-950;1206151;1163.000000;-0.000000;3;608;2;610
core4284-1064;1206151;1336.000000;0.000000;3;3616;4;3620
core4872-1529;1206151;1855.000000;0.000000;3;2032;3;2035
cost266-UUE;1206151;42001606.280000;-0.000000;2;88;0;88
cov1075;1206151;56.000000;0.000000;3;6;0;6
cryptanalysiskb128n5obj16;1206151;0.000000;5029.990887;106;1255;208;1463
csched007;1206151;269.251587;22.185714;1;37;0;37
csched008;1206151;171.000000;24.778341;1;11;0;11
csched010;1206151;332.422727;20.512626;1;31;0;31
cvrpa-n64k9vrpi;1206151;0.000000;148.788980;2;463;4;467
cvrpb-n45k5vrpi;1206151;0.000000;104.481361;2;147;2;149
cvrpp-n16k8vrpi;1206151;0.000000;38.707224;1;33;0;33
cvrpsimple2i;1206151;0.000000;22.941208;2;3;0;3
cvs08r139-94;1206151;-16.000000;66.000000;3;14;0;14
cvs16r106-72;1206151;-2.000000;71.000000;2;29;0;29
cvs16r128-89;1206151;-2.000000;88.000000;2;36;0;36
cvs16r70-62;1206151;-0.000000;62.000000;2;28;0;28
cvs16r89-60;1206151;-0.000000;60.000000;2;31;0;31
d10200;1206151;12425.583005;32.097057;1;40;0;40
d20200;1206151;12229.625788;62.339279;1;327;0;327
dale-cta;1206151;0.000000;0.004766;1;301;0;301
dano3mip;1206151;576.231620;15.297311;1;2059;0;2059
dano3_3;1206151;576.231620;1.932181;1;2238;0;2238
dano3_5;1206151;576.231620;2.871834;1;2239;0;2239
danoint;1206151;62.637280;5.819184;1;18;0;18
dc1c;1206151;1754946.863638;140.593306;1;292;0;292
dc1l;1206151;578133237.429793;0.000000;4;805;17;822
dcmulti;1206151;184917.234283;12.662065;3;2;0;2
decomp1;1206151;-120.000000;149.444444;1;49;0;49
decomp2;1206151;-160.000000;141.944444;1;44;0;44
dfn-bwin-DBE;1206151;797567.400000;0.000000;2;34;0;34
dfn-gwin-UUM;1206151;27467.257235;5.653537;1;1;0;1
dg012142;1206151;7485691.825683;37.560751;5;114;0;114
diameterc-mstc-v20a190d5i;1206151;291.000000;288.954791;3;62;0;62
diameterc-msts-v40a100d5i;1206151;324.000000;347.153926;3;56;0;56
disctom;1206151;-5000.000000;51.166667;1;191;0;191
disktom;1206151;-5000.000000;51.166667;1;183;0;183
dolom1;1206151;6556066.068315;111.218954;1;473;1;474
drayage-100-12;1206151;91134.076080;32.228466;1;50;0;50
drayage-100-23;1206151;103333.874073;41.554651;1;44;0;44
drayage-25-23;1206151;99718.790531;39.569924;1;43;0;43
drayage-25-27;1206151;95207.144904;44.816549;1;41;0;41
drayage-25-32;1206151;88256.306534;44.499212;1;48;0;48
ds-big;1206151;86.820068;30.669231;1;7150;21;7171
ds;1206151;57.234565;33.463549;1;875;6;881
dws008-01;1206151;2954.537147;2.158177;2;50;0;50
dws008-03;1206151;3283.316973;6.687361;2;136;1;137
dws012-01;1206151;5179.177491;3.971756;2;107;1;108
dws012-02;1206151;4705.864492;24.017311;3;230;4;234
dws012-03;1206151;5237.420078;17.786054;3;382;6;388
eil33-2;1206151;811.278996;3.615630;1;34;0;34
eilA101-2;1206151;803.373888;7.408683;1;841;6;847
eilB101;1206151;1075.247691;12.807028;1;20;0;20
eilC76-2;1206151;725.754458;7.780208;1;288;2;290
ej;1206151;1.000000;0.243844;1;0;0;0
elitserienhandball11i;1206151;0.000000;866.305983;2;430;1;431
elitserienhandball13i;1206151;0.000000;853.141952;2;422;1;423
elitserienhandball14i;1206151;0.000000;883.858328;2;399;1;400
elitserienhandball3i;1206151;0.000000;887.935483;2;390;1;391
enlight13;1206151;1.000000;1.000000;1;0;0;0
enlight15;1206151;1.000000;1.000000;1;0;0;0
enlight8;1206151;1.000000;1.000000;1;0;0;0
enlight_hard;1206151;15.500000;17.000000;1;0;0;0
eva1aprime5x5opt;1206151;-497.155823;0.526297;1;284;0;284
eva1aprime6x6opt;1206151;-495.398833;1.239563;1;1854;0;1854
ex10;1206151;100.000000;98.000000;1;16866;5;16871
ex1010-pi;1206151;302.000000;-0.000000;3;499;2;501
ex9;1206151;81.000000;75.601201;1;1774;2;1776
exp-1-500-5-5;1206151;97666.305541;4.045842;2;2;0;2
f2000;1206151;1383.000000;1280.000000;2;3569;0;3569
f2gap201600;1206151;76429.862296;1.402159;1;3;0;3
f2gap401600;1206151;82274.237434;1.190020;1;4;0;4
f2gap40400;1206151;20650.898154;3.253580;1;1;0;1
f2gap801600;1206151;86570.120867;5.266841;1;5;0;5
fast0507;1206151;213.000000;-0.000000;3;197;4;201
fastxgemm-n2r6s0t2;1206151;27.000000;9.000000;1;36;0;36
fastxgemm-n2r7s4t1;1206151;27.000000;9.000000;1;38;0;38
fastxgemm-n3r21s3t6;1206151;84.000000;27.000000;1;2405;0;2405
fastxgemm-n3r22s4t6;1206151;84.000000;27.000000;1;2577;0;2577
fastxgemm-n3r23s5t6;1206151;84.000000;27.000000;1;2519;0;2519
fhnw-binpack4-48;1206151;0.000000;333.285714;2;116;0;116
fhnw-binpack4-58;1206151;0.000000;467.321429;2;127;0;127
fhnw-binpack4-77;1206151;0.000000;207.310714;2;110;0;110
fhnw-binschedule0;1206151;15642.000000;1053.297818;2;20105;34;20139
fhnw-binschedule2;1206151;2273.000000;221.912633;3;496;4;500
fhnw-schedule-paira100;1206151;-36.643681;5.149215;2;138;0;138
fhnw-schedule-paira200;1206151;-73.826479;8.940825;2;227;2;229
fhnw-schedule-paira400;1206151;-146.941079;19.266221;2;1094;11;1105
fhnw-schedule-pairb200;1206151;-58.887041;815.939903;3;2020;3;2023
fhnw-schedule-pairb400;1206151;-109.169750;2783.836162;3;12714;14;12728
fhnw-sq2;1206151;0.000000;13.695522;1;5;0;5
fiball;1206151;137.069168;72.169473;1;112;1;113
fiber;1206151;897538.360000;12.574421;2;3;0;3
fillomino7x7-0i;1206151;0.000000;304.793110;2;68;0;68
fixnet6;1206151;4536.000000;0.000000;2;1;0;1
fjspeasy01i;1206151;216.000000;1.364719;2;65;0;65
flugpl;1206151;1167875.166377;2.785325;1;0;0;0
g200x740;1206151;45614.000000;-0.000000;2;3;0;3
g200x740i;1206151;44069.000000;-0.000000;2;3;0;3
gasprod1-1;1206151;10207.782090;23.384117;32;444;6;450
gasprod1-2;1206151;12418.693782;43.662702;18;290;3;293
gasprod1-3;1206151;13830.718570;40.837432;64;295;10;305
gasprod2-1;1206151;1510393.402354;44.156867;6;1138;1;1139
gasprod2-2;1206151;1355909.537507;297.110788;36;1549;13;1562
gen-ip002;1206151;-511.036897;0.000000;3;0;0;0
gen-ip016;1206151;-9505.628173;1.906914;1;0;0;0
gen-ip021;1206151;6642.052620;2.217259;4;0;0;0
gen-ip036;1206151;-2162.833562;0.000000;3;0;0;0
gen-ip054;1206151;7350.684932;1.502477;8;0;0;0
gen;1206151;112555.106141;0.427450;2;1;0;1
genus-g31-8;1206151;-27.000000;116.000000;1;1031;1;1032
genus-g61-25;1206151;-58.000000;199.000000;1;332;2;334
genus-sym-g31-8;1206151;-27.000000;150.889800;2;3290;3;3293
genus-sym-g62-2;1206151;-54.000000;225.350434;1;23358;1;23359
genus-sym-grafo5708-48;1206151;-27.000000;159.026027;2;1552;1;1553
ger50-17-ptp-pop-3t;1206151;3466.323207;45.213645;1;101;0;101
ger50-17-ptp-pop-6t;1206151;6804.447088;50.477969;1;88;0;88
ger50-17-trans-dfn-3t;1206151;3453.475245;37.741927;1;160;1;161
ger50-17-trans-pop-3t;1206151;3456.252922;49.487013;1;169;1;170
ger50_17_trans;1206151;6850.628623;48.226110;1;135;1;136
germanrr;1206151;47741647.082140;58.297944;3;719;3;722
germany50-DBM;1206151;438028.000000;21.150000;1;141;0;141
germany50-UUM;1206151;597932.500000;26.450000;1;39;0;39
gesa2-o;1206151;25748173.191117;13.380406;2;3;0;3
gesa2;1206151;25502855.039680;8.989886;1;5;0;5
gfd-schedulen180f7d50m30k18-16i;1206151;21.533333;4366.403732;3;9461;151;9612
gfd-schedulen180f7d50m30k18;1206151;1.000000;6031.558267;6;3884;41;3925
gfd-schedulen25f5d20m10k3i;1206151;3.000000;29.157898;2;79;0;79
gfd-schedulen55f2d50m30k3i;1206151;5.000000;231.083604;2;221;3;224
ghoulomb4-9-10i;1206151;9.000000;9.160150;2;53;1;54
glass-sc;1206151;29.000000;0.000000;3;114;1;115
glass4;1206151;800002400.000000;8.568254;1;0;0;0
gmu-35-40;1206151;-2406943.556343;2.300342;1;3;0;3
gmu-35-50;1206151;-2608070.315743;3.444186;1;6;0;6
gmut-75-50;1206151;-14182312.661731;4.988967;1;492;3;495
gmut-76-40;1206151;-14171086.316075;9.054451;1;309;1;310
gmut-76-50;1206151;-14173884.188063;4.201959;1;311;3;314
gmut-77-40;1206151;-14173396.636852;2.973250;1;383;1;384
go19;1206151;95.000000;-0.000000;3;4;0;4
gr4x6;1206151;229.050000;-0.000000;2;0;0;0
graph20-20-1rand;1206151;-37.000000;43.000000;1;37;0;37
graph20-80-1rand;1206151;-110.000000;120.050000;2;1250;2;1252
graph40-20-1rand;1206151;-157.000000;175.500000;1;4253;3;4256
graph40-40-1rand;1206151;-300.000000;326.969290;1;88290;9;88299
graphdraw-domain;1206151;12672.000000;18.742857;1;2;0;2
graphdraw-gemcutter;1206151;4310.000000;12.048387;2;1;0;1
graphdraw-grafo2;1206151;35762.000000;350.966667;1;743;3;746
graphdraw-mainerd;1206151;30496.000000;131.370968;1;81;0;81
graphdraw-opmanager;1206151;54717.000000;210.091463;1;377;1;378
gsvm2rl11;1206151;35640.343493;0.000000;3;349;0;349
gsvm2rl12;1206151;50.000000;-0.000000;3;502;0;502
gsvm2rl3;1206151;0.600000;-0.000000;3;3;0;3
gsvm2rl5;1206151;10.000000;-0.000000;3;8;0;8
gsvm2rl9;1206151;16356.825869;0.000000;3;63;0;63
gt2;1206151;21166.000000;4.130952;2;0;0;0
h50x2450;1206151;11147.731511;3.696751;1;28;0;28
h80x6320;1206151;3700.000000;0.000000;1;24;0;24
h80x6320d;1206151;5325.160104;2.515625;1;39;0;39
hanoi5;1206151;1931.000000;245.237539;25;324;4;328
haprp;1206151;3679667.254486;41.766595;2;4;0;4
harp2;1206151;-74325169.345138;5.496152;1;2;0;2
hgms-det;1206151;-53793.320679;37.099950;1;191;0;191
hgms30;1206151;-53327.995245;51.804834;1;7215;0;7215
hgms62;1206151;-53394.446147;54.735370;1;13816;0;13816
hypothyroid-k1;1206151;-2846.896104;38.365286;3;6785;7;6792
ic97_potential;1206151;4084.000000;55.050000;2;3;0;3
ic97_tension;1206151;3993.000000;15.366667;2;1;0;1
icir97_potential;1206151;6589.000000;171.618362;2;35;0;35
icir97_tension;1206151;6323.000000;102.600000;2;3;0;3
iis-100-0-cov;1206151;35.000000;0.000000;3;96;0;96
iis-bupa-cov;1206151;46.000000;-0.000000;3;154;1;155
iis-glass-cov;1206151;26.000000;0.000000;3;125;1;126
iis-hc-cov;1206151;22.000000;0.000000;3;160;3;163
iis-pima-cov;1206151;39.000000;-0.000000;3;211;1;212
irp;1206151;12123.530222;6.000000;1;74;1;75
istanbul-no-cutoff;1206151;62.541409;3.968407;1;219;0;219
ivu06-big;1206151;135.427718;95.799872;1;52007;158;52165
ivu06;1206151;135.901353;96.981489;1;14293;57;14350
ivu52;1206151;480.250439;82.562257;1;5992;15;6007
ivu59;1206151;884.456993;122.808206;1;208917;221;209138
janos-us-DDM;1206151;1488134.750000;22.375000;1;6;0;6
k16x240;1206151;11359.000000;0.000000;2;0;0;0
k16x240b;1206151;12874.000000;0.000000;2;0;0;0
k1mushroom;1206151;-3747.840298;42.576586;3;20179;21;20200
k1mushroomi;1206151;-4165.061224;64.102041;1;14960;3;14963
khb05250;1206151;126785464.000000;0.000000;2;1;0;1
l2p12;1206151;2.000000;824.859960;3;221;1;222
l2p1i;1206151;1.000000;608.429261;2;891;23;914
l2p2i;1206151;1.000000;757.644602;2;147;1;148
lectsched-1-obj;1206151;36.000000;28.046924;4;220;3;223
lectsched-1;1206151;0.000000;6.882322;2;191;1;192
lectsched-2;1206151;0.000000;20.130091;3;92;1;93
lectsched-3;1206151;0.000000;4.358796;9;170;4;174
lectsched-4-obj;1206151;3.000000;15.019362;14;46;2;48
lectsched-5-obj;1206151;15.000000;54.733040;7;171;4;175
leo1;1206151;619820231.520000;2.134363;4;68;2;70
leo2;1206151;626414237.440000;0.787172;3;96;2;98
liu;1206151;346.000000;11.096532;2;7;0;7
loopha13;1206151;6.279000;1.132999;2;174;0;174
lotsize;1206151;1335747.052789;7.405615;2;6;0;6
lr1dr02vc05v8a-t360;1206151;120707.344638;169.266715;1;872;0;872
lr1dr04vc05v17a-t360;1206151;247150.518188;322.854834;1;1807;1;1808
lr1dr12vc10v70b-t360;1206151;983958.597196;1051.434951;1;43066;10;43076
lr2-22dr3-333vc4v17a-t60;1206151;-72770.836006;244.127587;2;35745;8;35753
lrn;1206151;44373752.713965;53.546052;2;405;0;405
m100n500k4r1;1206151;-18.000000;-0.000000;3;7;0;7
macrophage;1206151;35.000000;209.000000;1;7;0;7
mad;1206151;0.000000;5.072970;1;1;0;1
manna81;1206151;-10107.000000;0.000000;3;44;0;44
map06;1206151;-406.181173;7.868443;1;1123;0;1123
map10;1206151;-602.176181;11.248146;1;1091;0;1091
map14;1206151;-778.549324;11.962355;1;940;0;940
map14860-20;1206151;-998.836419;10.400693;1;1262;0;1262
map16715-04;1206151;-296.267898;4.997036;1;999;0;999
map18;1206151;-932.782685;11.173489;1;1465;0;1465
map20;1206151;-998.836419;10.400693;1;1259;0;1259
mappingmesh3x3mpeg2i;1206151;10000.000000;156.247882;2;25;0;25
mario-t-hard5i;1206151;-4482.000000;96.185417;1;147;1;148
markshare1;1206151;230.000000;-0.000000;2;0;0;0
markshare2;1206151;454.000000;0.000000;2;0;0;0
markshare_4_0;1206151;226.000000;0.000000;2;0;0;0
markshare_5_0;1206151;337.000000;0.000000;2;0;0;0
mas74;1206151;10482.795280;3.103514;1;1;0;1
mas76;1206151;38893.903641;2.555097;1;1;0;1
maxgasflow;1206151;-53620694.316699;218.049274;2;56;0;56
mc11;1206151;13520.000000;-0.000000;2;26;0;26
mc7;1206151;5797.000000;-0.000000;2;28;0;28
mc8;1206151;1944.000000;-0.000000;2;28;0;28
mcsched;1206151;474351.816438;29.021488;2;156;0;156
methanosarcina;1206151;0.000000;282.500000;1;51;0;51
mik-250-1-100-1;1206151;-0.000000;0.000000;2;2;0;2
mik-250-20-75-1;1206151;0.000000;0.000000;2;4;0;4
mik-250-20-75-2;1206151;-0.000000;-0.000000;2;3;0;3
mik-250-20-75-3;1206151;-0.000000;-0.000000;2;3;0;3
mik-250-20-75-4;1206151;-0.000000;-0.000000;2;3;0;3
mik-250-20-75-5;1206151;0.000000;-0.000000;2;3;0;3
milo-v12-6-r1-58-1;1206151;422507.582835;147.061179;2;149;0;149
milo-v12-6-r1-75-1;1206151;684446.509887;174.270141;2;175;0;175
milo-v12-6-r2-40-1;1206151;213638.744473;104.126887;2;76;0;76
milo-v13-4-3d-3-0;1206151;23373.122645;0.739975;1;14;0;14
milo-v13-4-3d-4-0;1206151;34049.245605;1.277727;1;30;0;30
mine-166-5;1206151;-548288758.721338;36.684884;6;130;0;130
mine-90-10;1206151;-827656854.061004;55.076435;1;87;0;87
mining;1206151;-884745914.647418;8489.901148;92;71798;1869;73667
minutedispatchstrategy;1206151;3582.138213;101.664381;1441;1971;667;2638
misc07;1206151;1415.000000;8.000000;1;2;0;2
mitre;1206151;114908.998992;168.716846;1;62;0;62
mkc;1206151;-349.170000;-0.000000;3;32;0;32
mkc1;1206151;-569.390000;7.047075;3;32;0;32
mod010;1206151;6532.083333;15.166667;1;14;0;14
modglob;1206151;20786787.016883;-0.000000;2;1;0;1
moj-mining;1206151;-1520532907.350179;566.626558;2;47049;0;47049
momentum1;1206151;121860.460323;47.487111;2;152;0;152
momentum2;1206151;12884.172158;84.534262;3;494;1;495
mrcpspj30-15-5i;1206151;23.000000;69.031311;2;53;0;53
mrcpspj30-17-10i;1206151;25.000000;214.284271;24;111;7;118
mrcpspj30-53-3i;1206151;30.000000;33.607920;2;44;0;44
msc98-ip;1206151;19530897.712302;328.031779;2;1105;2;1107
mspp16;1206151;341.000000;3.000000;1;24069;142;24211
mspsphard01i;1206151;69.000000;45.003105;3;55;1;56
mspsphard03i;1206151;73.000000;92.938259;11;97;6;103
mtest4ma;1206151;60342.000000;0.000000;2;2;0;2
mushroom-best;1206151;0.079076;0.007000;3;254;3;257
mzzv11;1206151;-22076.000000;186.202623;2;283;1;284
mzzv42z;1206151;-20490.000000;179.192264;2;270;1;271
n13-3;1206151;4810470.000000;0.000000;2;2;0;2
n15-3;1206151;71710891.000000;0.000000;2;4751;0;4751
n2seq36f;1206151;70600.000000;-0.000000;3;39;0;39
n2seq36q;1206151;116003.593822;43.392098;3;136;3;139
n3-3;1206151;23704230.000000;0.000000;2;141;0;141
n3700;1206151;1342560.000000;0.000000;2;27;0;27
n3705;1206151;1342540.000000;0.000000;2;29;0;29
n3707;1206151;1301218.000000;0.000000;2;28;0;28
n3709;1206151;1324904.000000;-0.000000;2;27;0;27
n370a;1206151;1353042.000000;-0.000000;2;26;0;26
n370b;1206151;1373791.000000;-0.000000;2;27;0;27
n3div36;1206151;259800.000000;6.227888;3;140;3;143
n3seq24;1206151;186864.580534;43.960251;3;2201;39;2240
n4-3;1206151;12003175.000000;-0.000000;2;63;0;63
n5-3;1206151;10502425.000000;-0.000000;2;15;0;15
n6-3;1206151;10807500.000000;0.000000;2;71;0;71
n7-3;1206151;8409710.000000;0.000000;2;41;0;41
n9-3;1206151;20705025.000000;-0.000000;2;132;0;132
nag;1206151;465.000000;11.321381;3;45;0;45
neos-1061020;1206151;-145860.370608;501.435811;1;815;0;815
neos-1067731;1206151;669053.000000;87.000000;1;582;0;582
neos-1109824;1206151;278.000000;22.000000;1;41;0;41
neos-1112782;1206151;22000000110147.347656;0.000000;2;25;0;25
neos-1112787;1206151;19500000125389.667969;0.000000;2;34;0;34
neos-1122047;1206151;162.000000;0.000000;2;111;0;111
neos-1171448;1206151;-309.000000;5.777778;2;115;0;115
neos-1171692;1206151;-273.000000;4.936782;2;43;0;43
neos-1171737;1206151;-195.000000;9.875000;2;48;0;48
neos-1225589;1206151;5000000000.000000;-0.000000;2;1;0;1
neos-1311124;1206151;-182.000000;5.250000;2;3;0;3
neos-1324574;1206151;36.000000;135.000000;2;34;0;34
neos-1330346;1206151;33.000000;92.391391;2;54;0;54
neos-1337307;1206151;-201272.000000;272.493985;2;51;0;51
neos-1354092;1206151;46.000000;235.398385;2;1044;1;1045
neos-1367061;1206151;31320456.264497;6.250000;2;1010;1;1011
neos-1396125;1206151;3000.046554;10.228463;2;7;0;7
neos-1420546;1206151;22124.400000;103.140678;1;379;0;379
neos-1420790;1206151;2942.750002;75.132359;1;52;0;52
neos-1423785;1206151;-1773.639422;144.183541;2;349;0;349
neos-1425699;1206151;3175561447.505317;0.344988;1;0;0;0
neos-1426635;1206151;-178.000000;6.235119;2;2;0;2
neos-1426662;1206151;-52.000000;24.768519;2;4;0;4
neos-1429212;1206151;2425.386455;328.355033;1;4398;8;4406
neos-1430701;1206151;-78.000000;5.278895;2;2;0;2
neos-1436709;1206151;-129.000000;5.000000;2;3;0;3
neos-1440225;1206151;36.000000;33.201799;1;70;0;70
neos-1440460;1206151;-180.000000;5.527778;2;2;0;2
neos-1442119;1206151;-182.000000;7.291667;2;3;0;3
neos-1442657;1206151;-156.000000;6.083333;2;3;0;3
neos-1445532;1206151;-14382.000000;4.666667;2;24;0;24
neos-1445738;1206151;-18525.765543;192.856918;1;1032;0;1032
neos-1445743;1206151;-18902.810023;198.050465;1;1092;0;1092
neos-1445765;1206151;-18811.492536;210.050240;1;1125;0;1125
neos-1456979;1206151;154.000000;27.901173;1;42;0;42
neos-1516309;1206151;34769.833333;9.166667;2;30;0;30
neos-1582420;1206151;88.398466;56.499668;5;39;0;39
neos-1593097;1206151;19581.000000;35.532718;1;42;0;42
neos-1599274;1206151;31644.742857;8.000000;2;31;0;31
neos-1601936;1206151;1.000000;155.123290;1;727;0;727
neos-1603965;1206151;619257281.729080;159.273944;3;2533;1;2534
neos-1605061;1206151;6.150735;154.264928;1;2399;0;2399
neos-1605075;1206151;3.214461;180.849737;1;2197;0;2197
neos-1616732;1206151;173.000000;-0.000000;3;56;0;56
neos-1620770;1206151;22.000000;35.000000;2;190;0;190
neos-2294525-abba;1206151;251.550909;6.559286;1;86;0;86
neos-2328163-agri;1206151;27254.625000;58.500000;1;151;0;151
neos-2624317-amur;1206151;0.000000;22.010124;1;2;0;2
neos-2629914-sudost;1206151;39622.000000;15.492958;1;191;0;191
neos-2652786-brda;1206151;0.000000;13.689689;2;1;0;1
neos-2657525-crna;1206151;0.000000;17.653532;2;1;0;1
neos-2669500-cust;1206151;2221.900000;100.250838;1;471;5;476
neos-2746589-doon;1206151;1985.939796;54.551734;1;216;2;218
neos-2974461-ibar;1206151;472952396.770997;3364.000000;2;182596;32;182628
neos-2978193-inde;1206151;-2.418518;7.400000;1;55;0;55
neos-2978205-isar;1206151;-12.415307;29.800000;1;223;0;223
neos-2987202-jeir;1206151;-1847551552.236609;1035.632796;2;62111;1;62112
neos-2987310-joes;1206151;-610797465.676974;19.875000;2;834;0;834
neos-2991472-kalu;1206151;138.000000;19.673706;2;3165;85;3250
neos-3004026-krka;1206151;0.000000;832.000000;1;50;0;50
neos-3009394-lami;1206151;0.642857;216.571429;2;3;0;3
neos-3024952-loue;1206151;25442.000000;116.550000;5;239;0;239
neos-3025225-shelon;1206151;0.077135;318.031391;1;87674;20;87694
neos-3046601-motu;1206151;185.000000;0.023300;2;0;0;0
neos-3046615-murg;1206151;192.000000;0.024900;2;0;0;0
neos-3048764-nadi;1206151;-3883988306.366695;0.000000;1;39;0;39
neos-3065804-namu;1206151;0.000000;0.000000;1;218;0;218
neos-3068746-nene;1206151;77427529.530929;51.698455;2;147;0;147
neos-3072252-nete;1206151;10593526.000000;1.938794;2;1;0;1
neos-3075395-nile;1206151;1127152.765198;9.064729;1;84;0;84
neos-3083784-nive;1206151;0.000000;0.331201;1;5;0;5
neos-3083819-nubu;1206151;6290575.552807;5.598385;1;35;0;35
neos-3116779-oban;1206151;0.000000;0.000000;1;20;0;20
neos-3118745-obra;1206151;291.000000;-0.000000;3;4;0;4
neos-3148108-pahi;1206151;0.000000;0.000000;1;63;0;63
neos-3209462-rhin;1206151;0.000000;47.352227;2;4506;1;4507
neos-3209519-ruhr;1206151;332.850000;25.096416;1;50;0;50
neos-3214367-sovi;1206151;87807.062267;84.903917;1;1919;0;1919
neos-3216931-puriri;1206151;58817.360975;50.614467;1;851;0;851
neos-3226448-wkra;1206151;0.000000;512.043709;1;791;0;791
neos-3237086-abava;1206151;0.000000;56.000000;1;207;2;209
neos-3322547-alsek;1206151;616.000000;115.178534;2;11118;77;11195
neos-3352863-ancoa;1206151;47700.000000;-0.000000;3;661;12;673
neos-3354841-apure;1206151;48560.000000;3.800000;1;2075;26;2101
neos-3355120-tarago;1206151;-19761147.469026;129.215110;1;683;1;684
neos-3355323-arnon;1206151;0.000000;21.818182;4;65;3;68
neos-3372571-onahau;1206151;0.576990;8.695953;2;1159;0;1159
neos-3373491-avoca;1206151;21687686014.015354;20.812587;1;9;0;9
neos-3381206-awhea;1206151;432.000000;61.334767;2;4;0;4
neos-3402294-bobin;1206151;0.000000;50.999394;1;223;1;224
neos-3426085-ticino;1206151;235.000000;41.787470;3;27;0;27
neos-3426132-dieze;1206151;427.000000;103.670666;2;48;0;48
neos-3437289-erdre;1206151;0.000000;0.000000;1;67;1;68
neos-3530903-gauja;1206151;170.000000;33.253136;3;4;0;4
neos-3530905-gaula;1206151;153.000000;29.042208;2;4;0;4
neos-3555904-turama;1206151;-37.915768;1724.960719;3;5668;5;5673
neos-3572885-glina;1206151;0.000000;0.000000;1;89;1;90
neos-3581454-haast;1206151;1969.000000;47.338710;1;77;0;77
neos-3592146-hawea;1206151;7345804.855333;13.281253;1;42;0;42
neos-3594536-henty;1206151;383310.000000;1311.000000;1;74;1;75
neos-3603137-hoteo;1206151;0.000000;34.297619;3;43;1;44
neos-3610040-iskar;1206151;37.165417;2.262083;2;3;0;3
neos-3610051-istra;1206151;48.227558;5.054237;2;5;0;5
neos-3610173-itata;1206151;147.441250;3.692500;2;3;0;3
neos-3611447-jijia;1206151;116.645382;2.294795;2;2;0;2
neos-3611689-kaihu;1206151;138.382063;1.574126;2;3;0;3
neos-3615091-sutlej;1206151;-1506391.117177;161.684320;1;1607;9;1616
neos-3627168-kasai;1206151;1028641.180000;2.678667;2;4;0;4
neos-3634244-kauru;1206151;0.000000;152.720000;1;4181;4;4185
neos-3636886-kereu;1206151;1114.701601;0.001506;2;61;1;62
neos-3660371-kurow;1206151;286.534383;20.430958;1;16;0;16
neos-3661949-lesse;1206151;689000000.000000;0.000000;1;2;0;2
neos-3665875-lesum;1206151;248.325000;40.407566;2;74;0;74
neos-3682128-sandon;1206151;30098104.111687;108.126984;2;88;0;88
neos-3691541-lonja;1206151;-0.061575;9.639780;1;58;0;58
neos-3695882-vesdre;1206151;-145935.214286;39.000000;1;275;1;276
neos-3696678-lyvia;1206151;83.750000;63.000000;1;5;0;5
neos-3699377-maori;1206151;135877.224265;88.955274;2;106;0;106
neos-3703351-marne;1206151;317056.210386;65.821369;2;56;0;56
neos-3740487-motru;1206151;152.145486;76.975427;2;39806;64;39870
neos-3754480-nidda;1206151;-1216923.270104;12.186832;1;3;0;3
neos-3755335-nizao;1206151;50.030157;72.539921;2;512;1;513
neos-3759587-noosa;1206151;48.334468;4.400000;3;320;1;321
neos-3761878-oglio;1206151;422769.022545;66.784000;2;44;0;44
neos-3762025-ognon;1206151;603955.746492;49.449230;2;36;0;36
neos-4165869-wannon;1206151;285.150608;106.929165;2;610;1;611
neos-4230265-orari;1206151;38515515.684909;56.957317;3;2618;1;2619
neos-4260495-otere;1206151;3462.928116;143.832637;3;501;8;509
neos-4264598-oueme;1206151;4719412304.625630;65.571331;2;1929;1;1930
neos-4285819-pedja;1206151;34.451960;101.159938;2;295797;57;295854
neos-4290317-perth;1206151;3613303.634755;0.000000;2;1709;0;1709
neos-4295773-pissa;1206151;0.000000;1644.289474;1;5406;4;5410
neos-4300652-rahue;1206151;0.000000;31.333333;1;639;1;640
neos-4306827-ravan;1206151;-26673.307580;194.882805;2;329;4;333
neos-4321076-ruwer;1206151;1880.558333;39.333333;1;19162;1;19163
neos-4322846-ryton;1206151;0.419848;24.872919;1;614;5;619
neos-4332801-seret;1206151;233683.594384;172.168422;3;267;6;273
neos-4332810-sesia;1206151;-23062.998566;161.354975;3;254;6;260
neos-4333464-siret;1206151;24.688318;0.121324;2;8;0;8
neos-4333596-skien;1206151;-14653654.846569;0.746303;1;3;0;3
neos-4335793-snake;1206151;0.123684;141.753072;2;1329;1;1330
neos-4338804-snowy;1206151;1447.000000;21.239000;3;4;0;4
neos-4343293-stony;1206151;52.758728;0.200000;2;56;0;56
neos-4355351-swalm;1206151;33.854869;0.094819;2;153;3;156
neos-4358725-tagus;1206151;1889548.577948;203.435939;2;652;0;652
neos-4359986-taipa;1206151;0.395578;39.118149;1;963;1;964
neos-4360552-sangro;1206151;-29.500000;576.481637;1;8917;1;8918
neos-4387871-tavua;1206151;36.445048;0.200000;2;42;0;42
neos-4391920-timok;1206151;0.000378;34.957374;1;6241;5;6246
neos-4393408-tinui;1206151;340.267489;0.200000;2;39;0;39
neos-4408804-prosna;1206151;914.483516;71.708791;1;3730;1;3731
neos-4409277-trave;1206151;0.000000;350.162065;1;1789;1;1790
neos-4413714-turia;1206151;43.474651;371.333441;1;1877;9;1886
neos-4532248-waihi;1206151;0.370420;27.004111;1;3944;5;3949
neos-4533806-waima;1206151;3063.318841;49.500000;1;971;5;976
neos-4545615-waita;1206151;3606.594190;54.131913;1;18041;39;18080
neos-4555749-wards;1206151;3026.812121;34.998623;1;892;6;898
neos-4562542-watut;1206151;3743.304348;42.380485;1;2817;7;2824
neos-4647027-thurso;1206151;26911.641616;130.575703;1;2218;0;2218
neos-4647030-tutaki;1206151;26911.641616;131.360812;1;2750;0;2750
neos-4647032-veleka;1206151;26587.908699;174.943874;1;3428;0;3428
neos-4650160-yukon;1206151;-22633.302692;150.257047;1;6;0;6
neos-4722843-widden;1206151;63671.455263;748.515195;3;362;7;369
neos-4724674-aorere;1206151;3955.706101;89.034940;3;341;6;347
neos-4736745-arroux;1206151;262263446.114579;4.100609;2;31;0;31
neos-4738912-atrato;1206151;323678468.688703;3.843750;2;31;0;31
neos-4754521-awarau;1206151;0.000000;0.000000;1;1169;7;1176
neos-4760493-puerua;1206151;1908.243695;237.071976;1;30612;3;30615
neos-476283;1206151;406.244708;13.663873;1;6313;0;6313
neos-4763324-toguru;1206151;1120.986062;232.945926;1;42335;2;42337
neos-4797081-pakoka;1206151;0.000000;995.738455;1;6177;2;6179
neos-4805882-barwon;1206151;22058.983698;108.041076;3;190;1;191
neos-480878;1206151;515.138796;4.583278;2;16;0;16
neos-4954274-beardy;1206151;18659.208282;287.749893;2;909;2;911
neos-4954672-berkel;1206151;3491016.775148;2.808176;2;2;0;2
neos-4966258-blicks;1206151;366.090909;30.789773;2;1134;2;1136
neos-4971100-bodrog;1206151;-0.000000;0.000000;1;48;0;48
neos-4972437-bojana;1206151;357.086296;28.765194;2;7124;2;7126
neos-4972461-bolong;1206151;466.511858;34.763016;2;7229;2;7231
neos-4976951-bunnoo;1206151;377.416466;27.913354;2;5993;2;5995
neos-4984115-canche;1206151;-9947088.084138;0.363560;1;12;0;12
neos-498623;1206151;16.283333;46.801587;1;82;0;82
neos-5013590-toitoi;1206151;1064.447092;169.000000;1;15754;2;15756
neos-5018451-chiese;1206151;-148612315.605332;10.652915;1;1506;0;1506
neos-503737;1206151;50.000000;47.918146;1;32;0;32
neos-5041822-cockle;1206151;5701464.927099;174.422554;3;807;3;810
neos-5044663-wairoa;1206151;4653100.000000;573.309583;1;16642;1;16643
neos-5045105-creuse;1206151;19.066671;17.680786;1;61;0;61
neos-5049753-cuanza;1206151;464.000000;46.400000;1;1849;3;1852
neos-5051588-culgoa;1206151;128.750000;30.632366;1;92;0;92
neos-5052403-cygnet;1206151;220.007927;94.805311;8;36811;174;36985
neos-506422;1206151;0.000000;7.000000;1;156;0;156
neos-506428;1206151;145945.000000;96.000000;1;1084;3;1087
neos-5075914-elvire;1206151;305.493099;56.895754;2;90;0;90
neos-5076235-embley;1206151;1930.000000;0.112088;2;549;0;549
neos-5078479-escaut;1206151;7438.416728;53.893699;2;130;0;130
neos-5079731-flyers;1206151;2004.000000;1.153846;2;552;0;552
neos-5083528-gimone;1206151;0.000000;17.250000;1;260;4;264
neos-5093327-huahum;1206151;3934.000000;1.858333;2;595;0;595
neos-5100895-inster;1206151;2084.000000;3.428571;2;394;0;394
neos-5102383-irwell;1206151;1740.000000;2.593407;2;492;0;492
neos-5104907-jarama;1206151;648.590198;48.358189;2;7390;3;7393
neos-5106984-jizera;1206151;721.000000;2.257143;2;2801;4;2805
neos-5107597-kakapo;1206151;0.000000;0.591250;2;42;0;42
neos-5108386-kalang;1206151;621.655661;37.918891;2;14918;4;14922
neos-5114902-kasavu;1206151;518.000000;86.333333;1;7602;5;7607
neos-5115478-kaveri;1206151;0.000000;0.529375;2;35;0;35
neos-5116085-kenana;1206151;452.000000;75.333333;1;5414;3;5417
neos-5118834-korana;1206151;583.521384;84.165894;2;12629;4;12633
neos-5118851-kowhai;1206151;1134.000000;4.250000;2;3595;5;3600
neos-5123665-limmat;1206151;654.150497;48.317256;2;19366;5;19371
neos-5125849-lopori;1206151;0.000000;5.984639;1;43;0;43
neos-5129192-manaia;1206151;0.000000;4.000000;1;3162;13;3175
neos-5138690-middle;1206151;609.154239;77.027095;2;18825;5;18830
neos-5140963-mincio;1206151;8877.000000;2.142857;1;1;0;1
neos-5149806-wieprz;1206151;45.000000;7.634481;3;379;8;387
neos-5151569-mologa;1206151;686014018.994231;27.888300;2;2804;2;2806
neos-5178119-nalagi;1206151;8.569859;24.379086;2;83;0;83
neos-5182409-nasivi;1206151;0.000000;19.712425;1;7;0;7
neos-5188808-nattai;1206151;0.000000;13.355766;1;546;0;546
neos-5189128-totara;1206151;330131.390743;21.863581;1;987;3;990
neos-5192052-neckar;1206151;-11980000.000000;0.400000;2;0;0;0
neos-5193246-nerang;1206151;0.000000;427.000890;1;295;0;295
neos-5195221-niemur;1206151;0.000000;364.863502;1;278;0;278
neos-5196530-nuhaka;1206151;0.000000;406.675411;1;367;0;367
neos-520729;1206151;-1389625.000000;9.185238;1;557;0;557
neos-5221106-oparau;1206151;0.000000;33.949758;1;627;2;629
neos-525149;1206151;60.000000;40.416667;1;46;0;46
neos-5260764-orauea;1206151;58748.022532;8.725559;1;88;0;88
neos-5261882-treska;1206151;26047.998000;6.157765;1;8;0;8
neos-5266653-tugela;1206151;21659.678723;20.155553;1;150;1;151
neos-555001;1206151;962625.000000;32.414286;1;6;0;6
neos-555343;1206151;1346700.000000;157.193056;4;9;0;9
neos-555424;1206151;1286800.000000;144.027778;1;35;0;35
neos-555884;1206151;1112400.000000;165.150000;1;36;0;36
neos-565672;1206151;55015.268433;57.351362;4;13571;21;13592
neos-574665;1206151;5932913.752734;8.390264;3;5;0;5
neos-578379;1206151;0.000000;99.171812;1;1670;1;1671
neos-585192;1206151;384.328979;0.433130;2;10;0;10
neos-585467;1206151;347.224531;0.316538;2;7;0;7
neos-595904;1206151;61213.471080;16.893904;2;66;0;66
neos-619167;1206151;1.481241;34.850492;1;87;0;87
neos-631517;1206151;6999347.296879;55.400180;2;8;0;8
neos-631710;1206151;286.000000;225.464535;2;1002;15;1017
neos-633273;1206151;6996841097.997801;0.000000;1;127;0;127
neos-662469;1206151;184342.980720;94.063832;1;453;1;454
neos-686190;1206151;5134.813830;17.515957;1;37;0;37
neos-691058;1206151;263.400000;89.445421;1;123;0;123
neos-693347;1206151;234.000000;78.661138;1;744;0;744
neos-738098;1206151;-1099.000000;195.489493;1;289;0;289
neos-777800;1206151;-80.000000;74.416196;1;53;0;53
neos-780889;1206151;3421500.000000;0.000000;1;345;6;351
neos-787933;1206151;30.000000;0.000000;1;1;0;1
neos-799711;1206151;-11228065.153797;78.369325;1;747;0;747
neos-799716;1206151;4932670.661692;20.807498;1;63;0;63
neos-807639;1206151;332.924117;12.512286;1;6;0;6
neos-820879;1206151;24874.267857;63.030000;1;69;0;69
neos-824661;1206151;55.000000;94.965217;2;236;1;237
neos-824695;1206151;43.000000;61.571429;2;91;0;91
neos-826224;1206151;124.000000;43.333333;2;213;2;215
neos-826650;1206151;32.000000;154.916667;2;45;0;45
neos-826694;1206151;72.000000;221.851190;2;127;1;128
neos-826812;1206151;69.011000;175.561360;3;121;1;122
neos-826841;1206151;32.008200;127.466667;2;38;0;38
neos-827015;1206151;2.098071;332.649497;1;1586;3;1589
neos-827175;1206151;115.001520;111.833333;2;146;1;147
neos-829552;1206151;2.098071;248.920991;1;1621;1;1622
neos-831188;1206151;1.767720;87.466667;1;53;0;53
neos-847302;1206151;0.000000;46.902472;1;52;0;52
neos-848198;1206151;168977.000000;-0.000000;2;158;0;158
neos-848589;1206151;0.000000;1.000000;1;1105;1;1106
neos-849702;1206151;0.000000;87.450805;1;18;0;18
neos-850681;1206151;2087.000000;50.000000;1;104;0;104
neos-860300;1206151;2035.362225;9.000000;1;44;0;44
neos-872648;1206151;52.671483;0.000000;2;989;6;995
neos-873061;1206151;135.208828;0.000000;2;1331;7;1338
neos-876808;1206151;169615.062608;275.400000;2;2674;2;2676
neos-885086;1206151;-243.000000;18.235808;2;211;0;211
neos-885524;1206151;12397.479000;5.525486;3;68;2;70
neos-911880;1206151;23.260000;16.155343;1;2;0;2
neos-911970;1206151;23.260000;14.456206;1;2;0;2
neos-913984;1206151;1000.000000;32.223499;1;161;3;164
neos-914441;1206151;5660364.283770;102.051261;1;2555;0;2555
neos-916792;1206151;26.283217;17.068306;2;102;0;102
neos-932721;1206151;513000.000000;-0.000000;3;54;0;54
neos-932816;1206151;513000.000000;0.000000;3;116;1;117
neos-933562;1206151;0.000000;82.687196;1;28;0;28
neos-933638;1206151;343596.135707;0.000000;3;155;1;156
neos-933966;1206151;320056.314672;0.000000;3;112;1;113
neos-934278;1206151;363533.821078;0.000000;3;344;1;345
neos-935234;1206151;366375.083333;0.000000;3;292;1;293
neos-935627;1206151;19209.328443;0.000000;3;331;1;332
neos-935769;1206151;20742.013199;-0.000000;3;318;1;319
neos-937511;1206151;45997.869356;-0.000000;3;449;1;450
neos-937815;1206151;43827.865766;-0.000000;3;436;1;437
neos-941262;1206151;46602.679232;-0.000000;3;348;1;349
neos-941313;1206151;9361.000000;209.984127;1;465;4;469
neos-942830;1206151;12.000000;64.350128;2;26;0;26
neos-948126;1206151;47659.479658;-0.000000;3;335;1;336
neos-948346;1206151;-184.363181;28.000941;6;430;21;451
neos-950242;1206151;2.000000;42.000000;2;104;1;105
neos-953928;1206151;-10.906667;12.942467;4;141;5;146
neos-954925;1206151;-162.787389;32.833375;4;427;14;441
neos-956971;1206151;-104.788318;33.741072;4;502;13;515
neos-957143;1206151;-195.185742;30.536159;5;541;15;556
neos-957323;1206151;-218.785072;18.500000;4;282;12;294
neos-957389;1206151;1.500000;23.329101;1;69;1;70
neos-960392;1206151;-238.000000;301.558442;1;297;3;300
neos-983171;1206151;47807.452753;0.000000;3;390;1;391
neos-984165;1206151;46265.385436;0.000000;3;384;1;385
neos13;1206151;-126.178378;42.160092;2;181;0;181
neos15;1206151;143201.242910;0.000000;2;1;0;1
neos16;1206151;429.000000;13.714286;3;4;0;4
neos17;1206151;0.222688;0.000000;2;6;0;6
neos18;1206151;12.000000;37.833333;5;87;0;87
neos2;1206151;-4407.097239;5.158588;1;4;0;4
neos22;1206151;790282.857143;12.207143;2;33;0;33
neos5;1206151;17.250000;0.000000;3;1;0;1
neos6;1206151;114.038055;32.275044;6;266;7;273
neos8;1206151;-3309.500000;20.750000;3;29;0;29
neos808444;1206151;0.000000;198.728752;1;209;1;210
neos9;1206151;780.000000;44.250000;1;334;0;334
net12;1206151;47.514236;134.516319;3;1176;1;1177
netdiversion;1206151;454.000000;754.600000;3;7323;15;7338
newdano;1206151;11.724138;8.447296;1;2;0;2
nexp-150-20-1-5;1206151;74.000000;-0.000000;3;26;0;26
nexp-150-20-8-5;1206151;552.000000;-0.000000;3;75;1;76
nexp-50-20-1-1;1206151;35.000000;-0.000000;2;0;0;0
nexp-50-20-4-2;1206151;120.000000;0.000000;3;2;0;2
nh97_potential;1206151;1461.000000;72.750000;2;5;0;5
nh97_tension;1206151;1429.000000;76.466667;2;2;0;2
nj1;1206151;0.000000;607.000000;1;457;1;458
nj2;1206151;0.000000;607.000000;1;625;1;626
nj3;1206151;0.000000;607.000000;1;1671;1;1672
nobel-eu-DBE;1206151;7662120.000000;0.000000;2;69;0;69
noswot;1206151;-39.920111;4.557455;3;1;0;1
ns1111636;1206151;96.250000;17.588542;1;255;1;256
ns1116954;1206151;0.000000;154.227320;1;685;1;686
ns1208400;1206151;0.000000;92.146914;1;32;0;32
ns1430538;1206151;73.621609;10.751709;1;393;0;393
ns1456591;1206151;361.939022;19.000000;1;114;0;114
ns1606230;1206151;13.225000;179.621722;1;1947;0;1947
ns1631475;1206151;94800.000000;643.196596;2;1281;2;1283
ns1679495;1206151;3355407.151677;106.229642;2;48125;9;48134
ns1685374;1206151;-51.800913;96.218654;1;2290;1;2291
ns1688347;1206151;2.259259;74.205225;1;350;0;350
ns1690781;1206151;-1022.227789;60.056795;2;91;0;91
ns1696083;1206151;2.038462;48.811865;1;548;1;549
ns1758913;1206151;-1473.311978;85.635340;1;8206;6;8212
ns1760995;1206151;-1349.487943;142.000000;1;15392;7;15399
ns1778858;1206151;-22635740.000000;227.465047;2;288;0;288
ns1828997;1206151;0.000000;75.000000;1;1107;1;1108
ns1830653;1206151;7083.000000;59.569632;1;89;0;89
ns1849932;1206151;546.000000;6.131653;1;1034;6;1040
ns1853823;1206151;1172000.000000;1345.731857;2;42349;27;42376
ns1854840;1206151;1664000.000000;1124.615817;2;9008;16;9024
ns1856153;1206151;0.000000;203.675428;2;171;1;172
ns1904248;1206151;0.000000;476.666667;3;2484;7;2491
ns1905797;1206151;11.750980;32.426504;1;218;1;219
ns1905800;1206151;6.436600;26.487503;1;47;0;47
ns1952667;1206151;0.000000;9.316422;1;186;1;187
ns2017839;1206151;77026841466348.468750;1.620352;2;4771;0;4771
ns2034125;1206151;24740.000000;429.218830;2;2702;0;2702
ns2071214;1206151;0.000000;53.955240;1;75;0;75
ns2081729;1206151;4.600000;0.174500;2;3;0;3
ns2122698;1206151;62785.622771;196.156523;1;369;1;370
ns2124243;1206151;53998.333333;186.527778;1;257;1;258
ns2137859;1206151;24629.000000;56.954851;1;98;0;98
ns4-pr3;1206151;711323.000000;0.000000;2;130;0;130
ns4-pr6;1206151;427264.500000;0.000000;2;30;0;30
ns4-pr9;1206151;549125.000000;0.000000;2;82;0;82
ns894236;1206151;18.000000;109.321441;2;217;0;217
ns894244;1206151;16.000000;172.305570;2;534;1;535
ns894786;1206151;14.000000;98.226662;2;505;2;507
ns894788;1206151;7.000000;55.131615;2;86;0;86
ns903616;1206151;22.000000;175.549209;2;474;1;475
nsa;1206151;91.855632;7.418401;2;7;0;7
nsr8k;1206151;17500809.511815;639.470648;1;8492;2;8494
nsrand-ipx;1206151;69280.000000;0.000000;3;48;1;49
nu120-pr12;1206151;205695.000000;4.800000;2;41;0;41
nu120-pr3;1206151;511253.750000;28.016727;2;100;0;100
nu120-pr9;1206151;334880.000000;15.750000;2;77;0;77
nu25-pr12;1206151;298632.500000;4.233333;2;41;0;41
nu4-pr9;1206151;549125.000000;12.513333;2;67;0;67
nu60-pr9;1206151;386150.000000;12.150000;2;80;0;80
nucorsav;1206151;29.046100;74.292914;1;75056;129;75185
nursesched-medium-hint03;1206151;33.468485;463.947617;1;1149;3;1152
nursesched-medium04;1206151;452.000000;371.763072;2;781;5;786
nursesched-sprint-hidden09;1206151;516.944444;178.989683;2;299;2;301
nursesched-sprint-late03;1206151;34.254806;182.557279;1;312;1;313
nursesched-sprint02;1206151;154.416667;130.963542;2;210;2;212
nw04;1206151;16310.666667;2.000000;1;177;4;181
ofi;1206151;6135598681.449045;1321.867570;196;3468;101;3569
ofi2;1206151;6128453035.160096;1604.443623;184;6166;148;6314
oocsp-racks030e6cci;1206151;0.000000;547.447664;15;158;8;166
opm2-z10-s2;1206151;-17756.000000;0.000000;6;6140;7;6147
opm2-z10-s4;1206151;-18031.000000;-0.000000;6;6905;8;6913
opm2-z11-s8;1206151;-22495.000000;0.000000;6;12098;11;12109
opm2-z12-s14;1206151;-37879.000000;-0.000000;7;22766;15;22781
opm2-z12-s7;1206151;-31063.000000;-0.000000;6;24814;13;24827
opm2-z12-s8;1206151;-33359.000000;0.000000;7;27000;17;27017
opm2-z6-s1;1206151;-3261.000000;-0.000000;4;260;1;261
opm2-z7-s2;1206151;-6001.000000;-0.000000;5;545;2;547
opm2-z7-s8;1206151;-6402.000000;-0.000000;5;614;2;616
opm2-z8-s0;1206151;-9570.000000;0.000000;5;1732;3;1735
opt1217;1206151;-20.021390;10.060606;1;2;0;2
osorio-cta;1206151;0.000000;0.013388;1;53;0;53
p0201;1206151;7155.000000;10.900000;1;1;0;1
p100x588b;1206151;58977.000000;0.000000;2;2;0;2
p200x1188c;1206151;15747.000000;0.000000;2;3;0;3
p2756;1206151;2706.000000;24.070313;2;4;0;4
p500x2988;1206151;72594.000000;0.000000;2;29;0;29
p500x2988c;1206151;17212.000000;-0.000000;2;29;0;29
p500x2988d;1206151;6.000000;-0.000000;2;28;0;28
p6b;1206151;-52.000000;0.000000;3;52;0;52
p80x400b;1206151;45896.000000;-0.000000;2;1;0;1
pb-fit2d;1206151;-22363.768555;843.273209;1;7120;11;7131
pb-gfrd-pnc;1206151;8321.694589;42.993642;1;105;0;105
pb-grow22;1206151;-449654.852582;121.611433;1;421;1;422
pb-market-split8-70-4;1206151;0.000000;1.843507;1;0;0;0
pb-simp-nonunif;1206151;9.500000;280.033333;5;2357;11;2368
peg-solitaire-a3;1206151;1.000000;265.145532;1;326;0;326
pg;1206151;-11098.657382;17.215049;2;4;0;4
pg5_34;1206151;-16012.248077;18.476238;2;5;0;5
physiciansched3-3;1206151;2590923.193775;699.205074;3;16851;4;16855
physiciansched3-4;1206151;1460000.029192;507.419205;3;17651;3;17654
physiciansched5-3;1206151;20464.000000;133.462963;2;738;0;738
physiciansched6-1;1206151;10067.500000;253.698611;3;663;2;665
physiciansched6-2;1206151;47675.160783;435.646407;4;373;1;374
pigeon-08;1206151;-8000.000000;4.485714;1;1;0;1
pigeon-10;1206151;-10000.000000;8.022222;1;2;0;2
pigeon-11;1206151;-11000.000000;9.020000;1;2;0;2
pigeon-12;1206151;-12000.000000;10.018182;1;2;0;2
pigeon-13;1206151;-13000.000000;11.016667;1;3;0;3
pigeon-16;1206151;-16000.000000;34.984242;1;4;0;4
pigeon-19;1206151;-19000.000000;17.011111;1;5;0;5
pigeon-20;1206151;-20000.000000;26.250718;1;6;0;6
piperout-03;1206151;69590.490975;240.307638;7;280;2;282
piperout-08;1206151;99228.924471;298.804974;9;253;3;256
piperout-27;1206151;7146.876623;517.233607;684;324;250;574
piperout-d20;1206151;25601.416667;437.748324;2;764;1;765
piperout-d27;1206151;7199.340391;682.880995;2;908;1;909
pk1;1206151;0.000000;2.794444;1;0;0;0
polygonpack3-15;1206151;-114051612.169520;43.644898;3;989;5;994
polygonpack4-10;1206151;-93676953.470100;20.424622;3;430;2;432
polygonpack4-15;1206151;-114052801.790860;41.117829;3;1126;6;1132
polygonpack4-7;1206151;-75324958.874200;9.351513;3;187;1;188
polygonpack5-15;1206151;-66029981.130960;31.476023;3;1257;6;1263
pp08a;1206151;15000.000000;-0.000000;2;0;0;0
pp08aCUTS;1206151;16630.402442;0.000000;2;2;0;2
probportfolio;1206151;7.321966;24.067729;1;4;0;4
prod1;1206151;-55.000000;3.767946;2;2;0;2
prod2;1206151;-59.000000;4.566580;2;5;0;5
proteindesign121hz512p19;1206151;3197.772133;54.952462;1;5705;62;5767
proteindesign121hz512p9;1206151;1423.904449;59.959446;1;203;4;207
proteindesign121pgb11p9;1206151;1173.710433;48.788284;1;199;4;203
proteindesign122trx11p8;1206151;1720.461105;44.719330;1;221;4;225
protfold;1206151;0.000000;34.634891;2;34;0;34
pw-myciel4;1206151;4.000000;94.775204;4;8;0;8
pythago7824;1206151;0.000000;580.777778;6;914;3;917
pythago7825;1206151;0.000000;586.777778;8;910;3;913
qap10;1206151;332.566228;55.000000;1;369;0;369
qiu;1206151;1805.177158;0.000000;2;5;0;5
qnet1;1206151;96239.620000;7.221868;2;17;0;17
qnet1_o;1206151;93221.720000;0.000000;2;5;0;5
queens-30;1206151;-29.000000;0.000000;3;190;1;191
r4l4-02-tree-bounds-50;1206151;512370030.000000;648.050000;3;44;0;44
r50x360;1206151;2016.000000;-0.000000;2;1;0;1
r80x800;1206151;5520.000000;-0.000000;2;2;0;2
radiationm18-12-05;1206151;17561.353680;193.062229;2;57;0;57
radiationm40-10-02;1206151;155317.684921;698.420363;2;250;2;252
rail01;1206151;-90.767086;1608.458333;1;13285;4;13289
rail02;1206151;-206.092110;2179.300000;1;118214;9;118223
rail03;1206151;-919.222126;7606.865972;1;185780;26;185806
rail507;1206151;213.000000;-0.000000;3;215;3;218
railway_8_1_0;1206151;397.000000;46.034177;3;4;0;4
ramos3;1206151;377.000000;-0.000000;3;1385;1;1386
ran12x21;1206151;4080.000000;0.000000;2;0;0;0
ran13x13;1206151;3521.000000;0.000000;2;0;0;0
ran14x18-disj-8;1206151;12170.996653;0.000000;2;17;0;17
ran14x18;1206151;4265.000000;0.000000;2;0;0;0
ran16x16;1206151;4333.000000;0.000000;2;0;0;0
rd-rplusc-21;1206151;100.000000;3.709516;1;340;0;340
reblock115;1206151;-37981832.798944;238.100873;1;246;0;246
reblock166;1206151;-640892721.079106;86.859092;6;327;1;328
reblock354;1206151;-39586262.751951;411.245436;1;878;0;878
reblock420;1206151;-558825455.521724;213.947318;7;1703;4;1707
reblock67;1206151;-36575497.117631;131.415935;1;37;0;37
rfds-4-days;1206151;-1158940.978167;62.166667;1;17285;9;17294
rlp1;1206151;13.244444;9.961905;1;1;0;1
rmatr100-p10;1206151;360.593308;9.692735;1;266;0;266
rmatr100-p5;1206151;762.040054;5.000000;1;588;0;588
rmatr200-p10;1206151;1550.620783;10.000000;1;11556;0;11556
rmatr200-p20;1206151;688.357943;19.982266;1;3283;0;3283
rmatr200-p5;1206151;3283.653831;5.000000;1;12168;0;12168
rmine10;1206151;-1926.863820;886.708002;1;3232;1;3233
rmine11;1206151;-2522.047107;1304.350285;1;8718;1;8719
rmine13;1206151;-3504.619914;1108.274293;2;24174;5;24179
rmine14;1206151;-4310.694704;2228.265999;1;111283;4;111287
rmine15;1206151;-5042.482963;4267.046917;1;233035;5;233040
rmine6;1206151;-462.305727;106.725097;1;119;0;119
rocI-3-11;1206151;-110705.000000;55.887636;16;12;0;12
rocI-4-11;1206151;-11110705.000000;66.745360;17;43;1;44
rocII-10-11;1206151;-11.946851;198.052596;2;923;2;925
rocII-4-11;1206151;-11.867128;49.198977;2;58;0;58
rocII-5-11;1206151;-11.893702;59.199453;2;76;0;76
rocII-7-11;1206151;-11.924073;119.849935;1;204;0;204
rocII-8-11;1206151;-11.933564;159.333601;2;282;1;283
rocII-9-11;1206151;-11.940946;178.324932;2;411;2;413
rococoB10-011000;1206151;51207.000000;10.950589;6;124;0;124
rococoC10-001000;1206151;23730.000000;0.000000;7;26;0;26
rococoC11-010100;1206151;143170.000000;22.416868;2;161;0;161
rococoC11-011100;1206151;139407.000000;14.937663;2;117;0;117
rococoC12-010001;1206151;117774.000000;9.895179;2;199;1;200
rococoC12-111000;1206151;27337.357381;31.147270;1;286;0;286
roi2alpha3n4;1206151;-78.888089;8.000000;2;651;9;660
roi5alpha10n8;1206151;-84.342241;16.000000;2;1998;26;2024
roll3000;1206151;11939.645814;52.881579;2;23;0;23
rout;1206151;981.864286;10.233819;1;2;0;2
rpp22falsei;1206151;0.000000;74.210179;3;67;1;68
rvb-sub;1206151;11.206514;4.857143;1;854;6;860
s100;1206151;-0.170525;28.899744;1;19448;15;19463
s1234;1206151;0.361925;1.571653;2;829;0;829
s250r10;1206151;-0.168732;59.939334;2;7813;26;7839
s55;1206151;-22.151773;60.323192;1;1526;3;1529
satellites1-25;1206151;-20.000000;112.132767;1;548;0;548
satellites2-25;1206151;-29.000000;379.188850;1;30744;2;30746
satellites2-40;1206151;-29.000000;350.462240;1;25441;1;25442
satellites2-60-fs;1206151;-23.972601;437.642681;2;4231;2;4233
satellites2-60;1206151;-29.000000;350.462240;1;26045;2;26047
satellites3-25;1206151;-38.000000;748.576477;1;263776;4;263780
satellites3-40-fs;1206151;-32.664860;836.453067;2;27188;7;27195
satellites3-40;1206151;-38.000000;764.579864;1;216479;5;216484
savsched1;1206151;8401.025000;-0.000000;3;63478;46;63524
scpj4scip;1206151;213.000000;-0.000000;3;1303;25;1328
scpk4;1206151;599.000000;0.000000;3;2715;22;2737
scpl4;1206151;437.000000;-0.000000;3;4690;47;4737
scpm1;1206151;905.000000;0.000000;3;44495;123;44618
scpn2;1206151;764.000000;-0.000000;3;70288;242;70530
sct1;1206151;-186.838854;85.284884;2;1172;1;1173
sct2;1206151;-86.372659;17.837708;2;61;0;61
sct31;1206151;186.783515;24.423168;2;225;0;225
sct32;1206151;51.266438;45.043874;2;512;1;513
sct5;1206151;-227.029312;28.919325;2;472;2;474
seqsolve1;1206151;4770.293168;265.188388;24;5537;130;5667
seqsolve2short4288;1206151;20.396875;318.804378;4;6464;22;6486
seqsolve3short4288excess384;1206151;-43472.799518;407.473201;8;10609;50;10659
set1ch;1206151;107691.500000;-0.000000;2;1;0;1
set3-09;1206151;1263.077974;13.704533;2;11;0;11
set3-10;1206151;788.890655;13.953500;2;10;0;10
set3-15;1206151;8364.040745;17.366709;2;15;0;15
set3-16;1206151;9916.808562;19.040932;2;13;0;13
set3-20;1206151;10347.381087;16.724301;2;11;0;11
seymour-disj-10;1206151;335.000000;-0.000000;4;1712;2;1714
seymour;1206151;456.000000;0.000000;3;231;0;231
seymour1;1206151;419.891318;-0.000000;3;218;0;218
shiftreg1-4;1206151;131.656032;170.412698;1;36;0;36
shiftreg2-7;1206151;206.733052;112.525005;1;98;0;98
shiftreg5-1;1206151;520.839888;531.003874;1;359;0;359
shipsched;1206151;-0.000000;8.077417;4;83;1;84
shipschedule3shipsi;1206151;-265650.000000;353.645640;12;53;2;55
shipschedule6shipsmixi;1206151;-301650.000000;713.080672;9;106;3;109
shipschedule8shipsmixuci;1206151;-401100.000000;523.185400;11;90;5;95
shs1014;1206151;22137.410363;320.475000;1;38018;17;38035
shs1042;1206151;10404.662711;568.781970;1;35120;19;35139
siena1;1206151;10163179.229002;146.859338;1;1391;1;1392
sing11;1206151;18640171.224643;243.132649;1;7114;4;7118
sing161;1206151;19071259.113926;685.480441;1;72591;19;72610
sing17;1206151;35483848.876513;472.456436;1;26196;11;26207
sing2;1206151;17150914.716940;256.737979;1;1760;1;1761
sing245;1206151;25024015.754083;395.965975;1;12492;7;12499
sing326;1206151;7717674.801189;172.968798;1;2551;2;2553
sing359;1206151;22534478.962498;889.129081;1;83031;18;83049
sing44;1206151;8102513.219400;139.469372;1;2971;2;2973
sing5;1206151;18418516.013137;236.754039;1;3101;4;3105
snip10x10-35r1budget17;1206151;30.000000;3.224794;2;1461;1;1462
snp-02-004-104;1206151;567161691.779774;7.604965;5;5979;0;5979
snp-04-052-052;1206151;745047104.038887;733.799382;6;4616;4;4620
snp-06-004-052;1206151;1831976376.522612;31.156229;2;8488;0;8488
snp-10-004-052;1206151;5961214167.823297;42.379535;6;19765;2;19767
snp-10-052-052;1206151;5996763115.125915;1683.882989;6;22122;8;22130
sorrell3;1206151;-12.000000;-0.000000;3;382;0;382
sorrell4;1206151;-17.000000;-0.000000;3;1024;2;1026
sorrell7;1206151;-144.000000;0.000000;3;14483;0;14483
sorrell8;1206151;-273.000000;0.000000;3;199;0;199
sp150x300d;1206151;71.000000;0.000000;2;0;0;0
sp97ar;1206151;867029478.960000;1.000000;4;402;6;408
sp97ic;1206151;623488906.560000;-0.000000;3;338;4;342
sp98ar;1206151;634927496.235813;1.298245;4;494;9;503
sp98ic;1206151;693891285.120000;1.567210;4;342;5;347
sp98ir;1206151;306178309.204882;6.691780;4;44;1;45
splice1k1;1206151;-3.068619;1.426914;2;33392;20;33412
splice1k1i;1206151;-1646.777979;134.969052;1;14231;3;14234
square23;1206151;8.333333;12.444444;1;96;1;97
square31;1206151;8.500000;13.750000;1;587;4;591
square37;1206151;8.666667;13.666667;1;1302;9;1311
square41;1206151;8.839612;15.068891;1;2332;15;2347
square47;1206151;8.755814;15.976744;1;6135;26;6161
stoch-vrpvrp-s5v2c8vrp-v2c8i;1206151;0.000000;90.875770;2;18;0;18
stockholm;1206151;174.000000;-0.000000;2;441;0;441
stp3d;1206151;564.338735;444.506671;2;23792;11;23803
sts405;1206151;357.000000;0.000000;3;545;2;547
sts729;1206151;665.000000;0.000000;3;3303;6;3309
supportcase1;1206151;20078.000000;0.020832;2;261;4;265
supportcase10;1206151;3.383924;971.624635;2;8999;5;9004
supportcase11;1206151;-14.281996;0.000000;1;3;0;3
supportcase12;1206151;-7559.533054;69.511088;1;1680;0;1680
supportcase14;1206151;272.000000;7.333333;1;1;0;1
supportcase16;1206151;272.000000;7.333333;1;1;0;1
supportcase17;1206151;0.000000;32.284011;2;5;0;5
supportcase18;1206151;87.000000;9.141806;2;42;0;42
supportcase19;1206151;12677206.000000;370.390975;1;25953;62;26015
supportcase2;1206151;0.000000;4.750000;1;8303;49;8352
supportcase20;1206151;108889.000000;0.000000;2;16;0;16
supportcase23;1206151;-12952.000000;617.629502;1;1717;0;1717
supportcase25;1206151;0.036932;10.829622;1;96;0;96
supportcase26;1206151;1288.102161;0.009948;2;1;0;1
supportcase27i;1206151;0.000000;93.694826;2;8;0;8
supportcase3;1206151;0.000000;403.282880;3;220;1;221
supportcase30;1206151;0.000000;102.857020;1;69;0;69
supportcase31;1206151;79524.180000;4.000000;2;2003;53;2056
supportcase33;1206151;-465.000000;28.172772;2;103;0;103
supportcase34;1206151;72.664116;196.140621;1;456;1;457
supportcase35;1206151;174371.000000;0.000000;2;94;0;94
supportcase37;1206151;-5803.552159;23.221484;2;955;0;955
supportcase39;1206151;-1062330.369524;22.808785;5;92;7;99
supportcase4;1206151;0.000000;202.915359;3;157;0;157
supportcase40;1206151;22536.483379;19.000000;1;235;0;235
supportcase41;1206151;28.000000;36.047859;2;598;0;598
supportcase42;1206151;7.343539;48.081295;1;1660;2;1662
supportcase43;1206151;0.000000;48.147044;2;48818;3;48821
supportcase6;1206151;45090.732163;29.123967;1;1463;7;1470
supportcase7;1206151;-2396.218213;53.147310;2;1354;0;1354
swath;1206151;334.496858;2.200000;1;36;0;36
swath1;1206151;334.496858;0.600000;1;31;0;31
swath2;1206151;334.496858;0.700000;1;28;0;28
swath3;1206151;334.496858;0.800000;1;28;0;28
t1717;1206151;134531.021428;79.098998;1;221;1;222
t1722;1206151;98815.407611;52.399108;1;117;0;117
ta1-UUM;1206151;3693674.556772;4.303412;1;5;0;5
ta2-UUE;1206151;41427354.755773;0.680983;2;183;0;183
tanglegram1;1206151;0.000000;46.000000;1;3;0;3
tanglegram2;1206151;1.000000;26.500000;1;1;0;1
tanglegram4;1206151;4.000000;71.000000;1;3;0;3
tanglegram6;1206151;0.000000;33.500000;1;1;0;1
tbfp-bigm;1206151;-178.153988;30.000000;1;137;0;137
tbfp-network;1206151;23.261535;31.000000;1;775;3;778
Test3;1206151;2671255.210245;12.061384;1;105;0;105
thor50dday;1206151;203930.000000;0.000000;2;218;3;221
timtab1;1206151;1219185.333333;17.766667;2;0;0;0
timtab1CUTS;1206151;613590.095426;34.399586;2;3;0;3
timtab2;1206151;1602354.333333;29.200000;2;1;0;1
tokyometro;1206151;4658.136055;267.420569;3;93;0;93
toll-like;1206151;28.000000;229.000000;1;38;0;38
tpl-tub-ss16;1206151;8118583.328716;1889.575939;4;87408;189;87597
tpl-tub-ws1617;1206151;10765092.807538;2191.381057;4;102647;239;102886
tr12-30;1206151;188435.464884;3.580258;2;2;0;2
traininstance2;1206151;0.000000;8.029580;2;38;0;38
traininstance6;1206151;0.000000;3.486662;2;31;0;31
transportmoment;1206151;-55084931301.156029;426.403696;2;185;0;185
trento1;1206151;5182758.848056;76.321422;1;512;0;512
triptim1;1206151;22.921100;1825.087353;3;7098;8;7106
triptim2;1206151;11.878757;549.675189;3;11905;8;11913
triptim3;1206151;14.147151;635.932223;3;10062;8;10070
triptim4;1206151;9.526100;370.406250;3;10669;8;10677
triptim7;1206151;3080.288157;494.758033;2;11398;6;11404
triptim8;1206151;3074.310409;490.021225;2;13561;5;13566
tw-myciel4;1206151;22.000000;71.524648;6;186;1;187
uc-case11;1206151;611621.305979;111.729871;1;2641;0;2641
uc-case3;1206151;7181.432113;95.258578;3;1924;1;1925
uccase10;1206151;38995.965187;400.440843;1;2626;2;2628
uccase12;1206151;11507.474829;29.321333;3;2261;3;2264
uccase7;1206151;26527.823515;162.338874;1;3601;0;3601
uccase8;1206151;11142.163196;63.982247;1;1513;0;1513
uccase9;1206151;10819.582996;76.021210;1;901;0;901
uct-subprob;1206151;242.000000;57.638355;1;63;0;63
umts;1206151;43380098.519492;76.628947;2;18;0;18
unitcal_7;1206151;19450489.742819;144.660904;6;904;1;905
usAbbrv-8-25_70;1206151;95.000000;101.721317;3;7;0;7
usafa;1206151;178.602081;3104.483345;2;45627;27;45654
v150d30-2hopcds;1206151;54.000000;-0.000000;3;114;1;115
van;1206151;3.717453;12.910186;1;8193;0;8193
var-smallemery-m6j6;1206151;-156.056268;89.220998;2;806;4;810
vpm2;1206151;15.721505;3.393512;2;0;0;0
vpphard;1206151;0.000000;127.270065;1;75;1;76
vpphard2;1206151;0.000000;236.643537;1;105;1;106
wachplan;1206151;-9.000000;66.068516;1;9;0;9
wnq-n100-mw99-14;1206151;224.318143;77.196581;2;128;0;128
xmas10-2;1206151;-537.008669;157.129457;1;230;0;230
xmas10;1206151;-537.008669;157.318400;1;192;0;192
z26;1206151;-968.000000;-0.000000;3;13045;8;13053
zeil;1206151;813.510308;818.615660;1;86868;5;86873
zib54-UUE;1206151;19164366.000000;-0.000000;2;51;0;51
