Instance;Seed;Cost;Fractionality;Rounds;LPtime(ms);ZItime(ms);SumLPZI(ms)
10teams;37029;917.000000;36.681642;1;29;0;29
22433;37029;21552.708079;24.962328;5;6;0;6
23588;37029;8342.863244;17.617619;4;3;0;3
2club200v15p5scn;37029;-96.055556;38.611111;7;119;3;122
30n20b8;37029;5530.000000;15.589981;2;98;1;99
30_70_45_05_100;37029;105.000000;-0.000000;5;784;2;786
30_70_45_095_100;37029;58.000000;-0.000000;5;779;2;781
30_70_45_095_98;37029;375.000000;-0.000000;6;864;3;867
50v-10;37029;1493601.476062;-0.000000;2;4;0;4
a1c1s1;37029;20912.873333;0.041667;2;36;0;36
a2c1s1;37029;20866.082500;0.000000;2;35;0;35
ab51-40-100;37029;-6461729251.000002;-0.000000;3;914;1;915
ab67-40-100;37029;-7069213255.999996;-0.000000;3;2547;1;2548
ab69-40-100;37029;-7004957456.999993;-0.000000;3;2092;1;2093
ab71-20-100;37029;-6510510462.000000;-0.000000;3;227;1;228
ab72-40-100;37029;-6898618453.000008;-0.000000;3;781;1;782
academictimetablebig;37029;57.000000;2027.119953;2;3237;20;3257
academictimetablesmall;37029;0.000000;327.222248;2;232;4;236
acc-tight2;37029;0.000000;129.034401;1;35;0;35
acc-tight4;37029;0.000000;133.878393;1;59;0;59
acc-tight5;37029;0.000000;121.269585;1;250;0;250
acc-tight6;37029;0.000000;120.058761;1;238;0;238
adult-max5features;37029;0.081316;0.266955;1;912;3;915
adult-regularized;37029;0.077684;0.234052;1;2016;3;2019
aflow30a;37029;983.167425;6.510845;1;4;0;4
aflow40b;37029;1005.664817;8.247724;1;21;0;21
air03;37029;338864.250000;11.875000;1;56;0;56
air04;37029;55535.436388;52.288553;1;220;0;220
air05;37029;25877.609268;46.215654;1;159;0;159
aligninq;37029;2755.000000;40.921868;7;14;0;14
allcolor10;37029;6.000000;755.781169;2;157;1;158
allcolor58;37029;42.000000;3660.566767;1;1247;4;1251
amaze22012-03-15i;37029;0.000000;0.000000;1;44;1;45
amaze22012-06-28i;37029;0.000000;0.000000;1;21;0;21
amaze22012-07-04i;37029;0.000000;0.000000;1;26;0;26
app1-1;37029;-2.000000;0.179678;3;55;0;55
app1-2;37029;-23.000000;0.000001;2;3949;1;3950
app2-1;37029;19298.500000;0.000000;2;33;0;33
app2-2;37029;219402.500000;0.000000;3;1;0;1
app3;37029;5627412.287938;3.142492;1;35;0;35
arki001;37029;7579599.807787;17.164714;1;33;0;33
assign1-10-4;37029;353.992926;52.000000;1;37;0;37
assign1-5-8;37029;183.362555;24.000000;1;2;0;2
atlanta-ip;37029;81.243206;325.689509;3;4349;6;4355
atm20-100;37029;2141734.684878;124.301066;2;104;0;104
australia-abs-cta;37029;0.000000;38.750723;1;97;0;97
b-ball;37029;-1.818182;4.818182;1;0;0;0
b1c1s1;37029;69966.450000;0.000000;2;36;0;36
b2c1s1;37029;70651.010000;0.000000;2;35;0;35
bab1;37029;-286923.824223;50.520000;1;260;5;265
bab2;37029;-353606.266494;534.575488;2;8311;29;8340
bab3;37029;-557391.946196;518.635380;2;30864;47;30911
bab5;37029;-111176.514726;175.635250;2;509;2;511
bab6;37029;-224575.783183;661.616846;2;5944;15;5959
bc;37029;13.063318;0.063318;2;103;0;103
bc1;37029;6.455580;0.016336;2;114;0;114
beasleyC1;37029;102.000000;0.000000;2;2;0;2
beasleyC2;37029;232.000000;0.000000;2;3;0;3
beasleyC3;37029;958.000000;-0.000000;2;3;0;3
beavma;37029;407840.400000;0.000000;3;1;0;1
berlin;37029;1741.000000;0.000000;2;27;0;27
berlin_5_8_0;37029;52.000000;64.959947;3;5;0;5
bg512142;37029;323992.007013;52.989642;3;28;0;28
biella1;37029;3060037.430763;98.771008;1;238;0;238
bienst1;37029;11.724138;4.390524;1;2;0;2
bienst2;37029;11.724138;5.390524;1;2;0;2
binkar10_1;37029;6637.188027;9.084811;1;7;0;7
blend2;37029;7.489992;0.492283;2;0;0;0
bley_xl1;37029;265.571332;336.926676;6;21325;24;21349
bley_xs1;37029;213538830.272187;107.270480;3;155;0;155
bley_xs1noM;37029;251120149.512445;78.388210;8;138;2;140
bley_xs2;37029;48593009.277766;66.021410;2;23;0;23
blp-ar98;37029;14303.194003;9.189386;9;106;17;123
blp-ic97;37029;6123.238237;3.473359;16;80;19;99
blp-ic98;37029;14141.050706;0.100000;4;123;7;130
blp-ir98;37029;5639.818879;2.497817;2;43;1;44
bmocbd;37029;-32041010095048.539062;0.000000;1;723;6;729
bmocbd2;37029;-31953009810558.203125;0.000000;1;826;6;832
bmocbd3;37029;45423160355.817528;0.000000;2;16406;14;16420
bmoipr2;37029;-46628940.711141;0.160693;3;95;1;96
bnatt350;37029;0.000000;91.914943;4;78;0;78
bnatt400;37029;0.000000;98.918149;7;67;1;68
bppc4-08;37029;51.590000;8.850948;1;18;0;18
bppc6-02;37029;108.340000;11.886994;1;149;0;149
bppc6-06;37029;200.633333;14.947367;1;165;0;165
bppc8-02;37029;486.500000;3.204377;1;1;0;1
bppc8-09;37029;444.436047;5.981230;1;4;0;4
brasil;37029;31819.000000;0.000000;2;28;0;28
brazil3;37029;2.000000;656.675844;1;1013;1;1014
breastcancer-regularized;37029;0.000460;0.002809;1;7;0;7
bts4-cta;37029;33524.637606;1130.000000;1;615;0;615
buildingenergy;37029;33246.215059;1468.850000;2;15659;7;15666
cap6000;37029;-2446875.000000;0.000000;3;46;1;47
cbs-cta;37029;0.000000;28.754656;1;112;0;112
cdc7-4-3-2;37029;-231.000000;-0.000000;3;36607;5;36612
chromaticindex1024-7;37029;4.000000;16002.682953;2;2338;11;2349
chromaticindex128-5;37029;4.000000;2021.163699;2;161;1;162
chromaticindex256-8;37029;4.000000;4069.477083;2;388;2;390
chromaticindex32-8;37029;4.000000;504.887500;2;18;0;18
chromaticindex512-7;37029;4.000000;8183.527137;2;1058;4;1062
ci-s4;37029;4.963809;19.526141;2;66;0;66
circ10-3;37029;140.000000;154.207692;1;180;1;181
cmflsp40-24-10-7;37029;52605868.952858;70.700930;3;390;0;390
cmflsp40-36-2-10;37029;72898024.959478;295.649246;3;822;0;822
cmflsp50-24-10-4;37029;64492612.641644;81.236085;3;338;0;338
cmflsp50-24-8-8;37029;59814378.749021;131.869460;3;328;0;328
cmflsp60-36-2-6;37029;97887903.946142;370.689759;3;1718;0;1718
CMS750_4;37029;250.000000;258.046726;3;110;1;111
co-100;37029;1250429.774879;9.799423;2;276;19;295
cod105;37029;-8.000000;0.000000;3;461;1;462
comp07-2idx;37029;0.000000;139.650000;2;1383;1;1384
comp08-2idx;37029;0.000000;183.178592;3;189;1;190
comp12-2idx;37029;11.000000;249.122949;3;1253;2;1255
comp16-3idx;37029;4.000000;722.299516;1;8284;2;8286
comp21-2idx;37029;0.000000;197.950000;2;1030;1;1031
control30-3-2-3;37029;-20763026.787568;27.970540;1;6;0;6
core2536-691;37029;797.000000;0.000000;3;1444;3;1447
core2586-950;37029;1164.000000;0.000000;3;877;3;880
core4284-1064;37029;1303.000000;0.000000;3;4906;6;4912
core4872-1529;37029;1837.000000;-0.000000;3;2832;5;2837
cost266-UUE;37029;42001606.280000;-0.000000;2;72;0;72
cov1075;37029;35.000000;0.000000;2;5;0;5
cryptanalysiskb128n5obj16;37029;0.000000;7174.215397;2;897;7;904
csched007;37029;269.251587;22.185714;1;38;0;38
csched008;37029;171.000000;19.809478;1;12;0;12
csched010;37029;332.422727;20.035354;1;33;0;33
cvrpa-n64k9vrpi;37029;0.000000;211.276596;1;347;3;350
cvrpb-n45k5vrpi;37029;0.000000;153.312977;1;148;1;149
cvrpp-n16k8vrpi;37029;0.000000;50.625000;1;36;0;36
cvrpsimple2i;37029;0.000000;25.800000;1;2;0;2
cvs08r139-94;37029;-24.000000;-0.000000;3;14;0;14
cvs16r106-72;37029;-10.000000;-0.000000;3;31;0;31
cvs16r128-89;37029;-11.000000;0.000000;3;36;0;36
cvs16r70-62;37029;-5.000000;-0.000000;3;29;0;29
cvs16r89-60;37029;-7.000000;0.000000;3;27;0;27
d10200;37029;12425.583005;34.236879;1;50;0;50
d20200;37029;12229.625788;62.339279;1;312;0;312
dale-cta;37029;0.000000;0.004730;1;277;0;277
dano3mip;37029;576.231620;15.294513;1;1685;0;1685
dano3_3;37029;576.231620;1.932181;1;1916;0;1916
dano3_5;37029;576.231620;2.871834;1;1774;0;1774
danoint;37029;62.637280;5.819184;1;16;0;16
dc1c;37029;1754946.863638;139.779852;1;349;1;350
dc1l;37029;203610672.021484;-0.000000;3;1397;17;1414
dcmulti;37029;184858.396836;12.823814;3;3;0;3
decomp1;37029;-120.000000;98.888889;1;48;0;48
decomp2;37029;-160.000000;93.138889;1;53;0;53
dfn-bwin-DBE;37029;797567.400000;-0.000000;2;33;0;33
dfn-gwin-UUM;37029;27467.257235;5.653537;1;1;0;1
dg012142;37029;5895516.340434;39.442147;5;206;0;206
diameterc-mstc-v20a190d5i;37029;291.000000;62.000000;1;36;0;36
diameterc-msts-v40a100d5i;37029;324.000000;100.621212;1;35;0;35
disctom;37029;-5000.000000;51.166667;1;213;0;213
disktom;37029;-5000.000000;51.166667;1;217;0;217
dolom1;37029;6556066.068315;110.720910;1;485;1;486
drayage-100-12;37029;21458.311901;43.599962;1;65;0;65
drayage-100-23;37029;11714.141979;43.327810;1;131;0;131
drayage-25-23;37029;11714.141979;42.142735;1;135;0;135
drayage-25-27;37029;26785.797043;43.712602;1;58;0;58
drayage-25-32;37029;32519.997253;43.268141;1;58;0;58
ds-big;37029;86.820068;30.669231;1;7768;21;7789
ds;37029;57.234565;33.463549;1;949;6;955
dws008-01;37029;708.876687;16.484655;2;58;0;58
dws008-03;37029;716.047081;7.806469;2;126;1;127
dws012-01;37029;3473.575073;26.230322;2;132;1;133
dws012-02;37029;2128.039491;19.344808;2;246;3;249
dws012-03;37029;2125.884828;18.678617;2;330;4;334
eil33-2;37029;811.278996;3.615630;1;35;0;35
eilA101-2;37029;803.373888;7.408683;1;906;6;912
eilB101;37029;1075.247691;12.807028;1;20;0;20
eilC76-2;37029;725.754458;7.780208;1;287;2;289
ej;37029;1.000000;0.243844;1;0;0;0
elitserienhandball11i;37029;0.000000;1421.352265;1;252;1;253
elitserienhandball13i;37029;0.000000;1357.692232;1;302;1;303
elitserienhandball14i;37029;0.000000;1543.757700;1;256;1;257
elitserienhandball3i;37029;0.000000;1525.315516;1;273;1;274
enlight13;37029;0.000000;0.500000;1;0;0;0
enlight15;37029;0.000000;0.500000;1;0;0;0
enlight8;37029;0.000000;0.500000;1;0;0;0
enlight_hard;37029;0.000000;14.500000;1;0;0;0
eva1aprime5x5opt;37029;-497.247729;0.844656;1;419;0;419
eva1aprime6x6opt;37029;-495.492430;7.714269;1;2051;0;2051
ex10;37029;100.000000;100.000000;1;17317;6;17323
ex1010-pi;37029;314.000000;-0.000000;3;660;8;668
ex9;37029;81.000000;81.000000;1;1830;3;1833
exp-1-500-5-5;37029;97666.305541;4.045842;2;2;0;2
f2000;37029;1383.000000;1280.000000;2;3512;0;3512
f2gap201600;37029;76429.862296;1.402159;1;3;0;3
f2gap401600;37029;82274.237434;1.190020;1;3;0;3
f2gap40400;37029;20650.898154;3.253580;1;1;0;1
f2gap801600;37029;86570.120867;5.266841;1;4;0;4
fast0507;37029;221.000000;-0.000000;3;566;13;579
fastxgemm-n2r6s0t2;37029;27.000000;9.000000;1;31;0;31
fastxgemm-n2r7s4t1;37029;27.000000;9.000000;1;33;0;33
fastxgemm-n3r21s3t6;37029;84.000000;27.000000;1;2438;0;2438
fastxgemm-n3r22s4t6;37029;84.000000;27.000000;1;2656;0;2656
fastxgemm-n3r23s5t6;37029;84.000000;27.000000;1;2730;0;2730
fhnw-binpack4-48;37029;0.000000;333.285714;2;115;0;115
fhnw-binpack4-58;37029;0.000000;467.321429;2;132;1;133
fhnw-binpack4-77;37029;0.000000;207.310714;2;108;0;108
fhnw-binschedule0;37029;12632.888779;685.581929;3;11687;38;11725
fhnw-binschedule2;37029;1706.886254;185.026392;3;190;3;193
fhnw-schedule-paira100;37029;-36.643681;5.147307;2;139;0;139
fhnw-schedule-paira200;37029;-73.826479;8.938667;2;272;2;274
fhnw-schedule-paira400;37029;-146.941079;19.264310;2;1175;12;1187
fhnw-schedule-pairb200;37029;-73.826479;516.184695;2;1127;5;1132
fhnw-schedule-pairb400;37029;-146.941079;2338.646383;2;7597;21;7618
fhnw-sq2;37029;0.000000;14.298419;1;4;0;4
fiball;37029;137.069168;82.028566;1;127;1;128
fiber;37029;1023943.760000;9.839127;2;3;0;3
fillomino7x7-0i;37029;0.000000;0.000000;1;33;0;33
fixnet6;37029;12170.000000;-0.000000;2;1;0;1
fjspeasy01i;37029;216.000000;0.000000;1;38;0;38
flugpl;37029;1167185.725592;3.538918;1;0;0;0
g200x740;37029;45614.000000;-0.000000;2;2;0;2
g200x740i;37029;44069.000000;-0.000000;2;2;0;2
gasprod1-1;37029;4539.907530;51.519800;7885;796;6508;7304
gasprod1-2;37029;1691.141291;51.497411;6853;546;4808;5354
gasprod1-3;37029;3682.336923;49.221179;8368;554;6022;6576
gasprod2-1;37029;1306101.609201;404.201103;19;1799;15;1814
gasprod2-2;37029;1330631.091637;502.800224;36;1759;27;1786
gen-ip002;37029;-511.036897;0.000000;3;0;0;0
gen-ip016;37029;-9505.628173;1.906914;1;0;0;0
gen-ip021;37029;6642.052620;2.217259;4;0;0;0
gen-ip036;37029;-2162.833562;0.000000;3;1;0;1
gen-ip054;37029;16786.476526;1.032398;5;0;0;0
gen;37029;112130.040664;7.929263;1;3;0;3
genus-g31-8;37029;-27.000000;83.000000;1;1023;1;1024
genus-g61-25;37029;-58.000000;249.312678;1;680;1;681
genus-sym-g31-8;37029;-27.000000;154.805251;2;3630;3;3633
genus-sym-g62-2;37029;-54.000000;251.108763;2;22202;3;22205
genus-sym-grafo5708-48;37029;-27.000000;115.061005;1;1207;0;1207
ger50-17-ptp-pop-3t;37029;3466.324873;45.213645;1;112;0;112
ger50-17-ptp-pop-6t;37029;6804.447088;50.477969;1;84;0;84
ger50-17-trans-dfn-3t;37029;3453.475245;37.741927;1;148;1;149
ger50-17-trans-pop-3t;37029;3456.252922;49.487013;1;151;1;152
ger50_17_trans;37029;6850.628623;48.226110;1;148;1;149
germanrr;37029;46445702.956442;53.468182;2;702;4;706
germany50-DBM;37029;438028.000000;23.400000;1;130;0;130
germany50-UUM;37029;597932.500000;24.400000;1;34;0;34
gesa2-o;37029;25748173.191117;13.380406;2;5;0;5
gesa2;37029;25477017.874283;13.267370;2;7;0;7
gfd-schedulen180f7d50m30k18-16i;37029;18.000000;108.864749;1;5833;87;5920
gfd-schedulen180f7d50m30k18;37029;1.000000;4971.136881;2;3645;21;3666
gfd-schedulen25f5d20m10k3i;37029;3.000000;13.619895;1;63;1;64
gfd-schedulen55f2d50m30k3i;37029;3.000000;27.695911;1;157;3;160
ghoulomb4-9-10i;37029;9.000000;0.000000;1;60;1;61
glass-sc;37029;23.000000;0.000000;3;118;1;119
glass4;37029;800002400.000000;2.059524;1;1;0;1
gmu-35-40;37029;-2400283.756506;1.911023;2;9;0;9
gmu-35-50;37029;-2606307.146543;3.420099;2;20;0;20
gmut-75-50;37029;-14182312.661731;4.988967;1;571;5;576
gmut-76-40;37029;-14171086.316075;9.054451;1;240;2;242
gmut-76-50;37029;-14173884.188063;4.201959;1;468;6;474
gmut-77-40;37029;-14173396.636852;2.973250;1;234;2;236
go19;37029;96.000000;-0.000000;3;5;0;5
gr4x6;37029;229.050000;-0.000000;2;0;0;0
graph20-20-1rand;37029;-37.000000;48.500000;1;50;0;50
graph20-80-1rand;37029;-117.000000;142.000000;1;1671;1;1672
graph40-20-1rand;37029;-157.000000;183.500000;1;3988;2;3990
graph40-40-1rand;37029;-300.000000;327.000000;1;90583;10;90593
graphdraw-domain;37029;12672.000000;18.037296;1;2;0;2
graphdraw-gemcutter;37029;4310.000000;10.690226;1;2;0;2
graphdraw-grafo2;37029;35762.000000;325.965485;1;758;3;761
graphdraw-mainerd;37029;30496.000000;102.656285;1;83;0;83
graphdraw-opmanager;37029;54717.000000;178.181738;1;430;1;431
gsvm2rl11;37029;35640.343493;0.000000;2;346;0;346
gsvm2rl12;37029;50.000000;-0.000000;2;566;0;566
gsvm2rl3;37029;0.600000;-0.000000;2;4;0;4
gsvm2rl5;37029;10.000000;-0.000000;2;8;0;8
gsvm2rl9;37029;16356.825869;0.000000;2;57;0;57
gt2;37029;13460.233074;0.728107;1;0;0;0
h50x2450;37029;11147.731511;3.696751;1;29;0;29
h80x6320;37029;3700.000000;0.000000;1;23;0;23
h80x6320d;37029;5325.160104;2.515625;1;37;0;37
hanoi5;37029;1931.000000;324.000000;4;157;2;159
haprp;37029;3665963.213506;96.940858;1;4;0;4
harp2;37029;-74353341.502300;5.485338;1;6;0;6
hgms-det;37029;-53824.391476;32.676364;1;206;0;206
hgms30;37029;-53349.215497;60.694272;1;9233;0;9233
hgms62;37029;-53416.649907;61.317531;1;27134;0;27134
hypothyroid-k1;37029;-2902.852586;39.591978;1;7369;2;7371
ic97_potential;37029;4060.000000;54.466667;2;5;0;5
ic97_tension;37029;3911.000000;15.366667;2;2;0;2
icir97_potential;37029;6620.000000;169.333333;2;32;0;32
icir97_tension;37029;6302.000000;97.366667;2;3;0;3
iis-100-0-cov;37029;41.000000;0.000000;3;93;0;93
iis-bupa-cov;37029;49.000000;-0.000000;3;139;0;139
iis-glass-cov;37029;28.000000;0.000000;3;116;1;117
iis-hc-cov;37029;22.000000;0.000000;3;186;3;189
iis-pima-cov;37029;41.000000;-0.000000;3;224;1;225
irp;37029;12123.530222;6.000000;1;77;1;78
istanbul-no-cutoff;37029;51.110000;3.607411;1;425;0;425
ivu06-big;37029;135.427718;95.799872;1;54913;180;55093
ivu06;37029;135.901353;97.120377;1;15751;57;15808
ivu52;37029;480.250439;83.130280;1;7154;15;7169
ivu59;37029;884.456993;122.834601;1;107153;215;107368
janos-us-DDM;37029;1488134.750000;22.375000;1;5;0;5
k16x240;37029;11359.000000;0.000000;2;0;0;0
k16x240b;37029;12874.000000;0.000000;2;0;0;0
k1mushroom;37029;-4165.061224;43.877551;1;16515;7;16522
k1mushroomi;37029;-4208.000000;0.000000;1;191;6;197
khb05250;37029;126785464.000000;0.000000;2;1;0;1
l2p12;37029;2.000000;1084.341227;1;334;1;335
l2p1i;37029;1.000000;186.848182;1;845;15;860
l2p2i;37029;1.000000;9.888081;1;56;1;57
lectsched-1-obj;37029;0.000000;5.975758;2;230;6;236
lectsched-1;37029;0.000000;3.151515;2;199;8;207
lectsched-2;37029;0.000000;17.328030;5;115;8;123
lectsched-3;37029;0.000000;25.257576;6;222;15;237
lectsched-4-obj;37029;0.000000;12.074242;4;69;3;72
lectsched-5-obj;37029;0.000000;4.117424;2;206;5;211
leo1;37029;1181219706.240000;-0.000000;3;81;2;83
leo2;37029;1344214233.440000;0.000000;3;197;5;202
liu;37029;346.000000;10.938399;2;6;0;6
loopha13;37029;6.279000;1.102160;2;214;2;216
lotsize;37029;1335747.052789;7.405615;2;7;0;7
lr1dr02vc05v8a-t360;37029;120706.326475;174.298112;1;1076;1;1077
lr1dr04vc05v17a-t360;37029;247111.692480;335.090553;1;1953;2;1955
lr1dr12vc10v70b-t360;37029;983950.247945;1069.593454;1;42502;9;42511
lr2-22dr3-333vc4v17a-t60;37029;-72838.215835;239.748662;2;35807;9;35816
lrn;37029;42701141.648089;65.099086;2;508;0;508
m100n500k4r1;37029;-17.000000;-0.000000;3;7;0;7
macrophage;37029;0.000000;339.000000;1;33;0;33
mad;37029;0.000000;3.084841;1;1;0;1
manna81;37029;-11868.000000;0.000000;3;40;0;40
map06;37029;-406.181173;7.868443;1;2465;1;2466
map10;37029;-602.176181;11.248146;1;2639;1;2640
map14;37029;-778.549324;11.962355;1;2238;1;2239
map14860-20;37029;-998.836419;10.400693;1;2648;1;2649
map16715-04;37029;-296.267898;4.997036;1;2387;1;2388
map18;37029;-932.782685;11.173489;1;4146;1;4147
map20;37029;-998.836419;10.400693;1;2505;1;2506
mappingmesh3x3mpeg2i;37029;87.555556;87.202393;1;39;0;39
mario-t-hard5i;37029;-4482.000000;10.942559;1;1321;2;1323
markshare1;37029;230.000000;0.000000;2;0;0;0
markshare2;37029;454.000000;-0.000000;2;0;0;0
markshare_4_0;37029;226.000000;0.000000;2;0;0;0
markshare_5_0;37029;337.000000;0.000000;2;0;0;0
mas74;37029;10482.795280;3.103514;1;1;0;1
mas76;37029;38893.903641;2.555097;1;1;0;1
maxgasflow;37029;-70929535.900000;647.128713;2;51;0;51
mc11;37029;13509.000000;-0.000000;2;28;0;28
mc7;37029;5796.000000;-0.000000;2;26;0;26
mc8;37029;1929.000000;-0.000000;2;25;0;25
mcsched;37029;193774.753707;340.221655;1;127;0;127
methanosarcina;37029;0.000000;313.000000;1;101;0;101
mik-250-1-100-1;37029;-0.000000;0.000000;2;4;0;4
mik-250-20-75-1;37029;-0.000000;0.000000;2;4;0;4
mik-250-20-75-2;37029;-0.000000;-0.000000;2;3;0;3
mik-250-20-75-3;37029;-0.000000;-0.000000;2;3;0;3
mik-250-20-75-4;37029;-0.000000;-0.000000;2;3;0;3
mik-250-20-75-5;37029;0.000000;-0.000000;2;3;0;3
milo-v12-6-r1-58-1;37029;410986.648167;146.256423;1;142;0;142
milo-v12-6-r1-75-1;37029;669700.757896;230.843427;1;188;0;188
milo-v12-6-r2-40-1;37029;205532.322265;97.799498;1;65;0;65
milo-v13-4-3d-3-0;37029;23359.288017;1.476277;1;14;0;14
milo-v13-4-3d-4-0;37029;34031.171805;2.550972;1;23;0;23
mine-166-5;37029;-821763677.673139;187.331384;1;220;0;220
mine-90-10;37029;-887165318.510226;202.375368;1;179;0;179
mining;37029;-885962268.692866;8562.753844;62;105989;1592;107581
minutedispatchstrategy;37029;1898.391429;412.137934;2;1103;2;1105
misc07;37029;1415.000000;8.000000;1;2;0;2
mitre;37029;114740.518481;224.156743;1;107;0;107
mkc;37029;-581.850000;16.208843;3;33;0;33
mkc1;37029;-611.850000;3.942199;3;33;0;33
mod010;37029;6532.083333;14.166667;1;14;0;14
modglob;37029;20786787.016883;-0.000000;2;2;0;2
moj-mining;37029;-1520532907.350177;566.626558;2;45724;0;45724
momentum1;37029;134660.011921;48.045264;2;996;0;996
momentum2;37029;61266.821316;84.616225;3;709;2;711
momentum3;37029;107721.824270;144.721031;3;8416;1;8417
mrcpspj30-15-5i;37029;23.000000;136.179484;1;48;1;49
mrcpspj30-17-10i;37029;25.000000;28.677778;1;40;0;40
mrcpspj30-53-3i;37029;30.000000;39.081217;1;37;0;37
msc98-ip;37029;19520966.151663;338.886443;2;4355;2;4357
mspp16;37029;341.000000;1.241379;1;27075;155;27230
mspsphard01i;37029;16.000000;0.000000;1;43;0;43
mspsphard03i;37029;20.000000;0.000000;1;82;1;83
mtest4ma;37029;60342.000000;0.000000;2;2;0;2
mushroom-best;37029;0.000013;0.019200;1;306;1;307
mzzv11;37029;-22556.460829;174.328454;2;422;3;425
mzzv42z;37029;-18842.814586;198.473995;2;297;2;299
n13-3;37029;14401970.000000;-0.000000;2;26;0;26
n15-3;37029;71710891.000000;0.000000;2;3345;0;3345
n2seq36f;37029;71600.000000;-0.000000;3;36;1;37
n2seq36q;37029;101037.600000;28.840000;3;157;3;160
n3-3;37029;24003430.000000;0.000000;2;129;0;129
n3700;37029;1342560.000000;0.000000;2;28;0;28
n3705;37029;1342540.000000;0.000000;2;29;0;29
n3707;37029;1301218.000000;0.000000;2;29;0;29
n3709;37029;1324904.000000;-0.000000;2;28;0;28
n370a;37029;1353042.000000;-0.000000;2;28;0;28
n370b;37029;1373791.000000;-0.000000;2;27;0;27
n3div36;37029;174200.000000;-0.000000;3;139;7;146
n3seq24;37029;189433.068485;51.670786;3;2973;59;3032
n4-3;37029;13501875.000000;-0.000000;2;48;0;48
n5-3;37029;12301325.000000;-0.000000;2;14;0;14
n6-3;37029;16502900.000000;-0.000000;2;40;0;40
n7-3;37029;14704310.000000;-0.000000;2;39;0;39
n9-3;37029;21603625.000000;-0.000000;2;141;0;141
nag;37029;465.000000;14.734996;3;58;0;58
neos-1061020;37029;-145860.370608;501.179054;1;937;0;937
neos-1067731;37029;669053.000000;81.272727;1;508;0;508
neos-1109824;37029;278.000000;22.000000;1;59;0;59
neos-1112782;37029;22000000110147.347656;0.000000;2;25;0;25
neos-1112787;37029;19500000125389.667969;0.000000;2;22;0;22
neos-1122047;37029;162.181757;1.265657;2;566;0;566
neos-1171448;37029;-309.000000;0.936995;2;79;0;79
neos-1171692;37029;-273.000000;3.730892;2;42;0;42
neos-1171737;37029;-195.000000;8.004699;2;43;0;43
neos-1225589;37029;5000000000.000000;-0.000000;2;1;0;1
neos-1311124;37029;-182.000000;5.000000;2;3;0;3
neos-1324574;37029;4.500000;144.000000;1;37;0;37
neos-1330346;37029;4.500000;76.500000;1;120;0;120
neos-1337307;37029;-201272.000000;272.493985;2;53;0;53
neos-1354092;37029;46.000000;238.398385;2;1043;2;1045
neos-1367061;37029;31320456.264497;4.625000;2;1999;1;2000
neos-1396125;37029;3000.053717;12.531496;2;7;0;7
neos-1420546;37029;22124.400000;103.140678;1;372;0;372
neos-1420790;37029;2942.750002;75.132359;1;48;0;48
neos-1423785;37029;-1816.666667;311.971400;1;246;0;246
neos-1425699;37029;3175204364.635297;5.264952;1;0;0;0
neos-1426635;37029;-178.000000;6.429182;2;2;0;2
neos-1426662;37029;-52.000000;10.501303;2;4;0;4
neos-1429212;37029;30.000000;702.979352;1;5549;12;5561
neos-1430701;37029;-78.000000;6.669599;2;2;0;2
neos-1436709;37029;-129.000000;3.502607;2;3;0;3
neos-1440225;37029;36.000000;32.952030;1;107;0;107
neos-1440460;37029;-180.000000;4.859750;2;3;0;3
neos-1442119;37029;-182.000000;2.580471;2;3;0;3
neos-1442657;37029;-156.000000;4.002933;2;2;0;2
neos-1445532;37029;-22860.000000;8.217460;2;91;0;91
neos-1445738;37029;-24232.548846;16.549339;1;141;0;141
neos-1445743;37029;-24579.832968;16.952539;1;141;0;141
neos-1445765;37029;-24699.197660;17.463301;1;166;0;166
neos-1456979;37029;154.000000;8.434222;1;36;0;36
neos-1516309;37029;34769.833333;9.166667;2;29;0;29
neos-1582420;37029;88.469527;56.693409;5;80;1;81
neos-1593097;37029;4424.000000;55.795872;1;98;1;99
neos-1599274;37029;32194.742857;6.464286;3;63;0;63
neos-1601936;37029;1.000000;160.240666;1;781;0;781
neos-1603965;37029;619244367.662955;0.000913;1;634;0;634
neos-1605061;37029;6.150735;155.194245;1;2171;0;2171
neos-1605075;37029;3.214461;172.430143;1;2172;0;2172
neos-1616732;37029;174.000000;0.000000;3;5;0;5
neos-1620770;37029;22.000000;35.000000;2;46;0;46
neos-2294525-abba;37029;156.177251;16.374339;1;89;0;89
neos-2328163-agri;37029;26069.000000;48.333333;1;63;0;63
neos-2624317-amur;37029;0.000000;24.102739;1;3;0;3
neos-2629914-sudost;37029;39622.000000;6.805742;1;200;0;200
neos-2652786-brda;37029;0.000000;23.382167;2;3;0;3
neos-2657525-crna;37029;0.000000;28.348834;2;2;0;2
neos-2669500-cust;37029;2221.900000;230.198620;2;973;15;988
neos-2746589-doon;37029;1985.750000;129.965898;2;327;6;333
neos-2974461-ibar;37029;473452396.770997;3364.000000;2;216323;32;216355
neos-2978193-inde;37029;-2.418518;7.400000;1;59;0;59
neos-2978205-isar;37029;-12.415307;28.800000;1;216;0;216
neos-2987202-jeir;37029;-1847551552.236608;1035.632796;2;66794;1;66795
neos-2987310-joes;37029;-610797465.676974;19.875000;2;1093;0;1093
neos-2991472-kalu;37029;441.200405;3.938339;5;4199;278;4477
neos-3004026-krka;37029;0.000000;832.000000;1;52;0;52
neos-3009394-lami;37029;0.642857;216.285714;1;4;0;4
neos-3024952-loue;37029;22882.000000;103.300000;1;242;0;242
neos-3025225-shelon;37029;0.052574;323.690533;1;99538;50;99588
neos-3046601-motu;37029;185.000000;0.449200;1;1;0;1
neos-3046615-murg;37029;192.000000;0.345800;1;1;0;1
neos-3048764-nadi;37029;-3883988306.366695;0.000000;2;56;1;57
neos-3065804-namu;37029;0.000000;0.000000;1;209;0;209
neos-3068746-nene;37029;77427529.530929;55.412658;2;133;0;133
neos-3072252-nete;37029;10593526.000000;1.938794;2;1;0;1
neos-3075395-nile;37029;54.924463;0.000480;1;157;0;157
neos-3083784-nive;37029;0.000000;12.000000;1;25;0;25
neos-3083819-nubu;37029;6290575.552807;13.541087;1;46;0;46
neos-3116779-oban;37029;0.000000;0.000000;1;23;0;23
neos-3118745-obra;37029;357.000000;-0.000000;2;4;0;4
neos-3148108-pahi;37029;0.000000;0.000000;1;275;1;276
neos-3209462-rhin;37029;0.000000;49.451220;2;4440;1;4441
neos-3209519-ruhr;37029;332.850000;25.900482;1;55;0;55
neos-3214367-sovi;37029;87802.732596;100.084430;1;2253;0;2253
neos-3216931-puriri;37029;58817.353066;51.400190;1;1192;0;1192
neos-3226448-wkra;37029;0.000000;512.043709;1;882;0;882
neos-3237086-abava;37029;0.000000;96.000000;1;298;3;301
neos-3322547-alsek;37029;616.000000;115.178534;2;10682;66;10748
neos-3352863-ancoa;37029;495300.000000;-0.000000;2;661;10;671
neos-3354841-apure;37029;48447.926267;4.407066;1;2540;23;2563
neos-3355120-tarago;37029;-20453473.616781;80.899969;1;595;1;596
neos-3355323-arnon;37029;0.000000;33.818182;4;75;3;78
neos-3372571-onahau;37029;0.576990;8.695953;2;1500;0;1500
neos-3373491-avoca;37029;21687686014.015358;26.555947;1;6;0;6
neos-3381206-awhea;37029;432.000000;61.334767;2;5;0;5
neos-3402294-bobin;37029;0.000000;39.298587;1;1073;9;1082
neos-3426085-ticino;37029;235.000000;41.787470;3;30;0;30
neos-3426132-dieze;37029;427.000000;103.670666;2;54;1;55
neos-3437289-erdre;37029;0.000000;0.000000;1;77;0;77
neos-3530903-gauja;37029;170.000000;33.253136;3;4;0;4
neos-3530905-gaula;37029;153.000000;29.042208;2;3;0;3
neos-3555904-turama;37029;-41.450000;29.000000;1;850;4;854
neos-3572885-glina;37029;0.000000;0.000000;1;408;2;410
neos-3581454-haast;37029;1640.000000;52.000000;1;107;0;107
neos-3592146-hawea;37029;7237144.855333;13.694653;1;43;0;43
neos-3594536-henty;37029;383205.000000;2498.000000;1;144;1;145
neos-3603137-hoteo;37029;0.000000;38.166667;3;41;1;42
neos-3610040-iskar;37029;46.000000;0.000000;2;2;0;2
neos-3610051-istra;37029;64.000000;0.000000;2;9;0;9
neos-3610173-itata;37029;180.000000;-0.000000;2;6;0;6
neos-3611447-jijia;37029;129.000000;-0.000000;2;3;0;3
neos-3611689-kaihu;37029;151.000000;-0.000000;2;3;0;3
neos-3615091-sutlej;37029;-1506391.117177;170.000000;1;1825;9;1834
neos-3627168-kasai;37029;1020229.400000;0.000000;2;3;0;3
neos-3634244-kauru;37029;0.000000;152.720000;1;4457;8;4465
neos-3636886-kereu;37029;4092.957540;0.000020;2;60;1;61
neos-3656078-kumeu;37029;-18774.700000;92.164195;2;187;1;188
neos-3660371-kurow;37029;286.534383;17.739294;1;40;0;40
neos-3661949-lesse;37029;688975700.000000;0.000260;2;53;0;53
neos-3665875-lesum;37029;248.325000;41.380444;2;69;0;69
neos-3682128-sandon;37029;79915933.274829;141.641588;2;274;1;275
neos-3691541-lonja;37029;-0.079271;1.110009;2;43;0;43
neos-3695882-vesdre;37029;-145935.214286;38.466278;1;511;3;514
neos-3696678-lyvia;37029;5.599133;305.182559;2;48;0;48
neos-3699377-maori;37029;135877.224265;86.475608;2;102;0;102
neos-3703351-marne;37029;317056.210386;71.850613;2;57;0;57
neos-3740487-motru;37029;152.145486;225.379322;2;40934;67;41001
neos-3754480-nidda;37029;-1216923.270104;12.186832;1;3;0;3
neos-3755335-nizao;37029;50.030157;76.942384;2;523;1;524
neos-3759587-noosa;37029;48.334468;2.274444;2;323;1;324
neos-3761878-oglio;37029;422769.022545;74.732087;2;44;0;44
neos-3762025-ognon;37029;603955.746492;53.791954;2;35;0;35
neos-4165869-wannon;37029;282.410166;126.294292;3;491;5;496
neos-4260495-otere;37029;3336.109119;244.496957;2;891;14;905
neos-4264598-oueme;37029;4322420655.771976;2999.342361;241;3875;150;4025
neos-4285819-pedja;37029;9.198008;18.083988;2;126346;85;126431
neos-4290317-perth;37029;6352398.055740;0.000000;2;640;1;641
neos-4292145-piako;37029;203285265.067233;3216.299810;241;3977;182;4159
neos-4295773-pissa;37029;0.000000;3220.505376;1;5457;4;5461
neos-4300652-rahue;37029;0.000000;52.333333;2;691;2;693
neos-4306827-ravan;37029;-35696.901913;771.837676;2;1076;13;1089
neos-4321076-ruwer;37029;1880.558333;39.333333;1;15354;1;15355
neos-4322846-ryton;37029;0.419848;25.388427;1;518;5;523
neos-4332801-seret;37029;222328.384492;5750.571985;4;117743;3594;121337
neos-4332810-sesia;37029;-33455.127882;4060.356957;11;131000;7941;138941
neos-4333464-siret;37029;24.731464;0.125000;2;64;0;64
neos-4333596-skien;37029;-14653956.914930;0.180763;1;20;0;20
neos-4335793-snake;37029;0.000000;300.868689;2;1048;2;1050
neos-4338804-snowy;37029;1447.000000;0.313600;3;7;0;7
neos-4343293-stony;37029;51.627360;0.500000;2;70;0;70
neos-4355351-swalm;37029;33.822611;0.094819;2;200;3;203
neos-4358725-tagus;37029;6199.400001;197.672071;73;730;15;745
neos-4359986-taipa;37029;0.296593;39.671142;1;1494;1;1495
neos-4360552-sangro;37029;-29.500000;572.086779;1;10580;1;10581
neos-4387871-tavua;37029;36.445048;0.200000;2;64;0;64
neos-4391920-timok;37029;0.000009;37.747142;1;6966;4;6970
neos-4393408-tinui;37029;340.267489;0.200000;2;44;0;44
neos-4408804-prosna;37029;914.483516;66.321429;1;2714;1;2715
neos-4409277-trave;37029;0.000000;347.723278;1;1877;1;1878
neos-4413714-turia;37029;43.474651;370.587709;1;1952;8;1960
neos-4532248-waihi;37029;0.000000;26.808725;1;709;4;713
neos-4533806-waima;37029;3063.318841;99.000000;1;1066;7;1073
neos-4545615-waita;37029;3606.594190;108.263827;1;15086;62;15148
neos-4555749-wards;37029;3026.812121;70.000000;1;1034;10;1044
neos-4562542-watut;37029;3743.304348;85.428571;1;3316;13;3329
neos-4647027-thurso;37029;26911.641616;127.083433;1;2498;0;2498
neos-4647030-tutaki;37029;26911.641616;130.175014;1;2932;0;2932
neos-4647032-veleka;37029;26587.908699;174.815461;1;3819;0;3819
neos-4650160-yukon;37029;-22688.547680;228.864000;1;5;0;5
neos-4722843-widden;37029;1841.255082;1452.768981;2;412;6;418
neos-4724674-aorere;37029;3758.753179;59.078997;3;544;11;555
neos-4736745-arroux;37029;653873224.676537;1.560199;2;39;0;39
neos-4738912-atrato;37029;617323325.173629;52.400465;2;44;0;44
neos-4754521-awarau;37029;0.000000;0.000000;1;1163;6;1169
neos-4760493-puerua;37029;1908.243695;237.071976;1;40198;2;40200
neos-476283;37029;406.244708;4.622056;2;4131;0;4131
neos-4763324-toguru;37029;1120.986062;232.945926;1;32595;3;32598
neos-4797081-pakoka;37029;0.000000;821.218711;1;5197;2;5199
neos-4805882-barwon;37029;1603.902830;209.539059;1;213;1;214
neos-480878;37029;515.138796;1.008444;2;16;0;16
neos-4954274-beardy;37029;18659.208282;301.285291;2;898;2;900
neos-4954672-berkel;37029;3733961.000000;4.007059;2;3;0;3
neos-4966258-blicks;37029;354.545455;449.137117;3;1396;4;1400
neos-4971100-bodrog;37029;0.000000;-0.000000;2;74;0;74
neos-4972437-bojana;37029;355.557128;29.484099;2;8748;4;8752
neos-4972461-bolong;37029;465.045599;63.710690;2;5520;3;5523
neos-4976951-bunnoo;37029;375.694372;27.122883;2;5446;4;5450
neos-4984115-canche;37029;-10414620.716097;6.967648;1;17511;0;17511
neos-498623;37029;16.000000;43.578586;1;151;0;151
neos-5013590-toitoi;37029;1064.447092;169.000000;1;12003;1;12004
neos-5018451-chiese;37029;-149772385.216405;18.530618;1;63659;1;63660
neos-503737;37029;50.000000;47.555718;1;29;0;29
neos-5041822-cockle;37029;5696053.417116;2.418448;3;2604;26;2630
neos-5044663-wairoa;37029;4653100.000000;578.736130;1;23298;1;23299
neos-5045105-creuse;37029;19.066670;19.669391;1;85;0;85
neos-5049753-cuanza;37029;464.000000;69.600000;3;2478;6;2484
neos-5051588-culgoa;37029;128.750000;32.574490;1;151;0;151
neos-5052403-cygnet;37029;216.787100;83.839163;9;36574;175;36749
neos-506422;37029;0.000000;6.600000;1;48;0;48
neos-506428;37029;145945.000000;95.648936;1;541;2;543
neos-5075914-elvire;37029;277.341888;1.484053;2;46;0;46
neos-5076235-embley;37029;1930.000000;0.115385;2;847;0;847
neos-5078479-escaut;37029;7280.474567;0.468278;2;42;0;42
neos-5079731-flyers;37029;2004.000000;1.087912;2;797;0;797
neos-5083528-gimone;37029;0.000000;20.875000;1;256;3;259
neos-5093327-huahum;37029;3934.000000;1.841667;2;758;0;758
neos-5100895-inster;37029;2084.000000;3.582418;2;606;0;606
neos-5102383-irwell;37029;1740.000000;2.483516;2;934;0;934
neos-5104907-jarama;37029;639.917149;47.861040;2;9268;5;9273
neos-5106984-jizera;37029;721.000000;3.500000;2;3726;7;3733
neos-5107597-kakapo;37029;0.000000;0.591250;2;42;0;42
neos-5108386-kalang;37029;620.501637;53.159082;2;14454;8;14462
neos-5114902-kasavu;37029;518.000000;141.333333;3;12722;15;12737
neos-5115478-kaveri;37029;0.000000;0.529375;2;42;0;42
neos-5116085-kenana;37029;452.000000;142.000000;3;5553;10;5563
neos-5118834-korana;37029;569.216333;121.434394;2;9757;6;9763
neos-5118851-kowhai;37029;1134.000000;5.860000;2;5559;10;5569
neos-5123665-limmat;37029;652.427430;72.359737;2;17297;9;17306
neos-5125849-lopori;37029;0.000000;51.956886;1;46;0;46
neos-5129192-manaia;37029;0.000000;10.000000;1;3911;14;3925
neos-5138690-middle;37029;605.364996;107.846299;2;16594;8;16602
neos-5140963-mincio;37029;8877.000000;2.142857;1;1;0;1
neos-5149806-wieprz;37029;0.027694;5.467604;3;436;12;448
neos-5151569-mologa;37029;686023627.750363;27.702234;2;2349;3;2352
neos-5178119-nalagi;37029;8.569859;18.674756;2;104;0;104
neos-5182409-nasivi;37029;0.000000;18.341185;1;8;0;8
neos-5188808-nattai;37029;0.000000;10.715654;1;507;0;507
neos-5189128-totara;37029;330131.390743;21.863581;1;963;2;965
neos-5192052-neckar;37029;-11980000.000000;0.333333;3;0;0;0
neos-5193246-nerang;37029;0.000000;707.729862;1;896;1;897
neos-5195221-niemur;37029;0.000000;722.524895;1;880;1;881
neos-5196530-nuhaka;37029;0.000000;698.361784;1;691;1;692
neos-520729;37029;-1391291.666667;7.783333;1;544;1;545
neos-5221106-oparau;37029;0.000000;51.816243;1;277;1;278
neos-5223573-tarwin;37029;0.105800;0.258185;1;15248;3;15251
neos-5251015-ogosta;37029;0.105800;0.226665;1;11897;2;11899
neos-525149;37029;60.000000;12.153846;1;268;5;273
neos-5260764-orauea;37029;58748.022532;10.633838;1;62;0;62
neos-5261882-treska;37029;22721.328000;7.770659;1;13;0;13
neos-5266653-tugela;37029;20969.906674;15.508215;1;141;1;142
neos-5273874-yomtsa;37029;0.000000;0.215200;1;14152;2;14154
neos-555001;37029;910619.201473;185.329242;1;42;0;42
neos-555343;37029;1241512.549440;273.503416;1;38;0;38
neos-555424;37029;1196312.549440;237.883186;1;35;0;35
neos-555884;37029;1026121.836055;271.320900;1;38;0;38
neos-565672;37029;43884.639336;66.477422;3;16817;20;16837
neos-574665;37029;4948073.456141;10.746401;1;38;0;38
neos-578379;37029;0.000000;134.076115;1;1375;1;1376
neos-585192;37029;-1999690.155301;98.986682;2;204;0;204
neos-585467;37029;-1999711.795869;82.239088;2;23;0;23
neos-595904;37029;61134.474995;16.114622;2;61;0;61
neos-619167;37029;1.481241;35.984608;1;118;0;118
neos-631517;37029;6494999.999936;64.357845;1;9;0;9
neos-631710;37029;515.000000;243.082736;2;6222;18;6240
neos-633273;37029;4678552871.152559;377.739286;1;186;0;186
neos-662469;37029;184340.629649;94.654114;1;496;2;498
neos-686190;37029;5134.813830;17.515957;1;136;0;136
neos-691058;37029;234.000000;83.756531;1;255;0;255
neos-693347;37029;234.000000;78.950927;1;742;0;742
neos-738098;37029;-1099.000000;222.818437;1;148;1;149
neos-777800;37029;-80.000000;67.656924;1;46;0;46
neos-780889;37029;3421500.000000;0.000000;1;594;8;602
neos-787933;37029;300.000000;-0.000000;2;243;18;261
neos-799711;37029;-11228065.153797;0.946665;1;1248;0;1248
neos-799716;37029;4932670.661692;0.575059;1;118;0;118
neos-807639;37029;492.688889;1.370370;2;8;0;8
neos-820879;37029;24874.267857;62.867619;1;96;0;96
neos-824661;37029;51.000000;60.642857;2;241;1;242
neos-824695;37029;42.000000;33.800000;3;86;1;87
neos-826224;37029;130.000000;70.000000;3;205;3;208
neos-826650;37029;32.000000;109.347222;2;40;0;40
neos-826694;37029;73.000000;92.333333;3;85;2;87
neos-826812;37029;70.011000;151.137255;3;102;1;103
neos-826841;37029;32.008200;110.679849;2;41;0;41
neos-827015;37029;2.098071;332.649497;1;1658;3;1661
neos-827175;37029;116.001520;83.555556;2;165;1;166
neos-829552;37029;2.098071;250.649497;1;1598;1;1599
neos-831188;37029;1.767720;215.733333;1;75;0;75
neos-847302;37029;-0.000000;51.325978;1;60;0;60
neos-848198;37029;168781.000000;-0.000000;2;147;0;147
neos-848589;37029;0.000000;0.075873;1;1405;1;1406
neos-849702;37029;0.000000;88.550656;1;24;0;24
neos-850681;37029;2087.000000;55.075614;1;157;0;157
neos-860300;37029;1666.068586;9.000000;1;53;1;54
neos-872648;37029;52.674788;0.000000;2;1113;6;1119
neos-873061;37029;152.429202;-0.000000;2;1122;6;1128
neos-876808;37029;10030.533833;259.649605;2;5944;11;5955
neos-885086;37029;-243.000000;13.945733;2;184;0;184
neos-885524;37029;11771.555290;9.581376;2;145;7;152
neos-911880;37029;23.260000;17.220292;1;2;0;2
neos-911970;37029;23.260000;20.048919;1;2;0;2
neos-913984;37029;1000.000000;37.312893;1;147;3;150
neos-914441;37029;5660364.283770;78.177859;1;1992;0;1992
neos-916792;37029;26.203596;16.256328;2;87;0;87
neos-932721;37029;513000.000000;-0.000000;3;104;3;107
neos-932816;37029;513000.000000;0.000000;2;217;5;222
neos-933562;37029;0.000000;237.810567;1;53;0;53
neos-933638;37029;444022.000000;0.000000;2;198;3;201
neos-933966;37029;450019.000000;0.000000;2;149;3;152
neos-934278;37029;446011.000000;-0.000000;2;297;2;299
neos-935234;37029;422081.000000;-0.000000;2;338;1;339
neos-935627;37029;23250.000000;-0.000000;2;370;0;370
neos-935769;37029;23430.000000;-0.000000;2;394;1;395
neos-937511;37029;53020.000000;-0.000000;2;450;1;451
neos-937815;37029;53700.000000;-0.000000;2;500;1;501
neos-941262;37029;52113.000000;0.000000;2;350;1;351
neos-941313;37029;9431.370370;215.962963;2;572;12;584
neos-942830;37029;12.000000;68.088474;1;30;0;30
neos-948126;37029;51842.000000;-0.000000;2;405;1;406
neos-948346;37029;-208.675026;5.578968;5;518;19;537
neos-950242;37029;2.000000;94.000000;2;147;1;148
neos-953928;37029;-99.806667;0.000000;3;237;3;240
neos-954925;37029;-221.766667;-0.000000;5;990;30;1020
neos-956971;37029;-230.740000;2.884533;4;766;16;782
neos-957143;37029;-205.296379;49.220165;4;480;15;495
neos-957323;37029;-204.807274;25.065217;3;362;12;374
neos-957389;37029;1.500000;37.849369;1;106;1;107
neos-960392;37029;-238.000000;290.178312;1;239;2;241
neos-983171;37029;52602.000000;0.000000;2;402;1;403
neos-984165;37029;52002.000000;0.000000;2;458;1;459
neos13;37029;-126.178378;42.587671;3;242;0;242
neos15;37029;144796.909577;0.000000;2;1;0;1
neos16;37029;429.000000;14.500000;2;3;0;3
neos17;37029;0.222688;0.000000;2;7;0;7
neos18;37029;11.000000;56.166667;3;72;0;72
neos2;37029;-4717.666848;6.724359;1;7;0;7
neos22;37029;413700.000000;227.000000;1;32;0;32
neos5;37029;17.250000;0.000000;2;1;0;1
neos6;37029;116.604289;27.902196;4;108;6;114
neos8;37029;-2885.143864;22.041691;3;818;5;823
neos808444;37029;0.000000;213.399502;1;254;1;255
neos9;37029;780.000000;44.250000;1;318;0;318
net12;37029;47.514236;175.350347;3;808;0;808
netdiversion;37029;455.800000;769.600000;2;8151;14;8165
newdano;37029;11.724138;8.447296;1;3;0;3
nexp-150-20-1-5;37029;84.000000;0.000000;2;42;0;42
nexp-150-20-8-5;37029;600.000000;0.000000;2;88;1;89
nexp-50-20-1-1;37029;34.000000;-0.000000;2;1;0;1
nexp-50-20-4-2;37029;120.000000;0.000000;2;3;0;3
nh97_potential;37029;1462.000000;73.200000;2;6;0;6
nh97_tension;37029;1438.000000;81.583333;2;2;0;2
nj1;37029;0.000000;607.000000;1;559;1;560
nj2;37029;0.000000;607.000000;1;700;1;701
nj3;37029;0.000000;607.000000;1;69946;1;69947
nobel-eu-DBE;37029;7426411.500000;1.365000;2;79;0;79
noswot;37029;-9.000000;0.000000;2;1;0;1
ns1111636;37029;96.250000;19.250000;1;602;1;603
ns1116954;37029;0.000000;155.073174;1;889;1;890
ns1208400;37029;0.000000;93.553865;1;62;0;62
ns1430538;37029;73.621609;9.970024;1;565;0;565
ns1456591;37029;361.939022;19.000000;1;118;1;119
ns1606230;37029;13.225000;179.971152;1;1869;0;1869
ns1631475;37029;817.193748;716.662243;1;1230;1;1231
ns1663818;37029;1.000000;9.141146;1;5889;83;5972
ns1679495;37029;3337055.001914;100.246101;2;50409;11;50420
ns1685374;37029;-51.800913;96.218654;1;52293;1;52294
ns1688347;37029;2.000000;7.363183;1;53;0;53
ns1690781;37029;-1022.785697;17.664172;2;192;1;193
ns1696083;37029;2.000000;12.504268;1;169;1;170
ns1758913;37029;-1501.183256;121.987025;1;10165;7;10172
ns1760995;37029;-1379.173237;142.000000;1;21197;8;21205
ns1778858;37029;-22635740.000000;227.465047;2;281;0;281
ns1828997;37029;0.000000;75.000000;2;1209;3;1212
ns1830653;37029;6153.000000;56.373873;1;128;0;128
ns1849932;37029;546.000000;5.425770;1;1035;5;1040
ns1853823;37029;1172000.000000;1386.000000;2;54428;24;54452
ns1854840;37029;143199999999.999939;1139.473260;2;6710;14;6724
ns1856153;37029;0.000000;248.911984;1;175;0;175
ns1904248;37029;0.000000;854.146124;14;2565;32;2597
ns1905797;37029;11.750980;19.650000;1;219;1;220
ns1905800;37029;6.436600;16.364665;1;44;0;44
ns1952667;37029;0.000000;10.112982;1;206;1;207
ns2017839;37029;77026281754033.437500;1.017799;2;7967;0;7967
ns2034125;37029;0.000000;796.623735;2;1887;1;1888
ns2071214;37029;0.000000;2.208125;1;88;0;88
ns2081729;37029;4.600000;1.040000;2;3;0;3
ns2122698;37029;62785.622771;194.641858;1;587;2;589
ns2124243;37029;53998.333333;195.416667;1;494;1;495
ns2137859;37029;24629.000000;42.075016;1;781;5;786
ns4-pr3;37029;36073.000000;12.000000;1;96;0;96
ns4-pr6;37029;29145.750000;8.875000;1;37;0;37
ns4-pr9;37029;35175.000000;9.000000;1;73;0;73
ns894236;37029;18.000000;199.499882;2;329;0;329
ns894244;37029;16.000000;342.075798;2;1351;1;1352
ns894786;37029;14.000000;210.864769;2;1270;2;1272
ns894788;37029;7.000000;91.946694;2;170;0;170
ns903616;37029;22.000000;385.201946;2;1100;2;1102
nsa;37029;91.447940;7.482504;1;7;0;7
nsr8k;37029;17500809.511815;639.929911;1;8242;3;8245
nsrand-ipx;37029;646400.000000;0.000000;2;67;2;69
nu120-pr12;37029;38070.000000;13.695833;1;47;0;47
nu120-pr3;37029;21306.442308;42.751022;1;104;0;104
nu120-pr9;37029;19062.500000;28.652083;1;79;0;79
nu25-pr12;37029;52757.500000;11.900000;1;50;0;50
nu4-pr9;37029;35175.000000;21.713333;1;79;0;79
nu60-pr9;37029;22850.000000;28.383333;1;82;0;82
nucorsav;37029;29.046100;81.214406;2;60455;289;60744
nursesched-medium-hint03;37029;33.468485;460.316255;1;1193;3;1196
nursesched-medium04;37029;398.000000;286.520833;2;784;6;790
nursesched-sprint-hidden09;37029;580.911765;177.875000;2;314;2;316
nursesched-sprint-late03;37029;34.254806;178.177416;1;358;1;359
nursesched-sprint02;37029;170.416667;127.291667;2;200;2;202
nw04;37029;16310.666667;2.000000;1;264;6;270
ofi;37029;6131846109.620631;1781.999298;135;9503;143;9646
ofi2;37029;6124829152.731160;3158.688481;133;7055;198;7253
oocsp-racks030e6cci;37029;0.000000;0.000000;1;213;2;215
opm2-z10-s2;37029;-19912.000000;-0.000000;4;23499;11;23510
opm2-z10-s4;37029;-17801.000000;-0.000000;4;25098;10;25108
opm2-z11-s8;37029;-24040.000000;0.000000;4;51684;14;51698
opm2-z12-s14;37029;-39815.000000;-0.000000;6;112829;29;112858
opm2-z12-s7;37029;-39769.000000;0.000000;5;105120;26;105146
opm2-z12-s8;37029;-34893.000000;-0.000000;5;112956;23;112979
opm2-z6-s1;37029;-2356.000000;-0.000000;3;314;1;315
opm2-z7-s2;37029;-7132.000000;-0.000000;4;837;2;839
opm2-z7-s8;37029;-6856.000000;-0.000000;4;744;2;746
opm2-z8-s0;37029;-8004.000000;0.000000;3;3794;3;3797
opt1217;37029;-20.021390;8.225490;1;1;0;1
osorio-cta;37029;0.000000;0.000035;1;63;0;63
p0201;37029;6875.000000;20.000000;1;1;0;1
p100x588b;37029;58977.000000;0.000000;2;1;0;1
p200x1188c;37029;15747.000000;0.000000;2;2;0;2
p2756;37029;2718.000000;2.345553;2;6;0;6
p500x2988;37029;72594.000000;0.000000;2;26;0;26
p500x2988c;37029;17212.000000;-0.000000;2;25;0;25
p500x2988d;37029;6.000000;0.000000;2;25;0;25
p6b;37029;-53.000000;0.000000;3;35;0;35
p80x400b;37029;45896.000000;-0.000000;2;1;0;1
pb-fit2d;37029;-22372.476239;842.898884;1;7426;14;7440
pb-gfrd-pnc;37029;8316.011268;30.700616;1;139;1;140
pb-grow22;37029;-449681.200587;122.632175;1;498;2;500
pb-market-split8-70-4;37029;0.000000;2.197219;1;1;0;1
pb-simp-nonunif;37029;6.000000;513.500000;2;3810;51;3861
peg-solitaire-a3;37029;1.000000;289.311002;1;384;0;384
pg;37029;-11098.657382;17.215049;2;5;0;5
pg5_34;37029;-16012.248077;18.476238;2;7;0;7
physiciansched3-3;37029;2432694.766159;1308.126367;17;55052;113;55165
physiciansched3-4;37029;1124678.224456;1173.049171;9;35659;53;35712
physiciansched5-3;37029;5180.000000;1133.735241;4;1211;4;1215
physiciansched6-1;37029;7500.000000;799.143056;2;608;11;619
physiciansched6-2;37029;43012.500000;744.696528;2;539;13;552
pigeon-08;37029;-8000.000000;8.259740;1;1;0;1
pigeon-10;37029;-10000.000000;13.559596;1;2;0;2
pigeon-11;37029;-11000.000000;16.690909;1;3;0;3
pigeon-12;37029;-12000.000000;21.818182;1;4;0;4
pigeon-13;37029;-13000.000000;24.000000;1;5;0;5
pigeon-16;37029;-16000.000000;74.018182;1;8;0;8
pigeon-19;37029;-19000.000000;59.036364;1;32;0;32
pigeon-20;37029;-20000.000000;62.509091;1;33;0;33
piperout-03;37029;68814.997590;424.596014;17;370;6;376
piperout-08;37029;99128.924471;558.127794;17;270;7;277
piperout-27;37029;6970.000000;1154.464464;12;522;6;528
piperout-d20;37029;25533.842105;676.796097;2;1067;2;1069
piperout-d27;37029;7083.116279;1022.542306;2;1357;2;1359
pk1;37029;0.000000;2.791536;1;0;0;0
polygonpack3-15;37029;-96519350.409320;31.158333;3;1377;5;1382
polygonpack4-10;37029;-93676953.470100;20.073813;3;453;2;455
polygonpack4-15;37029;-114052801.790860;42.642788;3;1513;5;1518
polygonpack4-7;37029;-75324958.874200;9.351219;3;230;1;231
polygonpack5-15;37029;-42382234.503540;24.004310;3;1621;6;1627
pp08a;37029;15000.000000;-0.000000;2;0;0;0
pp08aCUTS;37029;16630.402442;0.000000;2;2;0;2
probportfolio;37029;5.000000;15.184084;2;2;0;2
prod1;37029;-100.000000;6.724950;2;0;0;0
prod2;37029;-100.000000;4.433874;2;1;0;1
proteindesign121hz512p19;37029;3197.772133;67.382130;1;17369;128;17497
proteindesign121hz512p9;37029;1423.904449;61.920249;1;770;9;779
proteindesign121pgb11p9;37029;1173.710433;49.777201;1;617;8;625
proteindesign122trx11p8;37029;1720.461105;46.268597;1;546;7;553
protfold;37029;0.000000;35.000000;2;17;0;17
pw-myciel4;37029;0.000000;51.865481;6;34;0;34
pythago7824;37029;0.000000;580.777778;6;1090;3;1093
pythago7825;37029;0.000000;586.777778;8;842;4;846
qap10;37029;332.566228;55.000000;1;422;0;422
qiu;37029;1805.177143;0.000000;2;5;0;5
qnet1;37029;98035.870000;7.221868;2;19;0;19
qnet1_o;37029;96705.120000;-0.000000;2;8;0;8
queens-30;37029;-30.000000;0.000000;3;208;2;210
r4l4-02-tree-bounds-50;37029;510876207.000000;651.016667;2;47;0;47
r50x360;37029;2016.000000;-0.000000;2;1;0;1
r80x800;37029;5520.000000;-0.000000;2;1;0;1
radiationm18-12-05;37029;17554.500000;196.264403;1;202;1;203
radiationm40-10-02;37029;155306.700000;933.018250;1;1227;7;1234
rail01;37029;-92.087300;2555.841711;1;10823;6;10829
rail02;37029;-206.610200;3014.501667;1;131587;13;131600
rail03;37029;-920.273763;12441.976674;1;163348;31;163379
rail507;37029;216.000000;0.000000;3;676;13;689
railway_8_1_0;37029;397.000000;59.076317;3;10;0;10
ramos3;37029;440.000000;-0.000000;3;1370;0;1370
ran12x21;37029;4080.000000;0.000000;2;0;0;0
ran13x13;37029;3521.000000;0.000000;2;0;0;0
ran14x18-disj-8;37029;12451.012696;0.000000;2;19;0;19
ran14x18;37029;4265.000000;0.000000;2;0;0;0
ran16x16;37029;4333.000000;0.000000;2;0;0;0
rd-rplusc-21;37029;100.000000;4.122871;1;529;1;530
reblock115;37029;-39365983.337347;271.565472;1;199;0;199
reblock166;37029;-886882876.965829;382.279623;1;523;0;523
reblock354;37029;-39640995.765204;569.832903;3;1038;1;1039
reblock420;37029;-886535897.522137;986.979676;1;2683;1;2684
reblock67;37029;-39339910.923037;159.950504;1;63;0;63
rfds-4-days;37029;-1158940.978167;68.027009;1;71935;26;71961
rlp1;37029;13.244444;9.961905;1;1;0;1
rmatr100-p10;37029;360.593308;9.692735;1;200;0;200
rmatr100-p5;37029;762.040054;5.000000;1;389;0;389
rmatr200-p10;37029;1550.620783;10.000000;1;10698;0;10698
rmatr200-p20;37029;688.357943;19.982266;1;3460;0;3460
rmatr200-p5;37029;3283.653831;5.000000;1;10880;0;10880
rmine10;37029;-1926.821009;886.351115;2;4405;2;4407
rmine11;37029;-2511.986814;1275.572328;14;11433;21;11454
rmine13;37029;-3504.619914;1108.274293;2;42757;5;42762
rmine14;37029;-4308.869811;2215.505904;7;91234;25;91259
rmine15;37029;-5041.420189;4256.942532;4;173151;22;173173
rmine6;37029;-436.021627;48.709031;12;140;2;142
rocI-3-11;37029;-111086.671772;567.733960;1;61;0;61
rocI-4-11;37029;-11111086.671772;800.875467;1;72;0;72
rocII-10-11;37029;-11.974865;290.286693;1;542;2;544
rocII-4-11;37029;-11.937162;82.500000;1;144;1;145
rocII-5-11;37029;-11.949730;122.235744;1;182;1;183
rocII-7-11;37029;-11.964093;212.677972;1;323;1;324
rocII-8-11;37029;-11.968581;244.764303;1;415;2;417
rocII-9-11;37029;-11.972072;279.075237;1;504;2;506
rococoB10-011000;37029;8350.199468;49.840978;1;167;0;167
rococoC10-001000;37029;7515.271029;14.894221;1;61;0;61
rococoC11-010100;37029;8773.206543;49.895810;1;153;0;153
rococoC11-011100;37029;9024.205406;56.603390;1;126;0;126
rococoC12-010001;37029;26787.292147;50.829414;1;210;1;211
rococoC12-111000;37029;27337.357381;53.501346;1;241;0;241
roi2alpha3n4;37029;-80.526722;7.807845;2;709;9;718
roi5alpha10n8;37029;-87.787142;16.000000;2;2201;31;2232
roll3000;37029;11097.127677;46.776510;3;42;0;42
rout;37029;981.864286;9.898077;1;2;0;2
rpp22falsei;37029;0.000000;0.000000;1;45;1;46
rvb-sub;37029;11.206514;4.571429;1;746;6;752
s100;37029;-0.171097;39.317795;1;23959;19;23978
s1234;37029;0.361925;1.578587;3;598;1;599
s250r10;37029;-0.165732;55.381636;2;9291;26;9317
s55;37029;-22.151773;0.000000;1;1622;3;1625
s82;37029;-33.833613;482.284414;2;200164;139;200303
satellites1-25;37029;-20.000000;68.019120;1;147;0;147
satellites2-25;37029;-30.000000;356.776800;1;27810;2;27812
satellites2-40;37029;-30.000000;133.152561;1;4664;2;4666
satellites2-60-fs;37029;-30.000000;507.455315;1;2773;2;2775
satellites2-60;37029;-30.000000;133.152561;1;4975;2;4977
satellites3-25;37029;-39.000000;966.359942;1;226338;5;226343
satellites3-40-fs;37029;-39.000000;942.263869;1;23886;4;23890
satellites3-40;37029;-39.000000;963.231625;1;227349;5;227354
savsched1;37029;22586.498620;0.000000;2;120808;36;120844
scpj4scip;37029;183.000000;-0.000000;3;1224;19;1243
scpk4;37029;389.000000;0.000000;3;2633;27;2660
scpl4;37029;360.000000;-0.000000;3;4773;42;4815
scpm1;37029;774.000000;0.000000;3;44274;137;44411
scpn2;37029;741.000000;0.000000;3;70783;243;71026
sct1;37029;-218.139003;91.325460;1;1558;0;1558
sct2;37029;-231.116964;14.501214;1;61;0;61
sct31;37029;-31.962662;30.054226;1;159;0;159
sct32;37029;-62.990833;53.144038;1;630;0;630
sct5;37029;-228.176552;35.395811;2;206;2;208
seqsolve1;37029;4376.282987;371.073706;19;4246;170;4416
seqsolve2short4288;37029;0.000000;419.969766;4;2702;39;2741
seqsolve3short4288excess384;37029;-46401.234768;425.509375;7;12677;73;12750
set1ch;37029;110241.500000;-0.000000;2;1;0;1
set3-09;37029;1263.077974;49.748593;3;40;0;40
set3-10;37029;788.890655;50.612990;3;40;0;40
set3-15;37029;8364.040745;53.876403;3;41;0;41
set3-16;37029;9916.808562;58.149187;3;37;0;37
set3-20;37029;10347.381087;53.849605;3;38;0;38
seymour-disj-10;37029;320.000002;0.000002;3;1614;1;1615
seymour;37029;454.000000;-0.000000;3;194;0;194
seymour1;37029;422.819841;-0.000000;3;189;0;189
shiftreg1-4;37029;131.656032;300.178571;1;46;0;46
shiftreg2-7;37029;206.733052;286.044999;1;90;0;90
shiftreg5-1;37029;520.839888;630.584408;1;322;0;322
shipsched;37029;0.000000;2.147365;5;135;2;137
shipschedule3shipsi;37029;-265650.000000;0.000000;1;34;0;34
shipschedule6shipsmixi;37029;-301650.000000;0.000000;1;55;0;55
shipschedule8shipsmixuci;37029;-401100.000000;0.000000;1;66;0;66
shs1014;37029;22137.410363;391.180556;1;174243;18;174261
shs1042;37029;9455.525826;684.883411;1;67646;19;67665
siena1;37029;10163179.229002;146.859338;1;1574;2;1576
sing11;37029;18640171.224643;331.879469;1;8185;8;8193
sing161;37029;19071259.113927;996.464534;1;62455;33;62488
sing17;37029;35483848.876514;554.751047;1;29215;20;29235
sing2;37029;17150914.716940;252.506822;1;1772;1;1773
sing245;37029;25024015.754083;519.079791;1;12631;10;12641
sing326;37029;7717674.801189;203.886687;1;2612;2;2614
sing359;37029;22534478.962498;1259.613224;1;82460;38;82498
sing44;37029;8102513.219400;177.330369;1;2937;2;2939
sing5;37029;18418516.013137;272.410096;1;3485;6;3491
snip10x10-35r1budget17;37029;30.000000;2.340909;1;451;0;451
snp-02-004-104;37029;548044802.975090;10.217187;2;4080;0;4080
snp-04-052-052;37029;728196432.049806;735.582559;2;3760;2;3762
snp-06-004-052;37029;1787138156.580973;33.734354;2;6175;1;6176
snp-10-004-052;37029;5842625068.205259;48.106063;2;14684;2;14686
snp-10-052-052;37029;5842626434.046261;1694.316668;2;16133;4;16137
sorrell3;37029;-11.000000;0.000000;3;697;9;706
sorrell4;37029;-16.000000;0.000000;3;2763;31;2794
sorrell7;37029;-138.000000;0.000000;3;367;4;371
sorrell8;37029;-259.000000;0.000000;3;97;1;98
sp150x300d;37029;71.000000;0.000000;2;1;0;1
sp97ar;37029;807607302.399999;1.342794;4;512;6;518
sp97ic;37029;597287696.727546;1.277104;3;360;4;364
sp98ar;37029;642003743.188383;1.613817;16;608;34;642
sp98ic;37029;633805370.656431;1.781976;4;455;6;461
sp98ir;37029;265679354.122102;8.206982;4;75;1;76
splice1k1;37029;-1646.777979;8.512635;1;16857;7;16864
splice1k1i;37029;-1654.000000;0.000000;1;201;6;207
square23;37029;8.333333;12.444444;1;147;3;150
square31;37029;8.500000;13.750000;1;828;14;842
square37;37029;8.666667;15.000000;1;2393;33;2426
square41;37029;8.839612;15.068891;1;3805;45;3850
square47;37029;8.755814;15.976744;1;6133;90;6223
stoch-vrpvrp-s5v2c8vrp-v2c8i;37029;0.000000;107.000000;1;32;0;32
stockholm;37029;175.000000;0.000000;2;459;0;459
stp3d;37029;604.886283;537.229946;2;25172;22;25194
sts405;37029;357.000000;0.000000;2;547;2;549
sts729;37029;665.000000;0.000000;2;3577;5;3582
supportcase1;37029;20078.000000;0.020624;2;311;5;316
supportcase10;37029;3.383924;1850.997936;1;9558;3;9561
supportcase12;37029;-7609.533054;54.777672;1;1364;1;1365
supportcase14;37029;272.000000;9.894737;1;2;0;2
supportcase16;37029;272.000000;9.000000;1;1;0;1
supportcase17;37029;0.000000;88.508268;2;8;0;8
supportcase18;37029;87.000000;9.141806;2;46;0;46
supportcase19;37029;12677206.000000;370.390975;1;26745;63;26808
supportcase2;37029;0.000000;7.750000;1;9131;55;9186
supportcase20;37029;2442.144012;4.882860;1;17;0;17
supportcase23;37029;-12952.000000;674.436182;1;1571;0;1571
supportcase25;37029;0.036932;11.225059;1;99;0;99
supportcase26;37029;1288.102161;0.009948;2;2;0;2
supportcase27i;37029;0.000000;0.028235;1;1;0;1
supportcase3;37029;0.000000;754.600046;3;217;1;218
supportcase30;37029;0.000000;102.857020;1;58;0;58
supportcase31;37029;-1120655.076000;0.000000;3;1884;75;1959
supportcase33;37029;-450.933468;67.828180;2;458;2;460
supportcase34;37029;72.664116;339.350876;1;1267;2;1269
supportcase35;37029;77847.333333;96.000000;2;110;0;110
supportcase37;37029;-5865.764096;28.040480;2;811;0;811
supportcase39;37029;-1062330.369524;22.808785;5;104;7;111
supportcase4;37029;0.000000;537.153071;3;156;0;156
supportcase40;37029;22536.483379;19.000000;1;231;0;231
supportcase41;37029;28.000000;23.624470;5;292;1;293
supportcase42;37029;7.343539;48.081295;1;1589;2;1591
supportcase43;37029;0.000000;48.147044;2;44713;3;44716
supportcase6;37029;45090.732163;30.239669;1;1542;7;1549
supportcase7;37029;-2396.218213;53.147310;2;1790;0;1790
swath;37029;334.496858;2.200000;1;43;0;43
swath1;37029;334.496858;0.600000;1;37;0;37
swath2;37029;334.496858;0.700000;1;36;0;36
swath3;37029;334.496858;0.800000;1;33;0;33
t1717;37029;134531.021428;79.098998;1;283;4;287
t1722;37029;98815.407611;52.399108;1;138;1;139
ta1-UUM;37029;3693674.556772;4.190418;1;3;0;3
ta2-UUE;37029;41427354.755773;0.680983;2;151;0;151
tanglegram1;37029;0.000000;146.000000;1;236;2;238
tanglegram2;37029;0.000000;74.000000;1;36;0;36
tanglegram4;37029;0.000000;214.000000;1;792;3;795
tanglegram6;37029;0.000000;100.000000;1;68;0;68
tbfp-bigm;37029;-178.153988;30.000000;1;313;0;313
tbfp-network;37029;23.261535;31.000000;1;866;3;869
Test3;37029;2669532.692462;22.368722;2;239;3;242
thor50dday;37029;204179.000000;-0.000000;2;236;4;240
timtab1;37029;1234325.333333;18.450000;2;1;0;1
timtab1CUTS;37029;613590.095426;35.885811;2;3;0;3
timtab2;37029;1487304.333333;29.783333;2;1;0;1
tokyometro;37029;11100.000000;243.797433;2;82;0;82
toll-like;37029;0.000000;339.500000;1;37;0;37
tpl-tub-ss16;37029;8052373.477492;2148.906605;2;90496;202;90698
tpl-tub-ws1617;37029;10498468.058836;2262.455897;2;120375;278;120653
tr12-30;37029;188435.464884;3.580258;2;2;0;2
traininstance2;37029;0.000000;641.688695;2;53;0;53
traininstance6;37029;0.000000;381.122112;2;47;0;47
transportmoment;37029;-70929535815.380005;783.890174;2;209;0;209
trento1;37029;5182758.848056;76.426737;1;552;0;552
triptim1;37029;22.868088;2111.393837;1;9079;3;9082
triptim2;37029;10.866359;800.023299;1;10196;3;10199
triptim3;37029;13.511741;803.795145;1;9800;3;9803
triptim4;37029;9.207022;602.920956;1;11965;3;11968
triptim7;37029;2336.732602;589.654105;2;12872;6;12878
triptim8;37029;2336.754853;582.634510;2;12931;5;12936
tw-myciel4;37029;3.838028;125.746479;6;181;0;181
uc-case11;37029;611267.013003;118.157436;1;2657;0;2657
uc-case3;37029;7181.264177;95.341586;1;1927;0;1927
uccase10;37029;38988.693469;403.985961;1;2637;1;2638
uccase12;37029;11507.285324;38.320000;1;2028;1;2029
uccase7;37029;26527.789654;162.379998;1;3521;0;3521
uccase8;37029;11142.163196;63.982247;1;2711;0;2711
uccase9;37029;10819.582997;76.021209;1;4256;0;4256
uct-subprob;37029;242.000000;56.400387;1;50;0;50
umts;37029;91618146.215272;77.667697;2;47;0;47
unitcal_7;37029;19387712.348556;143.515421;2;914;0;914
usAbbrv-8-25_70;37029;95.000000;142.568932;3;44;0;44
usafa;37029;11.961749;2930.074494;2;49779;146;49925
v150d30-2hopcds;37029;52.000000;-0.000000;3;105;2;107
van;37029;1.723520;5.404444;1;2744;0;2744
var-smallemery-m6j6;37029;-156.056268;90.190835;2;1373;7;1380
vpm2;37029;13.372866;5.698001;2;1;0;1
vpphard;37029;0.000000;126.795208;1;217;3;220
vpphard2;37029;0.000000;224.687229;1;630;10;640
wachplan;37029;-9.000000;59.730159;1;39;0;39
wnq-n100-mw99-14;37029;194.184211;80.973684;3;4597;29;4626
xmas10-2;37029;-548.904684;180.189643;1;232;0;232
xmas10;37029;-449.063962;131.814139;7;198;0;198
z26;37029;-967.000000;0.000000;3;2791;45;2836
zeil;37029;813.510308;818.357568;2;84362;13;84375
zib54-UUE;37029;19164366.000000;-0.000000;2;54;0;54
