Instance;Seed;Cost;Fractionality;Rounds;LPtime(ms);ZItime(ms);SumLPZI(ms)
10teams;37029;917.000000;36.681642;1;34;0;34
22433;37029;21552.708079;24.962328;5;5;0;5
23588;37029;8342.863244;17.617619;4;2;0;2
2club200v15p5scn;37029;-98.397436;37.935897;4;125;2;127
30n20b8;37029;5530.000000;41.625765;2;121;0;121
30_70_45_05_100;37029;67.000000;-0.000000;5;1021;5;1026
30_70_45_095_100;37029;48.000000;-0.000000;5;943;2;945
30_70_45_095_98;37029;110.000000;-0.000000;5;980;2;982
50v-10;37029;1493601.476062;-0.000000;2;5;0;5
a1c1s1;37029;20885.065088;0.498062;2;8;0;8
a2c1s1;37029;21087.746318;-0.000000;2;8;0;8
ab51-40-100;37029;-437558462.000004;11.050000;2;423;1;424
ab67-40-100;37029;-11186253442.000000;0.000000;1;318;0;318
ab69-40-100;37029;-11186281442.000000;0.000000;1;323;0;323
ab71-20-100;37029;-2390446504.400002;12.500000;2;240;0;240
ab72-40-100;37029;-11186620442.000000;0.000000;1;313;0;313
academictimetablebig;37029;427.000000;1980.203197;2;42681;18;42699
academictimetablesmall;37029;0.000000;304.037692;2;234;3;237
acc-tight2;37029;0.000000;120.187623;1;29;0;29
acc-tight4;37029;0.000000;120.929764;1;26;0;26
acc-tight5;37029;0.000000;108.861099;1;206;0;206
acc-tight6;37029;0.000000;100.822653;1;213;0;213
adult-max5features;37029;10710.000597;0.023689;2;923;7;930
adult-regularized;37029;7841.000000;0.000000;3;2097;10;2107
aflow30a;37029;1402.717622;2.301497;3;1;0;1
aflow40b;37029;1129.417647;2.760099;3;6;0;6
air03;37029;338864.250000;11.375000;1;61;0;61
air04;37029;55535.436388;51.829962;1;207;0;207
air05;37029;25877.609268;45.880497;1;162;0;162
aligninq;37029;2755.000000;40.921868;7;15;1;16
allcolor10;37029;1667.205949;277.752404;3;116;1;117
allcolor58;37029;6860.683036;1871.573531;3;663;8;671
amaze22012-03-15i;37029;0.000000;58.180281;2;98;2;100
amaze22012-06-28i;37029;0.000000;35.393465;2;24;0;24
amaze22012-07-04i;37029;0.000000;40.505587;2;40;1;41
app1-1;37029;-2.000000;1.945752;2;7;0;7
app1-2;37029;-23.000000;1.399234;3;316;1;317
app2-1;37029;19294.250000;0.000000;2;22;0;22
app2-2;37029;212092.500000;0.000000;2;1;0;1
app3;37029;5627412.287938;3.142492;1;9;0;9
arki001;37029;7579621.830840;15.454670;1;35;0;35
assign1-10-4;37029;353.992926;52.000000;1;38;0;38
assign1-5-8;37029;183.362555;24.000000;1;2;0;2
atlanta-ip;37029;81.321096;294.518627;2;6344;2;6346
atm20-100;37029;2141734.684878;120.774021;2;78;0;78
australia-abs-cta;37029;0.000000;37.138391;1;81;0;81
b-ball;37029;-1.818182;4.818182;1;0;0;0
b1c1s1;37029;69995.090000;-0.000000;2;9;0;9
b2c1s1;37029;69710.660000;-0.000000;2;18;0;18
bab1;37029;-228225.182825;27.775000;1;110;0;110
bab2;37029;-327907.020000;270.500000;2;13576;19;13595
bab3;37029;-570680.596583;405.246581;2;30833;45;30878
bab5;37029;-106670.400850;101.900000;2;569;2;571
bab6;37029;-242181.154525;473.597222;2;4653;11;4664
bc;37029;13.915046;0.268421;2;91;0;91
bc1;37029;4.550543;0.028778;2;85;0;85
beasleyC1;37029;102.000000;0.000000;2;3;0;3
beasleyC2;37029;232.000000;0.000000;2;3;0;3
beasleyC3;37029;951.000000;-0.000000;2;3;0;3
beavma;37029;395292.332242;3.472328;2;1;0;1
berlin;37029;1951.000000;0.000000;2;29;0;29
berlin_5_8_0;37029;52.000000;56.222597;3;2;0;2
bg512142;37029;506799.440536;51.840309;3;30;0;30
biella1;37029;3060037.430763;98.993456;1;264;0;264
bienst1;37029;11.724138;4.390524;1;2;0;2
bienst2;37029;11.724138;5.390524;1;2;0;2
binkar10_1;37029;6637.188027;9.084811;1;7;0;7
blend2;37029;7.489992;0.686573;2;0;0;0
bley_xl1;37029;265.196799;287.930058;8;19953;32;19985
bley_xs1;37029;47020884.968217;85.931545;3;79;0;79
bley_xs1noM;37029;52605505.644117;88.493331;2;62;0;62
bley_xs2;37029;30478761.025431;42.229522;12;12;1;13
blp-ar98;37029;9174.508280;11.800505;21;95;26;121
blp-ic97;37029;5423.588709;1.337703;12;65;8;73
blp-ic98;37029;6879.499245;1.657910;4;116;5;121
blp-ir98;37029;3350.173368;3.875758;3;44;1;45
bmocbd3;37029;45423160382.724037;0.000000;2;17567;12;17579
bmoipr2;37029;-46628940.711029;7.840017;1;74;0;74
bnatt350;37029;0.000000;105.289533;17;108;2;110
bnatt400;37029;0.000000;129.427483;17;113;2;115
bppc4-08;37029;51.590000;11.724943;1;18;0;18
bppc6-02;37029;108.340000;11.296538;1;137;1;138
bppc6-06;37029;200.633333;13.595370;1;156;1;157
bppc8-02;37029;486.500000;3.194588;1;1;0;1
bppc8-09;37029;444.436047;4.775100;1;3;0;3
brasil;37029;32311.000000;0.000000;2;31;0;31
brazil3;37029;2.000000;303.450558;1;244;0;244
breastcancer-regularized;37029;105.150036;0.002191;2;8;0;8
bts4-cta;37029;33524.637606;1130.000000;1;493;0;493
buildingenergy;37029;33246.215059;1468.850000;2;16085;4;16089
cap6000;37029;-2446875.000000;0.000000;3;38;0;38
cbs-cta;37029;0.000000;28.754656;1;103;0;103
cdc7-4-3-2;37029;-231.000000;-0.000000;3;36747;5;36752
chromaticindex1024-7;37029;4.000000;16002.682953;2;2306;11;2317
chromaticindex128-5;37029;4.000000;2021.163699;2;128;1;129
chromaticindex256-8;37029;4.000000;4069.477083;2;362;2;364
chromaticindex32-8;37029;4.000000;504.887500;2;17;0;17
chromaticindex512-7;37029;4.000000;8183.527137;2;1044;4;1048
ci-s4;37029;17.644894;42.275628;3;9;0;9
circ10-3;37029;140.000000;209.309855;1;2122;1;2123
cmflsp40-24-10-7;37029;52605868.952858;70.700930;3;351;0;351
cmflsp40-36-2-10;37029;72898024.959478;295.649246;3;818;0;818
cmflsp50-24-10-4;37029;64492612.641644;81.236085;3;338;0;338
cmflsp50-24-8-8;37029;59814378.749021;131.869460;3;346;0;346
cmflsp60-36-2-6;37029;97887903.946142;370.689759;3;1737;0;1737
CMS750_4;37029;250.000000;230.436836;3;63;1;64
co-100;37029;1246685.546783;10.401691;2;344;8;352
cod105;37029;-8.000000;0.000000;3;458;1;459
comp07-2idx;37029;0.000000;114.416667;2;1963;2;1965
comp08-2idx;37029;0.000000;175.467237;3;184;2;186
comp12-2idx;37029;3.000000;261.572878;1;1193;0;1193
comp16-3idx;37029;4.000000;722.263585;1;7056;2;7058
comp21-2idx;37029;0.000000;282.023529;3;482;1;483
control30-3-2-3;37029;-20763026.787568;27.970540;1;3;0;3
core2536-691;37029;789.000000;0.000000;3;748;2;750
core2586-950;37029;1167.000000;-0.000000;3;620;2;622
core4284-1064;37029;1265.000000;0.000000;3;2746;4;2750
core4872-1529;37029;1851.000000;-0.000000;3;1715;3;1718
cost266-UUE;37029;42001606.280000;-0.000000;2;61;0;61
cov1075;37029;35.000000;0.000000;2;6;0;6
cryptanalysiskb128n5obj16;37029;0.000000;5029.990887;106;1221;198;1419
csched007;37029;269.251587;22.185714;1;39;0;39
csched008;37029;171.000000;17.704190;1;9;0;9
csched010;37029;332.422727;20.239899;1;30;0;30
cvrpa-n64k9vrpi;37029;0.000000;99.904419;2;601;4;605
cvrpb-n45k5vrpi;37029;0.000000;107.949911;2;219;2;221
cvrpp-n16k8vrpi;37029;0.000000;41.056694;2;32;0;32
cvrpsimple2i;37029;0.000000;24.056231;2;2;0;2
cvs08r139-94;37029;-16.000000;66.000000;3;12;0;12
cvs16r106-72;37029;-2.000000;71.000000;2;30;0;30
cvs16r128-89;37029;-2.000000;88.000000;2;34;0;34
cvs16r70-62;37029;-0.000000;62.000000;2;28;0;28
cvs16r89-60;37029;-0.000000;60.000000;2;30;0;30
d10200;37029;12425.583005;32.097057;1;41;0;41
d20200;37029;12229.625788;62.339279;1;307;0;307
dale-cta;37029;0.000000;0.004736;1;325;0;325
dano3mip;37029;576.231620;15.297311;1;2085;0;2085
dano3_3;37029;576.231620;1.932181;1;2200;0;2200
dano3_5;37029;576.231620;2.871834;1;2269;0;2269
danoint;37029;62.637280;5.819184;1;18;0;18
dc1c;37029;1754946.863638;140.593306;1;287;0;287
dc1l;37029;211357921.003601;0.000000;3;778;14;792
dcmulti;37029;184917.234283;12.662065;3;2;0;2
decomp1;37029;-120.000000;144.611111;1;39;0;39
decomp2;37029;-160.000000;141.944444;1;41;0;41
dfn-bwin-DBE;37029;797567.400000;-0.000000;2;34;0;34
dfn-gwin-UUM;37029;27467.257235;5.653537;1;2;0;2
dg012142;37029;7485691.825683;37.560751;5;117;0;117
diameterc-mstc-v20a190d5i;37029;291.000000;264.960987;3;96;1;97
diameterc-msts-v40a100d5i;37029;324.000000;357.906639;2;52;0;52
disctom;37029;-5000.000000;51.166667;1;184;0;184
disktom;37029;-5000.000000;51.166667;1;186;0;186
dolom1;37029;6556066.068315;111.218954;1;473;1;474
drayage-100-12;37029;91134.076080;32.686693;1;51;0;51
drayage-100-23;37029;103333.874073;41.554651;1;41;0;41
drayage-25-23;37029;99718.790531;44.055595;1;40;0;40
drayage-25-27;37029;95207.144904;44.816549;1;42;0;42
drayage-25-32;37029;88256.306534;34.610044;1;49;0;49
ds-big;37029;86.820068;30.669231;1;7239;22;7261
ds;37029;57.234565;33.463549;1;926;6;932
dws008-01;37029;2954.537147;2.158177;2;48;0;48
dws008-03;37029;3279.903540;8.718992;2;129;1;130
dws012-01;37029;5179.177491;3.971756;2;96;1;97
dws012-02;37029;4797.215617;18.611531;3;234;4;238
dws012-03;37029;5259.387024;14.614141;2;384;4;388
eil33-2;37029;811.278996;3.615630;1;34;0;34
eilA101-2;37029;803.373888;7.408683;1;873;6;879
eilB101;37029;1075.247691;12.807028;1;19;0;19
eilC76-2;37029;725.754458;7.780208;1;274;2;276
ej;37029;1.000000;0.243844;1;0;0;0
elitserienhandball11i;37029;0.000000;866.305983;2;410;1;411
elitserienhandball13i;37029;0.000000;853.141952;2;432;1;433
elitserienhandball14i;37029;0.000000;883.858328;2;386;1;387
elitserienhandball3i;37029;0.000000;887.935483;2;378;1;379
enlight13;37029;1.000000;1.000000;1;0;0;0
enlight15;37029;1.000000;1.000000;1;0;0;0
enlight8;37029;1.000000;1.000000;1;0;0;0
enlight_hard;37029;15.500000;17.000000;1;0;0;0
eva1aprime5x5opt;37029;-497.155823;0.519735;1;327;0;327
eva1aprime6x6opt;37029;-495.398833;1.547904;1;1589;0;1589
ex10;37029;100.000000;98.000000;1;17542;5;17547
ex1010-pi;37029;314.000000;-0.000000;3;473;2;475
ex9;37029;81.000000;75.601201;1;1939;2;1941
exp-1-500-5-5;37029;97666.305541;4.045842;2;2;0;2
f2000;37029;1383.000000;1280.000000;2;3628;0;3628
f2gap201600;37029;76429.862296;1.402159;1;3;0;3
f2gap401600;37029;82274.237434;1.190020;1;4;0;4
f2gap40400;37029;20650.898154;3.253580;1;1;0;1
f2gap801600;37029;86570.120867;5.266841;1;4;0;4
fast0507;37029;207.000000;-0.000000;3;188;3;191
fastxgemm-n2r6s0t2;37029;27.000000;9.000000;1;31;0;31
fastxgemm-n2r7s4t1;37029;27.000000;9.000000;1;38;0;38
fastxgemm-n3r21s3t6;37029;84.000000;27.000000;1;2404;0;2404
fastxgemm-n3r22s4t6;37029;84.000000;27.000000;1;2624;0;2624
fastxgemm-n3r23s5t6;37029;84.000000;27.000000;1;2574;0;2574
fhnw-binpack4-48;37029;0.000000;333.285714;2;129;0;129
fhnw-binpack4-58;37029;0.000000;467.321429;2;133;1;134
fhnw-binpack4-77;37029;0.000000;207.310714;2;117;0;117
fhnw-binschedule0;37029;15642.000000;1053.297818;2;19242;30;19272
fhnw-binschedule2;37029;2273.000000;204.240609;3;473;4;477
fhnw-schedule-paira100;37029;-36.643681;5.149215;2;140;0;140
fhnw-schedule-paira200;37029;-73.826479;8.940825;2;238;3;241
fhnw-schedule-paira400;37029;-146.941079;19.266221;2;1093;12;1105
fhnw-schedule-pairb200;37029;-58.887041;815.939903;3;2087;3;2090
fhnw-schedule-pairb400;37029;-109.169750;2783.836162;3;12055;14;12069
fhnw-sq2;37029;0.000000;12.138998;1;4;0;4
fiball;37029;137.069168;65.011163;1;107;1;108
fiber;37029;897538.360000;12.574421;2;2;0;2
fillomino7x7-0i;37029;0.000000;315.503941;2;55;0;55
fixnet6;37029;4536.000000;0.000000;2;1;0;1
fjspeasy01i;37029;216.000000;1.364719;2;55;0;55
flugpl;37029;1167875.166377;2.785325;1;0;0;0
g200x740;37029;45614.000000;-0.000000;2;4;0;4
g200x740i;37029;44069.000000;-0.000000;2;3;0;3
gasprod1-1;37029;9698.001669;25.784673;6;456;1;457
gasprod1-2;37029;12418.693782;43.662702;18;297;2;299
gasprod1-3;37029;13830.718570;40.837432;64;295;9;304
gasprod2-1;37029;1510393.402354;44.156867;6;1067;1;1068
gasprod2-2;37029;1355909.537507;297.110788;36;1707;13;1720
gen-ip002;37029;-511.036897;0.000000;3;0;0;0
gen-ip016;37029;-9505.628173;1.906914;1;0;0;0
gen-ip021;37029;6642.052620;2.217259;4;0;0;0
gen-ip036;37029;-2162.833562;0.000000;3;0;0;0
gen-ip054;37029;7350.684932;1.502477;8;0;0;0
gen;37029;112555.106141;0.427450;2;1;0;1
genus-g31-8;37029;-27.000000;105.481481;1;1010;1;1011
genus-g61-25;37029;-58.000000;267.593301;1;797;2;799
genus-sym-g31-8;37029;-27.000000;149.527030;1;4179;2;4181
genus-sym-g62-2;37029;-54.000000;222.237614;1;23647;1;23648
genus-sym-grafo5708-48;37029;-27.000000;159.026027;2;1579;0;1579
ger50-17-ptp-pop-3t;37029;3466.323207;45.213645;1;109;0;109
ger50-17-ptp-pop-6t;37029;6804.447088;50.477969;1;91;0;91
ger50-17-trans-dfn-3t;37029;3453.475245;37.741927;1;182;1;183
ger50-17-trans-pop-3t;37029;3456.252922;49.487013;1;164;1;165
ger50_17_trans;37029;6850.628623;48.226110;1;142;1;143
germanrr;37029;47650759.157540;58.297944;3;747;3;750
germany50-DBM;37029;438028.000000;21.150000;1;135;0;135
germany50-UUM;37029;597932.500000;26.450000;1;35;0;35
gesa2-o;37029;25748173.191117;13.380406;2;3;0;3
gesa2;37029;25502855.039680;8.989886;1;5;0;5
gfd-schedulen180f7d50m30k18-16i;37029;21.533333;4297.018832;3;9291;144;9435
gfd-schedulen180f7d50m30k18;37029;1.000000;6044.607327;36;4563;209;4772
gfd-schedulen25f5d20m10k3i;37029;3.000000;24.566406;2;84;0;84
gfd-schedulen55f2d50m30k3i;37029;4.111111;221.771449;2;217;3;220
ghoulomb4-9-10i;37029;9.000000;9.160150;2;55;1;56
glass-sc;37029;23.000000;0.000000;3;113;1;114
glass4;37029;800002400.000000;8.568254;1;0;0;0
gmu-35-40;37029;-2406943.556343;2.300342;1;3;0;3
gmu-35-50;37029;-2608070.315743;3.444186;1;6;0;6
gmut-75-50;37029;-14182312.661731;4.988967;1;514;4;518
gmut-76-40;37029;-14171086.316075;9.054451;1;296;1;297
gmut-76-50;37029;-14173884.188063;4.201959;1;305;3;308
gmut-77-40;37029;-14173396.636852;2.973250;1;343;1;344
go19;37029;96.000000;-0.000000;3;4;0;4
gr4x6;37029;229.050000;-0.000000;2;0;0;0
graph20-20-1rand;37029;-37.000000;43.500000;1;65;0;65
graph20-80-1rand;37029;-110.000000;120.050000;2;1300;2;1302
graph40-20-1rand;37029;-157.000000;173.500000;1;3838;2;3840
graph40-40-1rand;37029;-300.000000;312.000000;1;90361;9;90370
graphdraw-domain;37029;12672.000000;18.742857;1;2;0;2
graphdraw-gemcutter;37029;4310.000000;12.048387;2;1;0;1
graphdraw-grafo2;37029;35762.000000;445.166667;1;804;2;806
graphdraw-mainerd;37029;30496.000000;119.016129;1;83;0;83
graphdraw-opmanager;37029;54717.000000;251.292683;1;389;1;390
gsvm2rl11;37029;35640.343493;0.000000;2;359;0;359
gsvm2rl12;37029;50.000000;-0.000000;2;612;0;612
gsvm2rl3;37029;0.600000;-0.000000;2;3;0;3
gsvm2rl5;37029;10.000000;-0.000000;2;9;0;9
gsvm2rl9;37029;16356.825869;0.000000;2;58;0;58
gt2;37029;21166.000000;4.130952;2;0;0;0
h50x2450;37029;11147.731511;3.696751;1;29;0;29
h80x6320;37029;3700.000000;0.000000;1;26;0;26
h80x6320d;37029;5325.160104;2.515625;1;44;0;44
hanoi5;37029;1931.000000;245.237539;25;317;4;321
haprp;37029;3679667.254486;41.766595;2;5;0;5
harp2;37029;-74325169.345138;5.496152;1;2;0;2
hgms-det;37029;-53793.320679;37.099950;1;199;0;199
hgms30;37029;-53327.995245;51.804834;1;7417;0;7417
hgms62;37029;-53394.446147;54.735370;1;14185;0;14185
hypothyroid-k1;37029;-2846.896104;38.365286;3;7344;6;7350
ic97_potential;37029;4058.000000;55.050000;2;3;0;3
ic97_tension;37029;3975.000000;15.366667;2;1;0;1
icir97_potential;37029;6619.000000;172.384181;2;37;0;37
icir97_tension;37029;6309.000000;102.600000;2;3;0;3
iis-100-0-cov;37029;41.000000;0.000000;3;93;0;93
iis-bupa-cov;37029;49.000000;-0.000000;3;154;0;154
iis-glass-cov;37029;28.000000;0.000000;3;123;1;124
iis-hc-cov;37029;22.000000;0.000000;3;149;2;151
iis-pima-cov;37029;41.000000;-0.000000;3;197;1;198
irp;37029;12123.530222;6.000000;1;75;1;76
istanbul-no-cutoff;37029;62.541409;3.968407;1;268;0;268
ivu06-big;37029;135.427718;95.799872;1;52805;155;52960
ivu06;37029;135.901353;96.981489;1;14138;55;14193
ivu52;37029;480.250438;81.910351;1;6374;13;6387
ivu59;37029;884.456993;122.834601;1;212695;250;212945
janos-us-DDM;37029;1488134.750000;22.375000;1;8;0;8
k16x240;37029;11359.000000;0.000000;2;1;0;1
k16x240b;37029;12874.000000;0.000000;2;0;0;0
k1mushroom;37029;-3747.840298;42.576586;3;20144;21;20165
k1mushroomi;37029;-4165.061224;64.102041;1;15117;3;15120
khb05250;37029;126785464.000000;0.000000;2;1;0;1
l2p12;37029;2.000000;831.449119;3;224;1;225
l2p1i;37029;1.000000;607.419608;2;917;24;941
l2p2i;37029;1.000000;874.857828;2;130;1;131
lectsched-1-obj;37029;36.000000;28.046924;4;216;3;219
lectsched-1;37029;0.000000;6.882322;2;180;1;181
lectsched-2;37029;0.000000;29.221196;3;91;1;92
lectsched-3;37029;0.000000;4.358796;9;185;6;191
lectsched-4-obj;37029;3.000000;14.190535;14;55;3;58
lectsched-5-obj;37029;15.000000;44.276539;5;165;4;169
leo1;37029;530605779.573215;2.950107;3;70;2;72
leo2;37029;572818097.713015;1.549961;3;127;3;130
liu;37029;346.000000;11.229183;2;7;0;7
loopha13;37029;6.279000;1.132999;2;205;0;205
lotsize;37029;1335747.052789;7.405615;2;7;0;7
lr1dr02vc05v8a-t360;37029;120707.344638;169.266715;1;1006;1;1007
lr1dr04vc05v17a-t360;37029;247150.518188;322.854834;1;2073;1;2074
lr1dr12vc10v70b-t360;37029;983958.597196;1051.434951;1;44236;9;44245
lr2-22dr3-333vc4v17a-t60;37029;-72770.836006;244.127587;2;36919;8;36927
lrn;37029;44373752.713965;53.546052;2;418;0;418
m100n500k4r1;37029;-17.000000;-0.000000;3;7;0;7
macrophage;37029;35.000000;209.000000;1;6;0;6
mad;37029;0.000000;4.366204;1;2;0;2
manna81;37029;-11868.000000;0.000000;3;40;0;40
map06;37029;-406.181173;7.868443;1;1191;0;1191
map10;37029;-602.176181;11.248146;1;1058;0;1058
map14;37029;-778.549324;11.962355;1;1116;0;1116
map14860-20;37029;-998.836419;10.400693;1;1381;0;1381
map16715-04;37029;-296.267898;4.997036;1;1080;0;1080
map18;37029;-932.782685;11.173489;1;1275;0;1275
map20;37029;-998.836419;10.400693;1;1240;0;1240
mappingmesh3x3mpeg2i;37029;10000.000000;161.127209;2;21;0;21
mario-t-hard5i;37029;-4482.000000;235.149319;1;176;1;177
markshare1;37029;230.000000;-0.000000;2;0;0;0
markshare2;37029;454.000000;0.000000;2;0;0;0
markshare_4_0;37029;226.000000;0.000000;2;0;0;0
markshare_5_0;37029;337.000000;0.000000;2;0;0;0
mas74;37029;10482.795280;3.103514;1;1;0;1
mas76;37029;38893.903641;2.555097;1;1;0;1
maxgasflow;37029;-53620694.316699;233.171088;2;71;0;71
mc11;37029;13520.000000;-0.000000;2;29;0;29
mc7;37029;5797.000000;-0.000000;2;30;0;30
mc8;37029;1944.000000;-0.000000;2;30;0;30
mcsched;37029;474351.816438;29.021488;2;152;0;152
methanosarcina;37029;0.000000;282.500000;1;58;0;58
mik-250-1-100-1;37029;-0.000000;0.000000;2;2;0;2
mik-250-20-75-1;37029;0.000000;0.000000;2;2;0;2
mik-250-20-75-2;37029;-0.000000;-0.000000;2;2;0;2
mik-250-20-75-3;37029;-0.000000;-0.000000;2;2;0;2
mik-250-20-75-4;37029;-0.000000;-0.000000;2;2;0;2
mik-250-20-75-5;37029;0.000000;-0.000000;2;2;0;2
milo-v12-6-r1-58-1;37029;422507.582835;145.714423;2;161;0;161
milo-v12-6-r1-75-1;37029;684446.509887;174.270141;2;177;0;177
milo-v12-6-r2-40-1;37029;213638.744473;103.889654;2;72;0;72
milo-v13-4-3d-3-0;37029;23373.122645;0.739975;1;17;0;17
milo-v13-4-3d-4-0;37029;34049.245605;1.277727;1;36;0;36
mine-166-5;37029;-552883467.060796;36.684884;5;132;0;132
mine-90-10;37029;-827656854.061004;55.076435;1;88;0;88
mining;37029;-885911894.603839;8594.317279;65;72147;1403;73550
minutedispatchstrategy;37029;3582.138213;101.664381;1441;1943;635;2578
misc07;37029;1415.000000;8.000000;1;2;0;2
mitre;37029;114908.998992;168.716846;1;76;0;76
mkc;37029;-298.990000;-0.000000;3;29;0;29
mkc1;37029;-550.278772;6.529051;3;30;0;30
mod010;37029;6532.083333;15.166667;1;14;0;14
modglob;37029;20786787.016883;-0.000000;2;1;0;1
moj-mining;37029;-1520532907.350179;566.626558;2;47161;0;47161
momentum1;37029;121860.460323;47.487111;2;136;0;136
momentum2;37029;12884.172158;84.534262;3;591;2;593
mrcpspj30-15-5i;37029;23.000000;77.119901;2;55;0;55
mrcpspj30-17-10i;37029;25.000000;225.155906;34;133;13;146
mrcpspj30-53-3i;37029;30.000000;87.673073;2;76;0;76
msc98-ip;37029;19530897.712302;353.788784;2;733;1;734
mspp16;37029;341.000000;3.000000;1;24608;144;24752
mspsphard01i;37029;69.000000;44.768654;3;54;1;55
mspsphard03i;37029;73.000000;89.470874;5;97;2;99
mtest4ma;37029;60342.000000;0.000000;2;2;0;2
mushroom-best;37029;0.079076;0.007000;3;285;3;288
mzzv11;37029;-22076.000000;186.202623;2;281;1;282
mzzv42z;37029;-20490.000000;179.192264;2;281;1;282
n13-3;37029;4810470.000000;0.000000;2;2;0;2
n15-3;37029;71710891.000000;0.000000;2;4656;0;4656
n2seq36f;37029;71600.000000;-0.000000;3;34;0;34
n2seq36q;37029;101037.600000;28.840000;3;143;3;146
n3-3;37029;23704230.000000;0.000000;2;133;0;133
n3700;37029;1342560.000000;0.000000;2;22;0;22
n3705;37029;1342540.000000;0.000000;2;26;0;26
n3707;37029;1301218.000000;0.000000;2;27;0;27
n3709;37029;1324904.000000;-0.000000;2;24;0;24
n370a;37029;1353042.000000;-0.000000;2;29;0;29
n370b;37029;1373791.000000;-0.000000;2;27;0;27
n3div36;37029;314000.000000;6.227888;3;127;4;131
n3seq24;37029;198664.580534;43.960251;3;2279;48;2327
n4-3;37029;12003175.000000;-0.000000;2;62;0;62
n5-3;37029;10502425.000000;-0.000000;2;14;0;14
n6-3;37029;10807500.000000;0.000000;2;42;0;42
n7-3;37029;8409710.000000;0.000000;2;39;0;39
n9-3;37029;20705025.000000;-0.000000;2;127;0;127
nag;37029;465.000000;10.908434;4;46;0;46
neos-1061020;37029;-145860.370608;501.054054;1;788;0;788
neos-1067731;37029;669053.000000;87.000000;1;661;0;661
neos-1109824;37029;278.000000;22.000000;1;55;0;55
neos-1112782;37029;22000000110147.347656;0.000000;2;25;0;25
neos-1112787;37029;19500000125389.667969;0.000000;2;24;0;24
neos-1122047;37029;162.000000;0.000000;2;119;0;119
neos-1171448;37029;-309.000000;5.777778;2;123;0;123
neos-1171692;37029;-273.000000;4.936782;2;41;0;41
neos-1171737;37029;-195.000000;9.875000;2;49;0;49
neos-1225589;37029;5000000000.000000;-0.000000;2;1;0;1
neos-1311124;37029;-182.000000;5.250000;2;3;0;3
neos-1324574;37029;36.000000;135.000000;2;33;0;33
neos-1330346;37029;34.000000;90.268408;2;56;0;56
neos-1337307;37029;-201272.000000;272.493985;2;52;0;52
neos-1354092;37029;46.000000;235.398385;2;1051;2;1053
neos-1367061;37029;31320456.264497;6.250000;2;1262;1;1263
neos-1396125;37029;3000.046554;10.228463;2;8;0;8
neos-1420546;37029;22124.400000;103.140678;1;378;0;378
neos-1420790;37029;2942.750002;75.132359;1;52;0;52
neos-1423785;37029;-1773.639422;144.183541;2;320;0;320
neos-1425699;37029;3175561447.505317;0.344988;1;0;0;0
neos-1426635;37029;-178.000000;6.235119;2;2;0;2
neos-1426662;37029;-52.000000;24.768519;2;4;0;4
neos-1429212;37029;2425.386455;328.355033;1;4723;9;4732
neos-1430701;37029;-78.000000;5.278895;2;2;0;2
neos-1436709;37029;-129.000000;5.000000;2;4;0;4
neos-1440225;37029;36.000000;34.173132;1;64;0;64
neos-1440460;37029;-180.000000;5.527778;2;2;0;2
neos-1442119;37029;-182.000000;7.291667;2;4;0;4
neos-1442657;37029;-156.000000;6.083333;2;3;0;3
neos-1445532;37029;-14382.000000;4.666667;2;26;0;26
neos-1445738;37029;-18525.765543;192.856918;1;1117;0;1117
neos-1445743;37029;-18902.810023;198.050465;1;1146;0;1146
neos-1445765;37029;-18811.492536;210.050240;1;1103;0;1103
neos-1456979;37029;154.000000;27.901173;1;42;0;42
neos-1516309;37029;34769.833333;9.166667;2;29;0;29
neos-1582420;37029;88.469527;56.693409;5;38;0;38
neos-1593097;37029;19581.000000;35.532718;1;41;0;41
neos-1599274;37029;31644.742857;8.000000;2;32;0;32
neos-1601936;37029;1.000000;152.757983;1;889;0;889
neos-1603965;37029;619257281.729079;159.275183;3;2219;1;2220
neos-1605061;37029;6.150735;154.102548;1;2364;0;2364
neos-1605075;37029;3.214461;178.628105;1;1871;0;1871
neos-1616732;37029;174.000000;-0.000000;3;57;0;57
neos-1620770;37029;22.000000;35.000000;2;187;0;187
neos-2294525-abba;37029;251.550909;2.782932;1;88;0;88
neos-2328163-agri;37029;27254.625000;62.348214;1;112;0;112
neos-2624317-amur;37029;0.000000;22.711257;1;2;0;2
neos-2629914-sudost;37029;39622.000000;15.333333;1;200;0;200
neos-2652786-brda;37029;0.000000;15.533521;2;1;0;1
neos-2657525-crna;37029;0.000000;18.351928;2;1;0;1
neos-2669500-cust;37029;2221.900000;100.250838;1;442;4;446
neos-2746589-doon;37029;1985.939796;54.551734;1;209;2;211
neos-2974461-ibar;37029;472952396.770997;3364.000000;2;175778;31;175809
neos-2978193-inde;37029;-2.418518;7.400000;1;53;0;53
neos-2978205-isar;37029;-12.415307;28.800000;1;197;0;197
neos-2987202-jeir;37029;-1847551552.236609;1035.632796;2;63175;1;63176
neos-2987310-joes;37029;-610797465.676975;19.875000;2;854;0;854
neos-2991472-kalu;37029;138.000000;18.557396;2;3190;92;3282
neos-3004026-krka;37029;0.000000;832.000000;1;46;0;46
neos-3009394-lami;37029;0.642857;216.628571;1;3;0;3
neos-3024952-loue;37029;25442.000000;116.550000;5;230;0;230
neos-3025225-shelon;37029;0.077135;318.031391;1;85936;20;85956
neos-3046601-motu;37029;185.000000;0.023300;2;0;0;0
neos-3046615-murg;37029;192.000000;0.024900;2;0;0;0
neos-3048764-nadi;37029;-3883988306.366695;0.000000;1;41;0;41
neos-3065804-namu;37029;0.000000;0.000000;1;217;0;217
neos-3068746-nene;37029;77427529.530929;51.698455;2;149;0;149
neos-3072252-nete;37029;10593526.000000;1.938794;2;1;0;1
neos-3075395-nile;37029;1127152.765198;9.064729;1;71;0;71
neos-3083784-nive;37029;0.000000;0.395487;1;6;0;6
neos-3083819-nubu;37029;6290575.552807;5.598385;1;34;0;34
neos-3116779-oban;37029;0.000000;0.000000;1;23;0;23
neos-3118745-obra;37029;291.000000;-0.000000;3;4;0;4
neos-3148108-pahi;37029;0.000000;0.000000;1;62;0;62
neos-3209462-rhin;37029;0.000000;47.352227;2;4499;1;4500
neos-3209519-ruhr;37029;332.850000;25.096416;1;46;0;46
neos-3214367-sovi;37029;87807.062267;86.266322;1;1789;0;1789
neos-3216931-puriri;37029;58817.360975;51.659853;1;779;0;779
neos-3226448-wkra;37029;0.000000;512.043709;1;796;0;796
neos-3237086-abava;37029;0.000000;56.000000;1;235;2;237
neos-3322547-alsek;37029;616.000000;115.178534;2;10423;69;10492
neos-3352863-ancoa;37029;43800.000000;-0.000000;3;632;11;643
neos-3354841-apure;37029;48560.000000;3.800000;1;2028;23;2051
neos-3355120-tarago;37029;-19761147.469026;128.754971;1;793;1;794
neos-3355323-arnon;37029;0.000000;33.818182;4;67;3;70
neos-3372571-onahau;37029;0.576990;8.695953;2;1034;0;1034
neos-3373491-avoca;37029;21687686014.015354;20.812587;1;8;0;8
neos-3381206-awhea;37029;432.000000;61.334767;2;4;0;4
neos-3402294-bobin;37029;0.000000;50.584407;1;219;1;220
neos-3426085-ticino;37029;235.000000;41.787470;3;30;0;30
neos-3426132-dieze;37029;427.000000;103.670666;2;49;0;49
neos-3437289-erdre;37029;0.000000;0.000000;1;67;0;67
neos-3530903-gauja;37029;170.000000;33.253136;3;4;0;4
neos-3530905-gaula;37029;153.000000;29.042208;2;3;0;3
neos-3555904-turama;37029;-37.664423;1768.886014;4;5749;6;5755
neos-3572885-glina;37029;0.000000;0.000000;1;82;1;83
neos-3581454-haast;37029;1969.000000;47.338710;1;75;0;75
neos-3592146-hawea;37029;7345804.855333;13.281253;1;43;0;43
neos-3594536-henty;37029;383310.000000;1311.000000;1;70;1;71
neos-3603137-hoteo;37029;0.000000;38.166667;3;42;1;43
neos-3610040-iskar;37029;37.165417;2.262083;2;2;0;2
neos-3610051-istra;37029;48.227558;5.054237;2;4;0;4
neos-3610173-itata;37029;147.441250;3.692500;2;3;0;3
neos-3611447-jijia;37029;116.645382;2.294795;2;2;0;2
neos-3611689-kaihu;37029;138.382063;1.574126;2;2;0;2
neos-3615091-sutlej;37029;-1506391.117177;161.684320;1;1721;9;1730
neos-3627168-kasai;37029;1028641.180000;2.678667;2;3;0;3
neos-3634244-kauru;37029;0.000000;152.720000;1;3642;3;3645
neos-3636886-kereu;37029;1114.701601;0.001506;2;78;1;79
neos-3660371-kurow;37029;286.534383;18.104379;1;19;0;19
neos-3661949-lesse;37029;689000000.000000;0.000000;1;3;0;3
neos-3665875-lesum;37029;248.325000;40.526828;2;82;0;82
neos-3682128-sandon;37029;30098104.111687;108.126984;2;84;0;84
neos-3691541-lonja;37029;-0.061575;9.639780;1;54;0;54
neos-3695882-vesdre;37029;-145935.214286;38.967891;1;271;1;272
neos-3696678-lyvia;37029;83.750000;63.000000;1;5;0;5
neos-3699377-maori;37029;135877.224265;84.275975;2;96;0;96
neos-3703351-marne;37029;317056.210386;73.309688;2;58;0;58
neos-3740487-motru;37029;152.145486;76.975427;2;38997;64;39061
neos-3754480-nidda;37029;-1216923.270104;12.186832;1;3;0;3
neos-3755335-nizao;37029;50.030157;82.516978;2;530;1;531
neos-3759587-noosa;37029;48.334468;4.320000;3;325;1;326
neos-3761878-oglio;37029;422769.022545;68.617519;2;45;0;45
neos-3762025-ognon;37029;603955.746492;51.755251;2;35;0;35
neos-4165869-wannon;37029;285.150608;103.410202;2;547;1;548
neos-4230265-orari;37029;38515515.684909;56.957317;3;2658;1;2659
neos-4260495-otere;37029;3462.928116;161.718352;3;507;9;516
neos-4264598-oueme;37029;4719412304.625630;65.571331;2;1936;0;1936
neos-4285819-pedja;37029;34.451960;101.159938;2;292173;61;292234
neos-4290317-perth;37029;3613303.634755;0.000000;2;1690;0;1690
neos-4295773-pissa;37029;0.000000;1644.289474;1;5311;4;5315
neos-4300652-rahue;37029;0.000000;32.333333;1;751;1;752
neos-4306827-ravan;37029;-26673.307580;191.390311;2;327;4;331
neos-4321076-ruwer;37029;1880.558333;39.333333;1;19407;1;19408
neos-4322846-ryton;37029;0.419848;27.932085;1;631;6;637
neos-4332801-seret;37029;233683.594384;171.178174;3;293;7;300
neos-4332810-sesia;37029;-23062.998566;161.274117;3;267;6;273
neos-4333464-siret;37029;24.688318;0.121324;2;9;0;9
neos-4333596-skien;37029;-14653654.846569;0.746303;1;3;0;3
neos-4335793-snake;37029;0.123684;141.753072;2;1256;1;1257
neos-4338804-snowy;37029;1447.000000;17.873600;3;4;0;4
neos-4343293-stony;37029;52.758728;0.200000;2;59;0;59
neos-4355351-swalm;37029;33.854869;0.094819;2;157;3;160
neos-4358725-tagus;37029;1889548.577948;203.435939;2;668;0;668
neos-4359986-taipa;37029;0.395578;39.118149;1;1081;1;1082
neos-4360552-sangro;37029;-29.500000;572.303976;1;8537;1;8538
neos-4387871-tavua;37029;36.445048;0.200000;2;41;0;41
neos-4391920-timok;37029;0.000378;34.957374;1;6295;5;6300
neos-4393408-tinui;37029;340.267489;0.200000;2;43;0;43
neos-4408804-prosna;37029;914.483516;71.708791;1;3237;1;3238
neos-4409277-trave;37029;0.000000;350.162065;1;1803;1;1804
neos-4413714-turia;37029;43.474651;369.948540;1;1963;10;1973
neos-4532248-waihi;37029;0.370420;32.577719;1;4412;5;4417
neos-4533806-waima;37029;3063.318841;49.500000;1;984;5;989
neos-4545615-waita;37029;3606.594190;54.131913;1;19061;42;19103
neos-4555749-wards;37029;3026.812121;34.958139;1;949;5;954
neos-4562542-watut;37029;3743.304348;42.464103;1;2965;8;2973
neos-4647027-thurso;37029;26911.641616;130.575703;1;2416;0;2416
neos-4647030-tutaki;37029;26911.641616;131.360812;1;2765;0;2765
neos-4647032-veleka;37029;26587.908699;174.943874;1;3680;0;3680
neos-4650160-yukon;37029;-22633.302692;150.257047;1;5;0;5
neos-4722843-widden;37029;63671.455263;748.515195;3;341;7;348
neos-4724674-aorere;37029;3955.706101;88.928956;3;362;6;368
neos-4736745-arroux;37029;262263446.114579;4.100609;2;38;0;38
neos-4738912-atrato;37029;323678468.688703;3.843750;2;28;0;28
neos-4754521-awarau;37029;0.000000;0.000000;1;1110;6;1116
neos-4760493-puerua;37029;1908.243695;237.071976;1;32755;2;32757
neos-476283;37029;406.244708;13.663873;1;5657;0;5657
neos-4763324-toguru;37029;1120.986062;232.945926;1;32984;3;32987
neos-4797081-pakoka;37029;0.000000;995.738455;1;6271;2;6273
neos-4805882-barwon;37029;22058.983698;108.041076;3;190;1;191
neos-480878;37029;515.138796;4.583278;2;17;0;17
neos-4954274-beardy;37029;18659.208282;287.749893;2;937;2;939
neos-4954672-berkel;37029;3491016.775148;2.808176;2;2;0;2
neos-4966258-blicks;37029;366.090909;32.634154;2;1189;1;1190
neos-4971100-bodrog;37029;0.000000;0.000000;1;48;0;48
neos-4972437-bojana;37029;357.086296;28.807479;2;9379;2;9381
neos-4972461-bolong;37029;466.511858;36.737112;2;5853;2;5855
neos-4976951-bunnoo;37029;377.416466;26.273303;2;4851;2;4853
neos-4984115-canche;37029;-9947088.084138;0.363560;1;11;0;11
neos-498623;37029;16.283333;44.828704;1;89;0;89
neos-5013590-toitoi;37029;1064.447092;169.000000;1;13267;1;13268
neos-5018451-chiese;37029;-148612315.605332;10.652915;1;1538;0;1538
neos-503737;37029;50.000000;47.918146;1;35;0;35
neos-5041822-cockle;37029;5701464.927099;174.422554;3;928;3;931
neos-5044663-wairoa;37029;4653100.000000;565.703885;1;15918;1;15919
neos-5045105-creuse;37029;19.066672;17.344408;1;62;0;62
neos-5049753-cuanza;37029;464.000000;46.400000;1;1895;1;1896
neos-5051588-culgoa;37029;128.750000;30.632366;1;107;0;107
neos-5052403-cygnet;37029;214.868916;84.825356;6;37640;122;37762
neos-506422;37029;0.000000;7.000000;1;129;0;129
neos-506428;37029;145945.000000;96.000000;1;1062;3;1065
neos-5075914-elvire;37029;326.576324;56.255415;2;49;0;49
neos-5076235-embley;37029;1930.000000;0.112088;2;479;0;479
neos-5078479-escaut;37029;7438.416728;38.551929;2;111;0;111
neos-5079731-flyers;37029;2004.000000;1.153846;2;482;0;482
neos-5083528-gimone;37029;0.000000;17.250000;1;235;3;238
neos-5093327-huahum;37029;3934.000000;1.858333;2;498;0;498
neos-5100895-inster;37029;2084.000000;3.428571;2;317;0;317
neos-5102383-irwell;37029;1740.000000;2.593407;2;508;0;508
neos-5104907-jarama;37029;648.590198;45.615037;2;7482;2;7484
neos-5106984-jizera;37029;721.000000;2.214286;2;2797;4;2801
neos-5107597-kakapo;37029;0.000000;0.591250;2;37;0;37
neos-5108386-kalang;37029;621.655661;44.513210;2;17926;4;17930
neos-5114902-kasavu;37029;518.000000;88.000000;2;7692;9;7701
neos-5115478-kaveri;37029;0.000000;0.529375;2;33;0;33
neos-5116085-kenana;37029;452.000000;75.333333;1;5355;3;5358
neos-5118834-korana;37029;583.521384;86.843852;2;12549;4;12553
neos-5118851-kowhai;37029;1134.000000;4.250000;2;3593;5;3598
neos-5123665-limmat;37029;654.150497;45.837225;2;19703;6;19709
neos-5125849-lopori;37029;0.000000;5.984639;1;36;0;36
neos-5129192-manaia;37029;0.000000;10.000000;1;2969;11;2980
neos-5138690-middle;37029;609.154239;78.962029;2;23729;5;23734
neos-5140963-mincio;37029;8877.000000;2.142857;1;1;0;1
neos-5149806-wieprz;37029;45.000000;8.083000;4;402;12;414
neos-5151569-mologa;37029;686060547.750363;27.742842;2;2807;2;2809
neos-5178119-nalagi;37029;8.569859;23.987927;2;95;0;95
neos-5182409-nasivi;37029;0.000000;19.680679;1;7;0;7
neos-5188808-nattai;37029;0.000000;12.794689;1;367;0;367
neos-5189128-totara;37029;330131.390743;21.863581;1;933;2;935
neos-5192052-neckar;37029;-11980000.000000;0.400000;2;0;0;0
neos-5193246-nerang;37029;0.000000;407.058098;1;351;0;351
neos-5195221-niemur;37029;0.000000;340.047019;1;278;0;278
neos-5196530-nuhaka;37029;0.000000;437.613062;1;235;0;235
neos-520729;37029;-1389625.000000;9.185238;1;459;0;459
neos-5221106-oparau;37029;0.000000;33.949758;1;567;1;568
neos-525149;37029;60.000000;40.416667;1;34;0;34
neos-5260764-orauea;37029;58748.022532;8.725559;1;71;0;71
neos-5261882-treska;37029;26047.998000;6.157765;1;6;0;6
neos-5266653-tugela;37029;21659.678723;20.155553;1;130;1;131
neos-555001;37029;962625.000000;32.414286;1;7;0;7
neos-555343;37029;1346700.000000;157.193056;4;14;1;15
neos-555424;37029;1286800.000000;144.027778;1;33;0;33
neos-555884;37029;1112400.000000;165.150000;1;32;0;32
neos-565672;37029;55015.268433;57.351362;4;14343;19;14362
neos-574665;37029;5932913.752734;8.390264;3;4;0;4
neos-578379;37029;0.000000;99.503183;1;1715;1;1716
neos-585192;37029;384.328979;0.433130;2;13;0;13
neos-585467;37029;347.224531;0.316538;2;8;0;8
neos-595904;37029;61213.471080;16.893904;2;73;0;73
neos-619167;37029;1.481241;35.984608;1;142;0;142
neos-631517;37029;6739789.880207;54.765396;2;9;0;9
neos-631710;37029;286.000000;225.464535;2;930;17;947
neos-633273;37029;6996841097.997801;0.000000;1;146;0;146
neos-662469;37029;184342.980720;94.063832;1;473;1;474
neos-686190;37029;5134.813830;17.515957;1;107;0;107
neos-691058;37029;263.400000;89.722030;1;148;0;148
neos-693347;37029;234.000000;78.650471;1;705;0;705
neos-738098;37029;-1099.000000;183.414545;1;248;0;248
neos-777800;37029;-80.000000;75.998740;1;52;0;52
neos-780889;37029;3421500.000000;0.000000;1;345;5;350
neos-787933;37029;30.000000;0.000000;1;1;0;1
neos-799711;37029;-11228065.153797;82.404201;1;781;0;781
neos-799716;37029;4932670.661692;20.807498;1;52;0;52
neos-807639;37029;332.924117;12.512286;1;8;0;8
neos-820879;37029;24874.267857;63.030000;1;74;0;74
neos-824661;37029;55.000000;94.965217;2;242;1;243
neos-824695;37029;43.000000;61.571429;2;91;0;91
neos-826224;37029;124.000000;43.333333;2;195;2;197
neos-826650;37029;32.000000;154.916667;2;39;0;39
neos-826694;37029;72.000000;221.851190;2;128;1;129
neos-826812;37029;69.011000;175.561360;3;125;1;126
neos-826841;37029;32.008200;127.466667;2;37;0;37
neos-827015;37029;2.098071;332.649497;1;1634;3;1637
neos-827175;37029;115.001520;111.833333;2;153;2;155
neos-829552;37029;2.098071;248.920991;1;1657;1;1658
neos-831188;37029;1.767720;87.466667;1;54;0;54
neos-847302;37029;0.000000;50.238405;1;49;0;49
neos-848198;37029;168977.000000;-0.000000;2;159;0;159
neos-848589;37029;0.000000;1.000000;1;1137;1;1138
neos-849702;37029;0.000000;84.820647;1;19;0;19
neos-850681;37029;2087.000000;59.090597;1;107;0;107
neos-860300;37029;2035.362225;9.000000;1;42;0;42
neos-872648;37029;52.571637;0.000000;2;1013;7;1020
neos-873061;37029;135.208828;0.000000;2;1298;8;1306
neos-876808;37029;169615.062608;275.400000;2;2820;2;2822
neos-885086;37029;-243.000000;18.235808;2;199;0;199
neos-885524;37029;12397.479000;5.525486;3;72;2;74
neos-911880;37029;23.260000;14.681422;1;2;0;2
neos-911970;37029;23.260000;20.048919;1;2;0;2
neos-913984;37029;1000.000000;36.385148;1;167;3;170
neos-914441;37029;5660364.283770;87.286515;1;2194;0;2194
neos-916792;37029;26.283217;17.068306;2;127;0;127
neos-932721;37029;513000.000000;-0.000000;2;56;0;56
neos-932816;37029;513000.000000;0.000000;2;132;1;133
neos-933562;37029;0.000000;82.687196;1;30;0;30
neos-933638;37029;452018.000000;-0.000000;2;146;1;147
neos-933966;37029;412038.000000;-0.000000;2;125;1;126
neos-934278;37029;444012.000000;0.000000;2;295;1;296
neos-935234;37029;436011.000000;0.000000;2;290;1;291
neos-935627;37029;23070.000000;0.000000;2;326;1;327
neos-935769;37029;23610.000000;-0.000000;2;331;1;332
neos-937511;37029;52640.000000;-0.000000;2;409;1;410
neos-937815;37029;54650.000000;0.000000;2;457;1;458
neos-941262;37029;51923.000000;-0.000000;2;330;1;331
neos-941313;37029;9361.000000;252.116021;1;488;5;493
neos-942830;37029;12.000000;62.559527;2;29;0;29
neos-948126;37029;52602.000000;-0.000000;2;359;1;360
neos-948346;37029;-182.737034;18.375561;16;463;56;519
neos-950242;37029;2.000000;42.000000;2;104;1;105
neos-953928;37029;-8.906667;12.942467;4;165;5;170
neos-954925;37029;-147.787389;45.557191;4;381;15;396
neos-956971;37029;-104.788318;34.217227;5;504;19;523
neos-957143;37029;-185.847699;34.060881;5;534;16;550
neos-957323;37029;-218.785116;18.500000;3;276;10;286
neos-957389;37029;1.500000;15.470175;1;73;1;74
neos-960392;37029;-238.000000;301.558442;1;281;3;284
neos-983171;37029;52403.000000;0.000000;2;442;1;443
neos-984165;37029;51812.000000;0.000000;2;414;1;415
neos13;37029;-126.178378;42.587671;3;185;0;185
neos15;37029;143201.242910;0.000000;2;1;0;1
neos16;37029;429.000000;12.571429;3;4;0;4
neos17;37029;0.222688;0.000000;2;7;0;7
neos18;37029;12.000000;42.166667;6;80;0;80
neos2;37029;-4407.097239;5.158588;1;5;0;5
neos22;37029;792540.000000;11.064286;2;37;0;37
neos5;37029;17.250000;0.000000;2;1;0;1
neos6;37029;114.038055;32.275044;6;278;8;286
neos8;37029;-3309.500000;20.750000;3;32;0;32
neos808444;37029;0.000000;193.039827;1;256;1;257
neos9;37029;780.000000;44.250000;1;338;0;338
net12;37029;47.514236;175.164931;3;1067;1;1068
netdiversion;37029;454.800000;765.000000;2;7479;11;7490
newdano;37029;11.724138;8.447296;1;2;0;2
nexp-150-20-1-5;37029;74.000000;-0.000000;3;36;0;36
nexp-150-20-8-5;37029;560.000000;-0.000000;3;84;2;86
nexp-50-20-1-1;37029;35.000000;-0.000000;2;1;0;1
nexp-50-20-4-2;37029;120.000000;0.000000;2;2;0;2
nh97_potential;37029;1462.000000;73.200000;2;6;0;6
nh97_tension;37029;1429.000000;76.466667;2;2;0;2
nj1;37029;0.000000;607.000000;1;470;1;471
nj2;37029;0.000000;607.000000;1;659;1;660
nj3;37029;0.000000;607.000000;1;1741;1;1742
nobel-eu-DBE;37029;7456550.000000;0.800000;2;97;0;97
noswot;37029;-39.920111;4.557455;3;1;0;1
ns1111636;37029;96.250000;17.588542;1;244;1;245
ns1116954;37029;0.000000;154.227320;1;655;1;656
ns1208400;37029;0.000000;98.625000;1;33;0;33
ns1430538;37029;73.621609;10.760231;1;398;0;398
ns1456591;37029;361.939022;19.000000;1;115;0;115
ns1606230;37029;13.225000;184.269160;1;1747;0;1747
ns1631475;37029;94800.000000;643.196596;2;1232;2;1234
ns1679495;37029;3355407.151677;106.229642;2;46758;13;46771
ns1685374;37029;-51.800913;96.218654;1;2636;1;2637
ns1688347;37029;2.259259;26.784316;1;411;0;411
ns1690781;37029;-1022.227789;60.056795;2;112;0;112
ns1696083;37029;2.038462;48.811865;1;607;1;608
ns1758913;37029;-1473.311978;85.635340;1;9093;6;9099
ns1760995;37029;-1349.487943;142.000000;1;15508;7;15515
ns1778858;37029;-22635740.000000;227.465047;2;292;0;292
ns1828997;37029;0.000000;75.000000;1;1678;1;1679
ns1830653;37029;7083.000000;56.889599;1;90;0;90
ns1849932;37029;546.000000;5.425770;1;1036;5;1041
ns1853823;37029;1172000.000000;1345.731857;2;43130;23;43153
ns1854840;37029;1664000.000000;1124.615817;2;8662;15;8677
ns1856153;37029;0.000000;203.023072;2;207;1;208
ns1904248;37029;0.000000;476.666667;3;2462;7;2469
ns1905797;37029;11.750980;32.426504;1;214;1;215
ns1905800;37029;6.436600;26.487503;1;45;0;45
ns1952667;37029;0.000000;9.316422;1;179;1;180
ns2017839;37029;77026841466348.468750;1.620352;2;4710;0;4710
ns2034125;37029;24740.000000;387.512494;2;2733;0;2733
ns2071214;37029;0.000000;42.769522;1;89;0;89
ns2081729;37029;4.600000;0.185500;2;2;0;2
ns2122698;37029;62785.622771;196.156523;1;375;1;376
ns2124243;37029;53998.333333;192.722222;1;256;1;257
ns2137859;37029;24629.000000;56.954851;1;97;0;97
ns4-pr3;37029;711323.000000;0.000000;2;123;0;123
ns4-pr6;37029;395464.500000;0.000000;2;39;0;39
ns4-pr9;37029;481275.000000;0.000000;2;77;0;77
ns894236;37029;18.000000;109.321441;2;215;0;215
ns894244;37029;16.000000;173.406937;2;529;1;530
ns894786;37029;14.000000;98.226662;2;511;2;513
ns894788;37029;7.000000;55.133280;2;78;0;78
ns903616;37029;22.000000;171.407176;2;523;1;524
nsa;37029;91.855632;7.418401;2;8;0;8
nsr8k;37029;17500809.511815;639.895001;1;8785;2;8787
nsrand-ipx;37029;68640.000000;0.000000;3;49;1;50
nu120-pr12;37029;197775.000000;4.800000;2;37;0;37
nu120-pr3;37029;511253.750000;28.016727;2;102;0;102
nu120-pr9;37029;334880.000000;15.750000;2;73;0;73
nu25-pr12;37029;297882.500000;4.233333;2;40;0;40
nu4-pr9;37029;481275.000000;12.713333;2;72;0;72
nu60-pr9;37029;386150.000000;12.150000;2;69;0;69
nucorsav;37029;29.046100;79.993750;1;70179;145;70324
nursesched-medium-hint03;37029;33.468485;463.947617;1;1151;3;1154
nursesched-medium04;37029;452.000000;371.763072;2;789;6;795
nursesched-sprint-hidden09;37029;516.944444;178.989683;2;294;2;296
nursesched-sprint-late03;37029;34.254806;182.557279;1;323;1;324
nursesched-sprint02;37029;131.416667;138.065972;2;221;2;223
nw04;37029;16310.666667;2.000000;1;167;3;170
ofi;37029;6135598681.449045;1321.867570;196;3673;96;3769
ofi2;37029;6128453035.160096;1604.443623;184;6022;137;6159
oocsp-racks030e6cci;37029;0.000000;584.128665;15;162;10;172
opm2-z10-s2;37029;-21344.000000;-0.000000;5;7171;7;7178
opm2-z10-s4;37029;-20011.000000;-0.000000;5;7237;8;7245
opm2-z11-s8;37029;-24077.000000;0.000000;5;11751;9;11760
opm2-z12-s14;37029;-38546.000000;-0.000000;5;24047;11;24058
opm2-z12-s7;37029;-33919.000000;-0.000000;5;24322;12;24334
opm2-z12-s8;37029;-35083.000000;0.000000;6;28977;13;28990
opm2-z6-s1;37029;-2356.000000;-0.000000;3;259;0;259
opm2-z7-s2;37029;-7132.000000;-0.000000;4;523;1;524
opm2-z7-s8;37029;-6856.000000;-0.000000;4;665;1;666
opm2-z8-s0;37029;-8004.000000;0.000000;3;1356;2;1358
opt1217;37029;-20.021390;9.254902;1;2;0;2
osorio-cta;37029;0.000000;0.013388;1;51;0;51
p0201;37029;7155.000000;10.900000;1;1;0;1
p100x588b;37029;58977.000000;0.000000;2;1;0;1
p200x1188c;37029;15747.000000;0.000000;2;2;0;2
p2756;37029;2706.000000;24.070313;2;4;0;4
p500x2988;37029;72594.000000;0.000000;2;27;0;27
p500x2988c;37029;17212.000000;-0.000000;2;27;0;27
p500x2988d;37029;6.000000;-0.000000;2;29;0;29
p6b;37029;-53.000000;0.000000;3;49;0;49
p80x400b;37029;45896.000000;-0.000000;2;1;0;1
pb-fit2d;37029;-22363.768555;843.273209;1;6846;11;6857
pb-gfrd-pnc;37029;8321.694589;42.993642;1;107;0;107
pb-grow22;37029;-449654.852582;117.814534;1;410;1;411
pb-market-split8-70-4;37029;0.000000;1.843507;1;0;0;0
pb-simp-nonunif;37029;9.500000;316.333333;3;2383;7;2390
peg-solitaire-a3;37029;1.000000;282.122203;1;316;0;316
pg;37029;-11098.657382;17.215049;2;4;0;4
pg5_34;37029;-16012.248077;18.476238;2;5;0;5
physiciansched3-3;37029;2590923.193775;699.205074;3;16407;4;16411
physiciansched3-4;37029;1459495.744406;487.330856;3;17989;3;17992
physiciansched5-3;37029;20464.000000;300.675473;2;702;1;703
physiciansched6-1;37029;10067.500000;253.698611;3;708;2;710
physiciansched6-2;37029;47675.160783;435.646407;4;345;1;346
pigeon-08;37029;-8000.000000;4.485714;1;1;0;1
pigeon-10;37029;-10000.000000;8.022222;1;2;0;2
pigeon-11;37029;-11000.000000;9.020000;1;2;0;2
pigeon-12;37029;-12000.000000;10.018182;1;3;0;3
pigeon-13;37029;-13000.000000;11.016667;1;3;0;3
pigeon-16;37029;-16000.000000;34.984242;1;4;0;4
pigeon-19;37029;-19000.000000;17.011111;1;6;0;6
pigeon-20;37029;-20000.000000;26.250718;1;6;0;6
piperout-03;37029;69590.490975;247.390162;7;269;2;271
piperout-08;37029;99228.924471;290.586596;43;253;14;267
piperout-27;37029;7146.876623;511.484386;353;358;139;497
piperout-d20;37029;25601.416667;437.748324;2;819;2;821
piperout-d27;37029;7199.340391;682.880995;2;961;1;962
pk1;37029;0.000000;2.791536;1;0;0;0
polygonpack3-15;37029;-114051612.169520;44.756601;3;1070;6;1076
polygonpack4-10;37029;-93676953.470100;20.074246;3;400;2;402
polygonpack4-15;37029;-114052801.790860;41.993372;3;1147;6;1153
polygonpack4-7;37029;-75324958.874200;9.351513;3;182;1;183
polygonpack5-15;37029;-66029981.130960;32.055340;3;1169;5;1174
pp08a;37029;15000.000000;-0.000000;2;0;0;0
pp08aCUTS;37029;16630.402442;0.000000;2;2;0;2
probportfolio;37029;7.321966;24.067729;1;3;0;3
prod1;37029;-55.000000;3.767946;2;2;0;2
prod2;37029;-59.000000;4.566580;2;4;0;4
proteindesign121hz512p19;37029;3197.772133;54.952462;1;5337;61;5398
proteindesign121hz512p9;37029;1423.904449;59.959446;1;232;4;236
proteindesign121pgb11p9;37029;1173.710433;48.788284;1;181;4;185
proteindesign122trx11p8;37029;1720.461105;46.139777;1;207;4;211
protfold;37029;0.000000;35.000000;2;23;0;23
pw-myciel4;37029;4.000000;91.886923;4;7;0;7
pythago7824;37029;0.000000;580.777778;6;972;3;975
pythago7825;37029;0.000000;586.777778;8;922;3;925
qap10;37029;332.566228;55.000000;1;396;0;396
qiu;37029;1805.177158;0.000000;2;6;0;6
qnet1;37029;89045.940000;7.221868;2;19;0;19
qnet1_o;37029;93221.720000;0.000000;2;5;0;5
queens-30;37029;-30.000000;0.000000;3;217;1;218
r4l4-02-tree-bounds-50;37029;512370030.000000;648.050000;3;47;0;47
r50x360;37029;2016.000000;-0.000000;2;1;0;1
r80x800;37029;5520.000000;-0.000000;2;2;0;2
radiationm18-12-05;37029;17561.353680;194.350613;2;56;0;56
radiationm40-10-02;37029;155317.684921;720.535635;2;282;2;284
rail01;37029;-90.767086;1608.458333;1;14237;4;14241
rail02;37029;-206.092110;2192.100000;1;118478;10;118488
rail03;37029;-919.222126;7600.659028;1;178269;28;178297
rail507;37029;207.000000;-0.000000;3;226;4;230
railway_8_1_0;37029;397.000000;48.637052;3;5;0;5
ramos3;37029;440.000000;-0.000000;3;1398;0;1398
ran12x21;37029;4080.000000;0.000000;2;0;0;0
ran13x13;37029;3521.000000;0.000000;2;0;0;0
ran14x18-disj-8;37029;12170.996653;0.000000;2;17;0;17
ran14x18;37029;4265.000000;0.000000;2;0;0;0
ran16x16;37029;4333.000000;0.000000;2;0;0;0
rd-rplusc-21;37029;100.000000;2.533849;1;315;0;315
reblock115;37029;-37981832.798944;238.100873;1;284;0;284
reblock166;37029;-640892721.079106;86.859092;6;343;0;343
reblock354;37029;-39586262.751951;411.245436;1;915;0;915
reblock420;37029;-558825455.521724;213.947318;7;1667;3;1670
reblock67;37029;-36575497.117631;131.415935;1;40;0;40
rfds-4-days;37029;-1158940.978167;66.375000;1;16926;10;16936
rlp1;37029;13.244444;9.961905;1;1;0;1
rmatr100-p10;37029;360.593308;9.692735;1;256;0;256
rmatr100-p5;37029;762.040054;5.000000;1;428;0;428
rmatr200-p10;37029;1550.620783;10.000000;1;12394;0;12394
rmatr200-p20;37029;688.357943;19.982266;1;3492;0;3492
rmatr200-p5;37029;3283.653831;5.000000;1;12222;0;12222
rmine10;37029;-1926.863820;886.708002;1;3214;1;3215
rmine11;37029;-2522.047107;1304.350285;1;8359;1;8360
rmine13;37029;-3504.619914;1108.274293;2;24042;5;24047
rmine14;37029;-4310.694704;2228.265999;1;108408;4;108412
rmine15;37029;-5042.482963;4267.046917;1;219333;5;219338
rmine6;37029;-462.305727;106.725097;1;123;0;123
rocI-3-11;37029;-110705.000000;60.123309;41;11;1;12
rocI-4-11;37029;-11110705.000000;62.940609;17;36;1;37
rocII-10-11;37029;-11.946851;218.008590;1;878;1;879
rocII-4-11;37029;-11.867128;49.198977;2;52;0;52
rocII-5-11;37029;-11.893702;59.199453;2;70;0;70
rocII-7-11;37029;-11.924073;123.003930;1;190;0;190
rocII-8-11;37029;-11.933564;163.387203;1;255;0;255
rocII-9-11;37029;-11.940946;185.545672;1;641;0;641
rococoB10-011000;37029;51207.000000;10.950589;5;119;0;119
rococoC10-001000;37029;23730.000000;0.000000;6;22;0;22
rococoC11-010100;37029;143170.000000;22.416868;2;145;1;146
rococoC11-011100;37029;139407.000000;14.937663;2;116;0;116
rococoC12-010001;37029;117774.000000;9.895179;2;212;1;213
rococoC12-111000;37029;27337.357381;31.147270;1;276;0;276
roi2alpha3n4;37029;-78.888089;8.000000;2;643;9;652
roi5alpha10n8;37029;-84.342241;16.000000;2;1993;25;2018
roll3000;37029;11939.645814;52.881579;2;24;0;24
rout;37029;981.864286;10.233819;1;2;0;2
rpp22falsei;37029;0.000000;104.907502;4;72;1;73
rvb-sub;37029;11.206514;4.857143;1;822;6;828
s100;37029;-0.170525;50.899744;1;20256;16;20272
s1234;37029;0.361925;1.572046;4;2313;1;2314
s250r10;37029;-0.166732;98.897856;2;8671;24;8695
s55;37029;-22.151773;60.323192;1;1470;3;1473
satellites1-25;37029;-20.000000;116.648535;1;626;0;626
satellites2-25;37029;-29.000000;481.917605;1;32985;2;32987
satellites2-40;37029;-29.000000;388.670807;1;29401;2;29403
satellites2-60-fs;37029;-23.852708;435.801124;2;4416;2;4418
satellites2-60;37029;-29.000000;388.670807;1;30723;2;30725
satellites3-25;37029;-38.000000;665.662922;1;241330;5;241335
satellites3-40-fs;37029;-32.672442;842.911524;2;26684;6;26690
satellites3-40;37029;-38.000000;772.480914;1;287892;6;287898
savsched1;37029;12648.995000;-0.000000;3;62542;46;62588
scpj4scip;37029;183.000000;-0.000000;3;1297;23;1320
scpk4;37029;389.000000;0.000000;3;2740;23;2763
scpl4;37029;360.000000;-0.000000;3;4795;43;4838
scpm1;37029;774.000000;0.000000;3;45060;139;45199
scpn2;37029;741.000000;0.000000;3;70680;249;70929
sct1;37029;-186.838854;85.284884;2;964;1;965
sct2;37029;-37.690825;16.582400;2;57;0;57
sct31;37029;177.033470;23.501154;2;229;0;229
sct32;37029;51.266438;45.043874;2;532;1;533
sct5;37029;-227.069807;28.088069;2;473;2;475
seqsolve1;37029;4770.293168;265.188388;24;5729;136;5865
seqsolve2short4288;37029;20.396875;318.804378;4;6820;23;6843
seqsolve3short4288excess384;37029;-43472.799518;407.473201;8;10629;48;10677
set1ch;37029;107691.500000;-0.000000;2;1;0;1
set3-09;37029;1263.077974;13.704533;2;10;0;10
set3-10;37029;788.890655;13.953500;2;9;0;9
set3-15;37029;8364.040745;17.365117;2;15;0;15
set3-16;37029;9916.808562;19.040932;2;14;0;14
set3-20;37029;10347.381087;16.724301;2;11;0;11
seymour-disj-10;37029;331.000001;-0.000000;4;1725;2;1727
seymour;37029;452.000000;0.000000;3;219;0;219
seymour1;37029;419.891318;-0.000000;3;202;0;202
shiftreg1-4;37029;131.656032;178.150000;1;33;0;33
shiftreg2-7;37029;206.733052;119.762169;1;77;0;77
shiftreg5-1;37029;520.839888;534.303103;1;349;0;349
shipsched;37029;-0.000000;8.077417;4;78;1;79
shipschedule3shipsi;37029;-265650.000000;386.462789;12;55;2;57
shipschedule6shipsmixi;37029;-301650.000000;714.731050;9;86;4;90
shipschedule8shipsmixuci;37029;-401100.000000;525.771813;11;87;5;92
shs1014;37029;22137.410363;320.475000;1;37243;28;37271
shs1042;37029;10404.662711;568.781970;1;35460;20;35480
siena1;37029;10163179.229002;146.859338;1;1545;2;1547
sing11;37029;18640171.224643;243.132649;1;7427;5;7432
sing161;37029;19071259.113926;685.480441;1;68042;25;68067
sing17;37029;35483848.876513;472.456436;1;26610;11;26621
sing2;37029;17150914.716940;256.737979;1;1917;1;1918
sing245;37029;25024015.754083;395.965975;1;12852;7;12859
sing326;37029;7717674.801189;172.968798;1;2801;2;2803
sing359;37029;22534478.962498;889.129081;1;86800;19;86819
sing44;37029;8102513.219400;139.469372;1;3110;2;3112
sing5;37029;18418516.013137;236.754039;1;2856;4;2860
snip10x10-35r1budget17;37029;30.000000;3.224794;2;1344;0;1344
snp-02-004-104;37029;567161691.779774;7.604965;5;5393;0;5393
snp-04-052-052;37029;746313354.490274;733.799382;6;4576;4;4580
snp-06-004-052;37029;1831976376.522612;31.156229;2;8572;0;8572
snp-10-004-052;37029;5961214167.823297;42.379535;6;20336;2;20338
snp-10-052-052;37029;6009206679.336597;1683.882989;6;22120;8;22128
sorrell3;37029;-13.000000;-0.000000;3;380;0;380
sorrell4;37029;-18.000000;-0.000000;3;1020;2;1022
sorrell7;37029;-141.000000;0.000000;3;14414;0;14414
sorrell8;37029;-269.000000;0.000000;3;191;0;191
sp150x300d;37029;71.000000;0.000000;2;1;0;1
sp97ar;37029;815120355.519999;2.342794;4;403;5;408
sp97ic;37029;578703486.755542;0.975543;3;331;5;336
sp98ar;37029;648426163.072905;1.440725;4;596;7;603
sp98ic;37029;605964163.117924;3.283712;5;348;6;354
sp98ir;37029;271833089.651983;6.757325;5;53;1;54
splice1k1;37029;-3.068619;1.426914;2;32525;19;32544
splice1k1i;37029;-1646.777979;134.969052;1;14424;3;14427
square23;37029;8.333333;12.444444;1;90;1;91
square31;37029;8.500000;13.750000;1;472;4;476
square37;37029;8.666667;15.000000;1;1406;10;1416
square41;37029;8.839612;15.068891;1;1941;14;1955
square47;37029;8.755814;15.976744;1;6149;28;6177
stoch-vrpvrp-s5v2c8vrp-v2c8i;37029;0.000000;90.492376;3;14;0;14
stockholm;37029;171.000000;0.000000;2;493;0;493
stp3d;37029;564.338735;444.504657;2;24585;14;24599
sts405;37029;357.000000;0.000000;2;576;2;578
sts729;37029;665.000000;0.000000;2;3559;5;3564
supportcase1;37029;20078.000000;0.020832;2;251;5;256
supportcase10;37029;3.383924;971.624635;2;9104;4;9108
supportcase11;37029;-14.281996;0.000000;1;3;0;3
supportcase12;37029;-7559.533054;69.133766;1;1732;0;1732
supportcase14;37029;272.000000;7.333333;1;1;0;1
supportcase16;37029;272.000000;7.333333;1;1;0;1
supportcase17;37029;0.000000;31.823189;2;6;0;6
supportcase18;37029;87.000000;9.141806;2;42;1;43
supportcase19;37029;12677206.000000;370.390975;1;26378;71;26449
supportcase2;37029;0.000000;4.750000;1;8871;54;8925
supportcase20;37029;108889.000000;0.000000;2;16;0;16
supportcase23;37029;-12952.000000;617.629502;1;1696;0;1696
supportcase25;37029;0.036932;11.225052;1;92;0;92
supportcase26;37029;1288.102161;0.009948;2;1;0;1
supportcase27i;37029;0.000000;88.605078;2;8;0;8
supportcase3;37029;0.000000;403.282880;3;214;0;214
supportcase30;37029;0.000000;102.857020;1;66;0;66
supportcase31;37029;79524.180000;4.000000;2;1906;58;1964
supportcase33;37029;-465.000000;27.827948;2;120;1;121
supportcase34;37029;72.664116;202.268052;1;522;1;523
supportcase35;37029;174371.000000;0.000000;2;93;0;93
supportcase37;37029;-5803.552159;23.221484;2;952;0;952
supportcase39;37029;-1062330.369524;22.808785;5;83;6;89
supportcase4;37029;0.000000;202.915359;3;154;0;154
supportcase40;37029;22536.483379;19.000000;1;220;0;220
supportcase41;37029;28.000000;52.930348;3;683;0;683
supportcase42;37029;7.343539;48.081295;1;1489;2;1491
supportcase43;37029;0.000000;48.147044;2;44715;3;44718
supportcase6;37029;45090.732163;29.123967;1;1513;7;1520
supportcase7;37029;-2396.218213;53.147310;2;1441;0;1441
swath;37029;334.496858;2.200000;1;39;0;39
swath1;37029;334.496858;0.600000;1;32;0;32
swath2;37029;334.496858;0.700000;1;31;0;31
swath3;37029;334.496858;0.800000;1;30;0;30
t1717;37029;134531.021428;79.098998;1;211;1;212
t1722;37029;98815.407611;52.399108;1;119;0;119
ta1-UUM;37029;3693674.556772;4.303412;1;5;0;5
ta2-UUE;37029;41427354.755773;0.680983;2;157;0;157
tanglegram1;37029;0.000000;46.000000;1;2;0;2
tanglegram2;37029;1.000000;26.500000;1;2;0;2
tanglegram4;37029;4.000000;71.000000;1;4;0;4
tanglegram6;37029;0.000000;33.500000;1;1;0;1
tbfp-bigm;37029;-178.153988;30.000000;1;139;0;139
tbfp-network;37029;23.261535;31.000000;1;798;3;801
Test3;37029;2671255.210245;12.061384;1;102;0;102
thor50dday;37029;203930.000000;0.000000;2;241;4;245
timtab1;37029;1219177.333333;17.766667;2;0;0;0
timtab1CUTS;37029;613590.095426;34.399586;2;3;0;3
timtab2;37029;1602354.333333;29.200000;2;1;0;1
tokyometro;37029;4757.557930;269.160152;3;63;0;63
toll-like;37029;28.000000;229.000000;1;31;0;31
tpl-tub-ss16;37029;8128588.328716;1889.575939;3;86099;149;86248
tpl-tub-ws1617;37029;10755112.807538;2191.381057;3;98706;187;98893
tr12-30;37029;188435.464884;3.580258;2;1;0;1
traininstance2;37029;0.000000;8.032762;2;40;0;40
traininstance6;37029;0.000000;3.486662;2;33;0;33
transportmoment;37029;-55084931301.156029;426.403696;2;180;0;180
trento1;37029;5182758.848056;78.562537;1;493;0;493
triptim1;37029;22.944100;1699.491642;3;7273;7;7280
triptim2;37029;11.877783;541.310145;3;11331;9;11340
triptim3;37029;14.144151;636.713323;3;11829;8;11837
triptim4;37029;9.521100;370.684028;3;10574;8;10582
triptim7;37029;3096.288157;499.722459;2;10611;5;10616
triptim8;37029;3074.310409;496.632366;2;12251;6;12257
tw-myciel4;37029;22.000000;73.880282;5;174;0;174
uc-case11;37029;611621.305979;118.843629;1;3034;0;3034
uc-case3;37029;7181.432113;95.258578;3;2137;1;2138
uccase10;37029;38995.965187;400.440843;1;2891;2;2893
uccase12;37029;11507.474829;29.321333;3;2188;3;2191
uccase7;37029;26527.823515;162.338874;1;3665;0;3665
uccase8;37029;11142.163196;63.982247;1;1455;0;1455
uccase9;37029;10819.582996;76.021210;1;909;0;909
uct-subprob;37029;242.000000;57.184617;1;55;0;55
umts;37029;43380098.519492;76.628947;2;17;0;17
unitcal_7;37029;19450489.742819;144.660904;6;792;1;793
usAbbrv-8-25_70;37029;95.000000;101.141743;3;7;0;7
usafa;37029;178.602081;3104.483345;2;45420;30;45450
v150d30-2hopcds;37029;52.000000;-0.000000;3;110;1;111
van;37029;3.717453;12.910186;1;7188;0;7188
var-smallemery-m6j6;37029;-156.056268;89.220998;2;968;4;972
vpm2;37029;15.721505;3.393512;2;0;0;0
vpphard;37029;0.000000;124.135354;1;101;1;102
vpphard2;37029;0.000000;230.844444;1;88;0;88
wachplan;37029;-9.000000;60.204074;1;9;0;9
wnq-n100-mw99-14;37029;224.318143;77.196581;2;123;0;123
xmas10-2;37029;-537.008669;157.129457;1;223;0;223
xmas10;37029;-537.008669;157.318400;1;191;0;191
z26;37029;-979.000000;0.000000;3;12518;8;12526
zeil;37029;813.510308;818.615660;1;80778;6;80784
zib54-UUE;37029;19164366.000000;-0.000000;2;46;0;46
