Instance;Seed;Cost;Fractionality;Rounds;LPtime(ms);ZItime(ms);LP+ZItime(ms);Gap(%)
10teams;0;917;36.587901;1;31;0;31;100
22433;0;21552.708079;24.962328;5;7;0;7;100
23588;0;8355.018475;16.209775;6;4;0;4;100
2club200v15p5scn;0;-96.055556;38.611111;7;139;4;143;100
30n20b8;0;5530;18.137303;2;98;4;102;100
30_70_45_05_100;0;105;0;5;826;2;828;100
30_70_45_095_100;0;58;0;5;743;2;745;100
30_70_45_095_98;0;369;0;6;835;4;839;100
50v-10;0;1493601.476062;0;2;5;0;5;100
a1c1s1;0;20912.873333;0.041667;2;37;0;37;100
a2c1s1;0;20866.0825;0;2;37;0;37;91.62
ab51-40-100;0;-6461729251;0;3;841;1;842;37.99
ab67-40-100;0;-7069213256;0;3;2611;2;2613;36.8
ab69-40-100;0;-7004957457;0;3;2002;2;2004;37.38
ab71-20-100;0;-6510510462;0;3;238;1;239;37.52
ab72-40-100;0;-6898618453.00001;0;3;748;1;749;38.33
academictimetablebig;0;32;1954.747118;2;2965;22;2987;100
academictimetablesmall;0;0;319.827672;2;209;3;212;100
acc-tight2;0;0;129.034401;1;33;0;33;100
acc-tight4;0;0;132.883185;1;57;0;57;100
acc-tight5;0;0;121.269585;1;247;0;247;100
acc-tight6;0;0;123.251301;1;251;0;251;100
adult-max5features;0;0.081316;0.266955;1;869;3;872;100
adult-regularized;0;0.077684;0.234052;1;1984;3;1987;100
aflow30a;0;983.167425;6.510845;1;5;0;5;100
aflow40b;0;1005.664817;8.247724;1;21;0;21;100
air03;0;338864.25;11.875;1;76;0;76;100
air04;0;55535.436388;52.288553;1;228;0;228;100
air05;0;25877.609268;46.215654;1;138;0;138;100
aligninq;0;2755;41.998482;2;15;0;15;100
allcolor10;0;6;678.251326;2;138;1;139;100
allcolor58;0;42;3910.528975;1;1056;4;1060;100
amaze22012-03-15i;0;0;0;1;44;1;45;0
amaze22012-06-28i;0;0;0;1;24;0;24;0
amaze22012-07-04i;0;0;0;1;29;0;29;0
app1-1;0;-2;0.179678;3;62;0;62;100
app1-2;0;-23;1e-06;2;3864;1;3865;100
app2-1;0;19298.5;0;2;34;0;34;0.02
app2-2;0;219402.5;0;3;1;0;1;3.47
app3;0;5627412.287938;3.142492;1;39;0;39;100
arki001;0;7579599.807787;17.164714;2;32;0;32;100
assign1-10-4;0;353.992926;52;1;36;0;36;100
assign1-5-8;0;183.362555;24;1;2;0;2;100
atlanta-ip;0;81.243206;325.689509;3;4279;6;4285;100
atm20-100;0;2141734.684878;218.990778;2;87;0;87;100
australia-abs-cta;0;0;42.688829;1;76;0;76;100
b-ball;0;-1.818182;4.818182;1;0;0;0;100
b1c1s1;0;69966.45;0;2;30;0;30;100
b2c1s1;0;70651.01;0;2;35;0;35;100
bab1;0;-286923.824223;50.52;1;259;5;264;100
bab2;0;-350926.440227;560.525267;2;8249;26;8275;100
bab3;0;-583276.153196;508.478505;2;31470;53;31523;100
bab5;0;-111134.599976;185.90025;2;533;2;535;100
bab6;0;-222813.467183;662.294028;2;5961;16;5977;100
bc;0;13.063318;0.063318;2;98;0;98;100
bc1;0;6.45558;0.016336;2;99;0;99;100
beasleyC1;0;102;0;2;2;0;2;20
beasleyC2;0;232;0;2;2;0;2;61.11
beasleyC3;0;958;0;2;3;0;3;27.06
beavma;0;407840.4;0;3;1;0;1;6.41
berlin;0;1741;0;2;28;0;28;66.76
berlin_5_8_0;0;52;67.593519;3;5;0;5;100
bg512142;0;323992.007013;52.989642;3;27;0;27;100
biella1;0;3060037.430763;98.771008;1;240;0;240;100
bienst1;0;11.724138;4.390524;1;2;0;2;100
bienst2;0;11.724138;5.390524;1;2;0;2;100
binkar10_1;0;6637.188027;9.084811;1;7;0;7;100
blend2;0;7.489992;0.492283;2;0;0;0;100
bley_xl1;0;265.742874;323.211102;6;19358;24;19382;100
bley_xs1;0;213538830.272187;107.27048;3;137;0;137;100
bley_xs1noM;0;251120149.512445;78.38821;8;118;1;119;100
bley_xs2;0;48593009.277766;66.02141;2;20;0;20;100
blp-ar98;0;17399.472853;7.353198;5;99;7;106;100
blp-ic97;0;5900.535862;2.930622;9;82;9;91;100
blp-ic98;0;12317.691873;0.708955;11;139;18;157;100
blp-ir98;0;6957.006424;2.497817;3;46;1;47;100
bmocbd;0;-32041010095048.5;0;1;735;6;741;0
bmocbd2;0;-31953009810558.2;0;1;661;6;667;0
bmocbd3;0;45423160355.8175;0;2;16076;12;16088;100
bmoipr2;0;-46628940.711141;0.174413;3;77;1;78;100
bnatt350;0;0;97.086087;8;72;1;73;100
bnatt400;0;0;110.074275;9;97;2;99;100
bppc4-08;0;51.59;11.594675;1;17;0;17;100
bppc6-02;0;108.34;11.886994;1;138;1;139;100
bppc6-06;0;200.633333;14.947367;1;160;0;160;100
bppc8-02;0;486.5;3.204377;1;1;0;1;100
bppc8-09;0;444.436047;5.98123;1;4;0;4;100
brasil;0;31819;0;2;26;0;26;100
brazil3;0;2;656.675844;1;1019;1;1020;100
breastcancer-regularized;0;0.00046;0.002809;1;9;0;9;100
bts4-cta;0;33524.637606;1130;1;586;0;586;100
buildingenergy;0;33246.215059;1468.85;2;16042;4;16046;100
cap6000;0;-2446875;0;3;41;1;42;0.18
cbs-cta;0;0;29.948722;1;109;0;109;100
cdc7-4-3-2;0;-231;0;3;37412;6;37418;19.79
chromaticindex1024-7;0;4;16002.682953;2;2305;10;2315;100
chromaticindex128-5;0;4;2021.163699;2;139;1;140;100
chromaticindex256-8;0;4;4069.477083;2;390;2;392;100
chromaticindex32-8;0;4;504.8875;2;19;0;19;100
chromaticindex512-7;0;4;8183.527137;2;1043;4;1047;100
ci-s4;0;4.963809;19.526141;2;59;0;59;100
circ10-3;0;140;154.374862;1;174;1;175;100
cmflsp40-24-10-7;0;52605868.952858;70.70093;3;337;0;337;100
cmflsp40-36-2-10;0;72898024.959478;295.649246;3;821;0;821;100
cmflsp50-24-10-4;0;64492612.641644;81.236085;3;331;0;331;100
cmflsp50-24-8-8;0;59814378.749021;131.86946;3;331;0;331;100
cmflsp60-36-2-6;0;97887903.946142;370.689759;3;1686;0;1686;100
CMS750_4;0;250;254.215077;3;119;1;120;100
co-100;0;1250429.774879;9.799423;2;262;22;284;100
cod105;0;-8;0;3;470;1;471;33.33
comp07-2idx;0;0;139.65;2;1418;2;1420;100
comp08-2idx;0;0;197.321317;2;206;1;207;100
comp12-2idx;0;11;244.467887;3;1300;2;1302;100
comp16-3idx;0;4;723.409056;1;8096;2;8098;100
comp21-2idx;0;0;197.95;2;804;1;805;100
control30-3-2-3;0;-20763026.787568;27.97054;1;6;0;6;100
core2536-691;0;801;0;3;1396;4;1400;16.26
core2586-950;0;1164;0;3;881;3;884;22.78
core4284-1064;0;1299;0;3;5359;5;5364;22.2
core4872-1529;0;1837;0;3;2894;6;2900;20.07
cost266-UUE;0;42001606.28;0;2;74;0;74;67.01
cov1075;0;35;0;2;6;0;6;75
cryptanalysiskb128n5obj16;0;0;7174.215397;2;996;8;1004;100
csched007;0;269.251587;22.185714;1;45;0;45;100
csched008;0;171;18.883137;1;12;0;12;100
csched010;0;332.422727;20.376263;1;43;0;43;100
cvrpa-n64k9vrpi;0;0;209.553191;188;343;456;799;100
cvrpb-n45k5vrpi;0;0;147.183206;10;559;12;571;100
cvrpp-n16k8vrpi;0;0;53.977273;82;62;12;74;100
cvrpsimple2i;0;0;27.5;3;2;0;2;100
cvs08r139-94;0;-24;0;3;16;0;16;79.31
cvs16r106-72;0;-10;0;3;31;0;31;87.65
cvs16r128-89;0;-11;0;3;37;0;37;88.66
cvs16r70-62;0;-5;0;3;30;0;30;88.1
cvs16r89-60;0;-7;0;3;28;0;28;89.23
d10200;0;12425.583005;34.236879;1;51;0;51;100
d20200;0;12229.625788;62.339279;1;312;0;312;100
dale-cta;0;0;0.004715;1;268;0;268;100
dano3mip;0;576.23162;15.294513;1;1619;0;1619;100
dano3_3;0;576.23162;1.932181;1;1764;0;1764;100
dano3_5;0;576.23162;2.871834;1;1890;0;1890;100
danoint;0;62.63728;5.819184;1;16;0;16;100
dc1c;0;1754946.863638;139.215684;1;291;1;292;100
dc1l;0;203610672.021484;0;3;1168;16;1184;100
dcmulti;0;184858.396836;12.823814;3;3;0;3;100
decomp1;0;-120;96.333333;1;44;0;44;100
decomp2;0;-160;93.138889;1;55;0;55;100
dfn-bwin-DBE;0;797567.4;0;2;31;0;31;100
dfn-gwin-UUM;0;27467.257235;5.653537;1;1;0;1;100
dg012142;0;5895516.340434;39.442147;5;204;0;204;100
diameterc-mstc-v20a190d5i;0;291;53.666667;1;34;0;34;100
diameterc-msts-v40a100d5i;0;324;67.621212;1;30;0;30;100
disctom;0;-5000;51.166667;1;199;0;199;100
disktom;0;-5000;51.166667;1;202;0;202;100
dolom1;0;6556066.068315;110.727743;1;491;1;492;100
drayage-100-12;0;21458.311901;46.026463;1;58;0;58;100
drayage-100-23;0;11714.141979;43.92447;1;131;0;131;100
drayage-25-23;0;11714.141979;42.862104;1;136;0;136;100
drayage-25-27;0;26785.797043;43.727905;1;54;0;54;100
drayage-25-32;0;32519.997253;42.366841;1;62;0;62;100
ds-big;0;86.820068;30.669231;1;8020;24;8044;100
ds;0;57.234565;33.463549;1;1070;8;1078;100
dws008-01;0;708.876687;16.484655;2;66;0;66;100
dws008-03;0;713.120881;8.976636;2;130;2;132;100
dws012-01;0;3454.189654;25.988823;2;119;1;120;100
dws012-02;0;1587.9391;18.836864;2;204;2;206;100
dws012-03;0;1598.560608;20.577095;2;342;4;346;100
eil33-2;0;811.278996;3.61563;1;36;0;36;100
eilA101-2;0;803.373888;7.408683;1;932;7;939;100
eilB101;0;1075.247691;12.807028;1;21;0;21;100
eilC76-2;0;725.754458;7.780208;1;285;2;287;100
ej;0;1;0.243844;1;0;0;0;100
elitserienhandball11i;0;0;1421.352265;1;237;1;238;100
elitserienhandball13i;0;0;1357.692232;1;258;1;259;100
elitserienhandball14i;0;0;1543.7577;1;266;1;267;100
elitserienhandball3i;0;0;1525.315516;1;241;1;242;100
enlight13;0;0;0.5;1;0;0;0;100
enlight15;0;0;0.5;1;0;0;0;100
enlight8;0;0;0.5;1;0;0;0;100
enlight_hard;0;0;14.5;1;0;0;0;100
eva1aprime5x5opt;0;-497.247729;1.038251;1;413;0;413;100
eva1aprime6x6opt;0;-495.49243;7.017665;1;1772;0;1772;100
ex10;0;100;100;1;17636;6;17642;100
ex1010-pi;0;314;0;3;854;5;859;33.62
ex9;0;81;81;1;1681;3;1684;100
exp-1-500-5-5;0;97666.305541;4.045842;2;2;0;2;100
f2000;0;1383;1280;2;3838;0;3838;100
f2gap201600;0;76429.862296;1.402159;1;3;0;3;100
f2gap401600;0;82274.237434;1.19002;1;4;0;4;100
f2gap40400;0;20650.898154;3.25358;1;1;0;1;100
f2gap801600;0;86570.120867;5.266841;1;5;0;5;100
fast0507;0;221;0;3;576;12;588;27.01
fastxgemm-n2r6s0t2;0;27;9;1;38;0;38;100
fastxgemm-n2r7s4t1;0;27;9;1;37;0;37;100
fastxgemm-n3r21s3t6;0;84;27;1;2353;0;2353;100
fastxgemm-n3r22s4t6;0;84;27;1;2581;0;2581;100
fastxgemm-n3r23s5t6;0;84;27;1;2655;0;2655;100
fhnw-binpack4-48;0;0;333.285714;2;147;0;147;100
fhnw-binpack4-58;0;0;467.321429;2;134;1;135;100
fhnw-binpack4-77;0;0;207.310714;2;125;0;125;100
fhnw-binschedule0;0;12632.888779;685.581929;3;11339;44;11383;100
fhnw-binschedule2;0;1706.886254;169.991138;3;187;3;190;100
fhnw-schedule-paira100;0;-36.643681;5.147307;2;128;0;128;100
fhnw-schedule-paira200;0;-73.826479;8.938667;2;267;3;270;100
fhnw-schedule-paira400;0;-146.941079;19.26431;2;1376;11;1387;100
fhnw-schedule-pairb200;0;-73.826479;516.184695;2;1180;6;1186;100
fhnw-schedule-pairb400;0;-146.941079;2338.646383;2;6988;23;7011;100
fhnw-sq2;0;0;15.502573;1;4;0;4;100
fiball;0;137.069168;72.208175;1;120;1;121;100
fiber;0;1023943.76;9.839127;2;3;0;3;100
fillomino7x7-0i;0;0;0;1;27;0;27;0
fixnet6;0;12170;0;2;1;0;1;100
fjspeasy01i;0;216;0;1;37;0;37;0
flugpl;0;1167185.725592;3.538918;1;0;0;0;100
g200x740;0;45614;0;2;2;0;2;2.93
g200x740i;0;44069;0;2;2;0;2;46.48
gasprod1-1;0;4539.90753;51.5198;7885;836;6617;7453;100
gasprod1-2;0;1691.141291;51.497411;6853;540;5617;6157;100
gasprod1-3;0;3682.336923;49.221179;8368;675;6330;7005;100
gasprod2-1;0;1306101.609201;404.201103;19;1688;17;1705;100
gasprod2-2;0;1330631.091637;502.800224;36;1770;29;1799;100
gen-ip002;0;-511.036897;0;3;0;0;0;89.32
gen-ip016;0;-9505.628173;1.906914;1;0;0;0;100
gen-ip021;0;6642.05262;2.217259;4;0;0;0;100
gen-ip036;0;-2162.833562;0;3;0;0;0;53.05
gen-ip054;0;16786.476526;1.032398;5;0;0;0;100
gen;0;112130.040664;7.929263;1;4;0;4;100
genus-g31-8;0;-27;94.724138;2;1084;3;1087;100
genus-g61-25;0;-58;242.75455;1;824;2;826;100
genus-sym-g31-8;0;-27;154.805251;2;3936;4;3940;100
genus-sym-g62-2;0;-54;256.205696;2;25632;3;25635;100
genus-sym-grafo5708-48;0;-27;115.405493;1;1245;0;1245;100
ger50-17-ptp-pop-3t;0;3466.324873;45.213645;1;104;0;104;100
ger50-17-ptp-pop-6t;0;6804.447088;50.477969;1;88;0;88;100
ger50-17-trans-dfn-3t;0;3453.475245;37.741927;1;164;1;165;100
ger50-17-trans-pop-3t;0;3456.252922;49.487013;1;149;1;150;100
ger50_17_trans;0;6850.628623;48.22611;1;141;1;142;100
germanrr;0;46672614.461982;53.234848;4;685;8;693;100
germany50-DBM;0;438028;23.4;1;131;0;131;100
germany50-UUM;0;597932.5;24.4;1;33;0;33;100
gesa2-o;0;25748173.191117;13.380406;2;5;0;5;100
gesa2;0;25477017.874283;13.26737;2;7;0;7;100
gfd-schedulen180f7d50m30k18-16i;0;18;107.002753;2;5707;159;5866;100
gfd-schedulen180f7d50m30k18;0;1;5037.697107;2;3448;25;3473;100
gfd-schedulen25f5d20m10k3i;0;3;13.619895;2;61;2;63;100
gfd-schedulen55f2d50m30k3i;0;3;27.695911;2;156;5;161;100
ghoulomb4-9-10i;0;9;0;1;61;1;62;0
glass-sc;0;23;0;3;114;1;115;0
glass4;0;800002400;2.059524;1;1;0;1;100
gmu-35-40;0;-2400283.756506;1.911023;2;10;0;10;100
gmu-35-50;0;-2606307.146543;3.420099;2;21;0;21;100
gmut-75-50;0;-14182312.661731;4.988967;2;618;13;631;100
gmut-76-40;0;-14171086.316075;9.054451;2;209;4;213;100
gmut-76-50;0;-14173884.188063;4.201959;2;511;13;524;100
gmut-77-40;0;-14173396.636852;2.97325;2;241;4;245;100
go19;0;96;0;3;5;0;5;14.29
gr4x6;0;229.05;0;2;0;0;0;13.19
graph20-20-1rand;0;-37;48;1;41;0;41;100
graph20-80-1rand;0;-117;142;1;1562;1;1563;100
graph40-20-1rand;0;-157;181.5;1;4213;3;4216;100
graph40-40-1rand;0;-300;341.96929;1;90182;10;90192;100
graphdraw-domain;0;12672;21.206816;1;2;0;2;100
graphdraw-gemcutter;0;4310;10.986111;1;1;0;1;100
graphdraw-grafo2;0;35762;326.358342;1;840;3;843;100
graphdraw-mainerd;0;30496;107.642303;2;85;0;85;100
graphdraw-opmanager;0;54717;173.389041;1;395;1;396;100
gsvm2rl11;0;35640.343493;0;2;377;0;377;96.67
gsvm2rl12;0;50;0;2;680;0;680;100
gsvm2rl3;0;0.6;0;2;4;0;4;78.29
gsvm2rl5;0;10;0;2;8;0;8;84.4
gsvm2rl9;0;16356.825869;0;2;63;0;63;100
gt2;0;13460.233074;0.728107;1;0;0;0;100
h50x2450;0;11147.731511;3.696751;1;28;0;28;100
h80x6320;0;3700;0;1;24;0;24;0
h80x6320d;0;5325.160104;2.515625;1;50;0;50;100
hanoi5;0;1926;328;5;164;1;165;100
haprp;0;3665963.213506;96.940858;1;5;0;5;100
harp2;0;-74353341.5023;5.485338;1;6;0;6;100
hgms-det;0;-53824.391476;32.676364;1;213;0;213;100
hgms30;0;-53349.215497;60.694272;1;9329;0;9329;100
hgms62;0;-53416.649907;61.317531;1;26660;0;26660;100
hypothyroid-k1;0;-2902.852586;39.591978;1;7495;2;7497;100
ic97_potential;0;4077;55.066667;2;3;0;3;100
ic97_tension;0;3911;15.366667;2;2;0;2;100
icir97_potential;0;6587;169.25;2;39;0;39;100
icir97_tension;0;6302;97.366667;2;3;0;3;100
iis-100-0-cov;0;41;0;3;94;0;94;41.38
iis-bupa-cov;0;49;0;3;141;0;141;36.11
iis-glass-cov;0;28;0;3;115;1;116;33.33
iis-hc-cov;0;22;0;3;162;3;165;29.41
iis-pima-cov;0;41;0;3;218;1;219;24.24
irp;0;12123.530222;6;1;72;1;73;100
istanbul-no-cutoff;0;51.11;3.607411;1;410;0;410;100
ivu06-big;0;135.427718;95.799872;1;55581;185;55766;100
ivu06;0;135.901353;97.120377;1;15707;61;15768;100
ivu52;0;480.250438;82.244023;1;7637;15;7652;100
ivu59;0;884.456993;122.994949;1;110627;268;110895;100
janos-us-DDM;0;1488134.75;22.375;1;7;0;7;100
k16x240;0;11359;0;2;0;0;0;6.42
k16x240b;0;12874;0;2;0;0;0;13
k1mushroom;0;-4165.061224;43.877551;1;16174;7;16181;100
k1mushroomi;0;-4208;0;1;186;7;193;0
khb05250;0;126785464;0;2;1;0;1;18.56
l2p12;0;2;1073.407198;1;336;0;336;100
l2p1i;0;1;526.902668;1;794;13;807;100
l2p2i;0;1;375.07928;1;57;1;58;100
lectsched-1-obj;0;0;5.942424;3;231;7;238;100
lectsched-1;0;0;3.125758;3;205;8;213;100
lectsched-2;0;0;17.414394;3;133;4;137;100
lectsched-3;0;0;21.056818;4;210;9;219;100
lectsched-4-obj;0;0;15.216667;3;57;2;59;100
lectsched-5-obj;0;0;4.092424;3;180;7;187;100
leo1;0;6964178576.15999;0;2;94;1;95;100
leo2;0;7067212476.31999;0;3;208;3;211;100
liu;0;346;8.863619;3;7;0;7;100
loopha13;0;6.279;1.10216;2;217;1;218;100
lotsize;0;1335747.052789;7.754078;2;6;0;6;100
lr1dr02vc05v8a-t360;0;120706.326475;174.298112;1;907;0;907;100
lr1dr04vc05v17a-t360;0;247111.69248;335.090553;1;1617;1;1618;100
lr1dr12vc10v70b-t360;0;983950.247945;1069.593454;1;44156;9;44165;100
lr2-22dr3-333vc4v17a-t60;0;-72838.215835;239.748662;2;33888;9;33897;100
lrn;0;42701141.648089;65.099086;2;445;0;445;100
m100n500k4r1;0;-18;0;3;7;0;7;28
macrophage;0;0;339;1;30;0;30;100
mad;0;0;2.744433;1;1;0;1;100
manna81;0;-11868;0;3;39;0;39;9.85
map06;0;-406.181173;7.868443;1;2415;1;2416;100
map10;0;-602.176181;11.248146;1;2603;1;2604;100
map14;0;-778.549324;11.962355;1;2269;1;2270;100
map14860-20;0;-998.836419;10.400693;1;2721;1;2722;100
map16715-04;0;-296.267898;4.997036;1;2394;1;2395;100
map18;0;-932.782685;11.173489;1;2314;1;2315;100
map20;0;-998.836419;10.400693;1;2739;1;2740;100
mappingmesh3x3mpeg2i;0;87.555556;87.202393;1;31;0;31;100
mario-t-hard5i;0;-4482;4.134921;1;1388;2;1390;100
markshare1;0;230;0;2;0;0;0;100
markshare2;0;167;0;3;0;0;0;100
markshare_4_0;0;226;0;2;0;0;0;100
markshare_5_0;0;324;0;2;0;0;0;100
mas74;0;10482.79528;3.103514;1;1;0;1;100
mas76;0;38893.903641;2.555097;1;1;0;1;100
maxgasflow;0;-70929535.9;625.438243;2;54;0;54;100
mc11;0;13509;0;2;27;0;27;15.57
mc7;0;5796;0;2;26;0;26;69.62
mc8;0;1929;0;2;25;0;25;23.18
mcsched;0;193774.753707;340.221655;1;124;0;124;100
methanosarcina;0;0;313;1;99;0;99;100
mik-250-1-100-1;0;0;0;2;2;0;2;100
mik-250-20-75-1;0;0;0;2;3;0;3;100
mik-250-20-75-2;0;0;0;2;3;0;3;100
mik-250-20-75-3;0;0;0;2;3;0;3;100
mik-250-20-75-4;0;0;0;2;3;0;3;100
mik-250-20-75-5;0;0;0;2;3;0;3;100
milo-v12-6-r1-58-1;0;410986.648167;146.256423;1;136;0;136;100
milo-v12-6-r1-75-1;0;669700.757896;230.843427;1;181;0;181;100
milo-v12-6-r2-40-1;0;205532.322265;93.667967;1;67;0;67;100
milo-v13-4-3d-3-0;0;23359.288017;1.476277;1;13;0;13;100
milo-v13-4-3d-4-0;0;34031.171805;2.550972;1;22;0;22;100
mine-166-5;0;-821763677.673139;187.331384;1;200;0;200;100
mine-90-10;0;-887165318.510226;202.375368;1;171;0;171;100
mining;0;-885962268.692866;8562.753844;62;104287;1628;105915;100
minutedispatchstrategy;0;1898.391429;412.137934;2;1333;2;1335;100
misc07;0;3065;8;3;2;0;2;100
mitre;0;114740.518481;224.156743;1;104;0;104;100
mkc;0;-581.85;16.741625;3;35;0;35;100
mkc1;0;-611.85;4.474982;3;32;0;32;100
mod010;0;6532.083333;14.166667;1;14;0;14;100
modglob;0;20786787.016883;0;2;1;0;1;0.22
moj-mining;0;-1520532907.35018;566.626558;12;43740;4;43744;100
momentum1;0;134660.011921;48.045264;2;1048;1;1049;100
momentum2;0;61266.821316;84.616225;3;750;2;752;100
momentum3;0;107721.82427;144.721031;3;8987;1;8988;100
mrcpspj30-15-5i;0;23;93.58099;1;39;0;39;100
mrcpspj30-17-10i;0;25;28.677778;2;36;1;37;100
mrcpspj30-53-3i;0;30;45.456614;1;38;0;38;100
msc98-ip;0;19520966.151663;338.886443;3;4043;2;4045;100
mspp16;0;341;1.241379;1;27472;146;27618;100
mspsphard01i;0;16;0;2;41;1;42;0
mspsphard03i;0;20;0;2;85;2;87;0
mtest4ma;0;60342;0;2;2;0;2;15.71
mushroom-best;0;1.3e-05;0.0202;1;256;1;257;100
mzzv11;0;-22556.460829;174.328454;2;389;1;390;100
mzzv42z;0;-18842.814586;198.473995;2;285;1;286;100
n13-3;0;14401970;0;2;26;0;26;100
n15-3;0;71710891;0;2;3263;0;3263;0
n2seq36f;0;71600;0;3;36;1;37;37.16
n2seq36q;0;78631.821523;37.58358;3;158;3;161;100
n3-3;0;24603430;0;2;121;0;121;100
n3700;0;1342560;0;2;24;0;24;9.36
n3705;0;1342540;0;2;26;0;26;9.55
n3707;0;1301218;0;2;32;0;32;9.65
n3709;0;1324904;0;2;29;0;29;9.68
n370a;0;1353042;0;2;30;0;30;0
n370b;0;1373791;0;2;28;0;28;11.06
n3div36;0;174200;0;3;146;6;152;33.18
n3seq24;0;189433.068485;51.670786;3;2964;60;3024;100
n4-3;0;13501875;0;2;51;0;51;100
n5-3;0;12301325;0;2;14;0;14;100
n6-3;0;16502900;0;2;40;0;40;100
n7-3;0;14704310;0;2;39;0;39;100
n9-3;0;21603625;0;2;149;0;149;100
nag;0;465;14.526159;3;44;0;44;100
neos-1061020;0;-145860.370608;501.716216;1;912;1;913;100
neos-1067731;0;669053;81.272727;1;493;0;493;100
neos-1109824;0;278;22;1;52;0;52;100
neos-1112782;0;22000000110147.3;0;2;20;0;20;100
neos-1112787;0;19500000125389.7;0;2;24;0;24;100
neos-1122047;0;161;0.41219;2;491;0;491;100
neos-1171448;0;-309;0.936995;2;73;0;73;100
neos-1171692;0;-273;3.730892;2;43;0;43;100
neos-1171737;0;-195;8.004699;2;41;0;41;100
neos-1225589;0;5e+09;0;2;1;0;1;100
neos-1311124;0;-182;5;2;3;0;3;100
neos-1324574;0;4.5;144;1;36;0;36;100
neos-1330346;0;4.5;76.5;1;121;0;121;100
neos-1337307;0;-201272;272.493985;2;66;0;66;100
neos-1354092;0;46;238.398385;2;1018;2;1020;100
neos-1367061;0;32019318.370467;3.75;2;1604;2;1606;100
neos-1396125;0;3000.053717;12.531496;2;7;0;7;100
neos-1420546;0;22124.4;103.140678;1;381;0;381;100
neos-1420790;0;2942.750002;75.132359;1;49;0;49;100
neos-1423785;0;-1816.666667;311.9714;1;245;0;245;100
neos-1425699;0;3175204364.6353;5.264952;1;0;0;0;100
neos-1426635;0;-178;6.429182;2;2;0;2;100
neos-1426662;0;-52;10.501303;2;4;0;4;100
neos-1429212;0;30;721.879477;1;5091;13;5104;100
neos-1430701;0;-78;6.669599;2;2;0;2;100
neos-1436709;0;-129;3.502607;2;3;0;3;100
neos-1440225;0;36;33.72448;1;103;0;103;100
neos-1440460;0;-180;4.85975;2;2;0;2;100
neos-1442119;0;-182;2.580471;2;3;0;3;100
neos-1442657;0;-156;4.002933;2;2;0;2;100
neos-1445532;0;-22860;8.21746;2;86;0;86;100
neos-1445738;0;-24232.548846;16.302388;1;140;0;140;100
neos-1445743;0;-24579.832968;16.952539;1;152;0;152;100
neos-1445765;0;-24699.19766;17.625849;1;149;0;149;100
neos-1456979;0;154;8.434222;1;38;0;38;100
neos-1516309;0;34769.833333;9.166667;2;28;0;28;100
neos-1582420;0;88.428075;56.693409;5;83;1;84;100
neos-1593097;0;4424;55.795872;1;110;1;111;100
neos-1599274;0;32194.742857;6.464286;3;47;1;48;100
neos-1601936;0;1;158.376054;1;886;0;886;100
neos-1603965;0;619244367.662955;0.000913;2;628;1;629;100
neos-1605061;0;6.150735;151.705349;1;2412;0;2412;100
neos-1605075;0;3.214461;172.430143;1;2213;0;2213;100
neos-1616732;0;174;0;3;6;0;6;9.43
neos-1620770;0;22;35;2;45;0;45;100
neos-2294525-abba;0;156.177251;19.424787;1;86;0;86;100
neos-2328163-agri;0;26069;51.5;1;70;0;70;100
neos-2624317-amur;0;0;29.293934;2;3;0;3;100
neos-2629914-sudost;0;39622;5.983409;1;208;0;208;100
neos-2652786-brda;0;0;20.196086;2;1;0;1;100
neos-2657525-crna;0;0;29.542619;2;2;0;2;100
neos-2669500-cust;0;2221.9;230.19862;2;966;13;979;100
neos-2746589-doon;0;1985.75;129.965898;2;324;6;330;100
neos-2974461-ibar;0;473452396.770997;3364;2;217797;35;217832;100
neos-2978193-inde;0;-2.418518;7.4;1;62;0;62;100
neos-2978205-isar;0;-12.415307;30.2;1;224;0;224;100
neos-2987202-jeir;0;-1847551552.23661;1035.632796;13;65869;7;65876;100
neos-2987310-joes;0;-610797465.676974;19.875;21;1154;4;1158;100
neos-2991472-kalu;0;457.286985;4.008344;5;4047;303;4350;100
neos-3004026-krka;0;0;832;1;50;0;50;100
neos-3009394-lami;0;0.642857;216.628571;1;3;0;3;100
neos-3024952-loue;0;22882;103.3;1;248;0;248;100
neos-3025225-shelon;0;0.052574;323.690533;1;98145;42;98187;100
neos-3046601-motu;0;185;0.4492;1;1;0;1;100
neos-3046615-murg;0;192;0.3458;1;0;0;0;100
neos-3048764-nadi;0;-3883988306.36669;0;2;44;0;44;0
neos-3065804-namu;0;0;0;1;188;0;188;0
neos-3068746-nene;0;77427529.530929;55.412658;2;129;0;129;100
neos-3072252-nete;0;10593526;1.938794;2;1;0;1;100
neos-3075395-nile;0;54.924463;0.00048;1;165;0;165;100
neos-3083784-nive;0;0;12;1;24;0;24;100
neos-3083819-nubu;0;6290575.552807;13.541087;1;45;0;45;100
neos-3116779-oban;0;1359;0;2;20;0;20;100
neos-3118745-obra;0;321;0;3;4;0;4;25.88
neos-3148108-pahi;0;0;0;1;263;1;264;0
neos-3209462-rhin;0;0;49.45122;2;3906;1;3907;100
neos-3209519-ruhr;0;332.85;25.900482;1;55;0;55;100
neos-3214367-sovi;0;87802.732596;100.370721;1;2931;0;2931;100
neos-3216931-puriri;0;58817.353066;51.872979;1;1385;0;1385;100
neos-3226448-wkra;0;0;512.043709;1;869;0;869;100
neos-3237086-abava;0;0;96;2;291;5;296;100
neos-3322547-alsek;0;616;115.178534;2;10401;78;10479;100
neos-3352863-ancoa;0;84919300;0;2;670;21;691;100
neos-3354841-apure;0;48447.926267;4.235023;1;2573;30;2603;100
neos-3355120-tarago;0;-20453473.616781;80.899969;1;572;1;573;100
neos-3355323-arnon;0;0;21.818182;4;72;3;75;100
neos-3372571-onahau;0;0.57699;8.695953;2;1403;0;1403;100
neos-3373491-avoca;0;21687686014.0154;26.555947;1;7;0;7;100
neos-3381206-awhea;0;432;61.334767;2;5;0;5;100
neos-3402294-bobin;0;0;31.847179;2;973;20;993;100
neos-3426085-ticino;0;235;41.78747;3;32;0;32;100
neos-3426132-dieze;0;427;103.670666;2;49;0;49;100
neos-3437289-erdre;0;0;0;1;77;1;78;0
neos-3530903-gauja;0;170;33.253136;3;4;0;4;100
neos-3530905-gaula;0;153;29.042208;2;3;0;3;100
neos-3555904-turama;0;-41.45;24.388889;2;829;9;838;100
neos-3572885-glina;0;0;0;1;376;2;378;0
neos-3581454-haast;0;1640;52;1;99;0;99;100
neos-3592146-hawea;0;7237144.855333;13.694653;1;40;0;40;100
neos-3594536-henty;0;383205;2498;1;144;1;145;100
neos-3603137-hoteo;0;0;33.083333;3;42;1;43;100
neos-3610040-iskar;0;100;0;2;2;0;2;100
neos-3610051-istra;0;100;0;2;8;0;8;100
neos-3610173-itata;0;289;0;2;6;0;6;95.27
neos-3611447-jijia;0;310;0;2;3;0;3;100
neos-3611689-kaihu;0;322;0;2;2;0;2;100
neos-3615091-sutlej;0;-1506391.117177;170;1;1848;9;1857;100
neos-3627168-kasai;0;1589229.4;0;2;4;0;4;60.76
neos-3634244-kauru;0;0;152.72;1;4605;8;4613;100
neos-3636886-kereu;0;4092.95754;2e-05;2;64;1;65;100
neos-3656078-kumeu;0;-18774.7;91.708421;2;217;1;218;100
neos-3660371-kurow;0;286.534383;18.669345;1;40;0;40;100
neos-3661949-lesse;0;688975700;0.00026;2;60;0;60;100
neos-3665875-lesum;0;248.325;39.028367;3;67;0;67;100
neos-3682128-sandon;0;79915933.274829;141.641588;2;286;1;287;100
neos-3691541-lonja;0;-0.079271;1.305745;2;47;1;48;100
neos-3695882-vesdre;0;-145935.214286;38.934758;1;541;3;544;100
neos-3696678-lyvia;0;5.751893;310.554171;2;53;0;53;100
neos-3699377-maori;0;135877.224265;88.231293;2;110;0;110;100
neos-3703351-marne;0;317056.210386;69.800933;2;64;0;64;100
neos-3740487-motru;0;152.145486;83.106404;2;40900;68;40968;100
neos-3754480-nidda;0;-1216923.270104;12.186832;1;3;0;3;100
neos-3755335-nizao;0;50.030157;75.009695;2;558;1;559;100
neos-3759587-noosa;0;48.334468;2.61;2;336;1;337;100
neos-3761878-oglio;0;422769.022545;78.194778;2;45;0;45;100
neos-3762025-ognon;0;603955.746492;54.883004;2;43;0;43;100
neos-4165869-wannon;0;282.410166;124.185195;3;520;5;525;100
neos-4230265-orari;0;10055874880.8713;2982.245145;241;4018;151;4169;100
neos-4260495-otere;0;3336.109119;669.742339;2;748;14;762;100
neos-4264598-oueme;0;4322420611.77198;2932.943948;241;3545;155;3700;100
neos-4285819-pedja;0;9.198008;667.947302;2;124262;82;124344;100
neos-4290317-perth;0;6352398.05574;0;2;635;1;636;100
neos-4292145-piako;0;303343868.774658;3216.581456;241;3382;160;3542;100
neos-4295773-pissa;0;0;3220.505376;1;5628;5;5633;100
neos-4300652-rahue;0;0;49.333333;2;617;2;619;100
neos-4306827-ravan;0;-35696.901913;2170.794876;5;702;34;736;100
neos-4321076-ruwer;0;1880.558333;39.333333;1;15607;1;15608;100
neos-4322846-ryton;0;0.419848;25.715394;1;552;5;557;100
neos-4332801-seret;0;222328.384492;6081.508223;3;120021;2684;122705;100
neos-4332810-sesia;0;-33455.127882;4082.27211;11;117567;8186;125753;100
neos-4333464-siret;0;24.731464;0.125;2;23;0;23;100
neos-4333596-skien;0;-14653956.91493;0.180763;1;13;0;13;100
neos-4335793-snake;0;0;300.868689;2;960;2;962;100
neos-4338804-snowy;0;1447;0.2684;3;5;0;5;100
neos-4343293-stony;0;51.62736;0.5;2;61;0;61;100
neos-4355351-swalm;0;33.822611;0.094819;2;166;3;169;100
neos-4358725-tagus;0;6199.400001;198.082841;73;652;16;668;100
neos-4359986-taipa;0;0.296593;39.115369;1;1013;1;1014;100
neos-4360552-sangro;0;-29.5;600.333144;1;8353;1;8354;100
neos-4387871-tavua;0;36.445048;0.2;2;52;0;52;100
neos-4391920-timok;0;9e-06;37.747142;1;6991;5;6996;100
neos-4393408-tinui;0;340.267489;0.2;2;42;0;42;100
neos-4408804-prosna;0;914.483516;66.321429;1;2858;2;2860;100
neos-4409277-trave;0;0;347.723278;1;1978;1;1979;100
neos-4413714-turia;0;43.474651;377.046713;1;1885;11;1896;100
neos-4532248-waihi;0;0;23.666667;1;647;4;651;100
neos-4533806-waima;0;3063.318841;99;2;1270;18;1288;100
neos-4545615-waita;0;3606.59419;108.263827;2;15458;148;15606;100
neos-4555749-wards;0;3026.812121;69.872917;2;1190;17;1207;100
neos-4562542-watut;0;3743.304348;85.428571;2;3717;24;3741;100
neos-4647027-thurso;0;26911.641616;127.083433;1;2460;0;2460;100
neos-4647030-tutaki;0;26911.641616;130.175014;1;2727;0;2727;100
neos-4647032-veleka;0;26587.908699;174.815461;1;3881;0;3881;100
neos-4650160-yukon;0;-22688.54768;228.864;1;5;0;5;100
neos-4722843-widden;0;1841.255082;1452.768981;2;453;6;459;100
neos-4724674-aorere;0;3758.753179;59.078997;3;487;12;499;100
neos-4736745-arroux;0;653873224.676537;1.560199;2;37;0;37;100
neos-4738912-atrato;0;617323325.173629;52.400465;2;42;0;42;100
neos-4754521-awarau;0;0;0;5;1120;31;1151;0
neos-4760493-puerua;0;1908.243695;237.071976;1;33671;3;33674;100
neos-476283;0;406.244708;4.622056;2;4135;0;4135;100
neos-4763324-toguru;0;1120.986062;232.945926;1;32649;3;32652;100
neos-4797081-pakoka;0;0;843.65347;1;5249;2;5251;100
neos-4805882-barwon;0;4638.072751;212.668151;2;213;1;214;100
neos-480878;0;515.138796;1.008444;2;15;0;15;100
neos-4954274-beardy;0;18659.208282;301.285291;2;868;2;870;100
neos-4954672-berkel;0;3733961;4.007059;2;3;0;3;100
neos-4966258-blicks;0;354.545455;449.406152;3;1491;4;1495;100
neos-4971100-bodrog;0;0;0;2;72;0;72;100
neos-4972437-bojana;0;355.557128;28.473103;2;5869;4;5873;100
neos-4972461-bolong;0;465.045599;64.589276;2;5807;4;5811;100
neos-4976951-bunnoo;0;375.694372;28.497892;2;6802;4;6806;100
neos-4984115-canche;0;-10414620.716097;6.967648;1;17463;0;17463;100
neos-498623;0;16;42.880487;1;148;1;149;100
neos-5013590-toitoi;0;1064.447092;169;1;12424;1;12425;100
neos-5018451-chiese;0;-149772385.216405;18.530618;1;64532;1;64533;100
neos-503737;0;50;47.555718;1;30;0;30;100
neos-5041822-cockle;0;5696053.417116;2.418448;3;2561;26;2587;100
neos-5044663-wairoa;0;4653100;520.323884;1;22599;2;22601;100
neos-5045105-creuse;0;19.066672;20.05476;1;67;0;67;100
neos-5049753-cuanza;0;464;69.6;3;2442;5;2447;100
neos-5051588-culgoa;0;128.75;30.228278;1;120;0;120;100
neos-5052403-cygnet;0;218.201738;85.626509;5;37253;118;37371;100
neos-506422;0;0;6.525;1;47;0;47;100
neos-506428;0;145945;95.648936;1;547;2;549;100
neos-5075914-elvire;0;277.341888;1.833786;2;45;0;45;100
neos-5076235-embley;0;1930;0.115385;2;787;0;787;100
neos-5078479-escaut;0;7280.474567;0.468116;2;38;0;38;100
neos-5079731-flyers;0;2004;1.087912;2;832;0;832;100
neos-5083528-gimone;0;0;20.875;1;254;3;257;100
neos-5093327-huahum;0;3934;1.841667;2;800;0;800;100
neos-5100895-inster;0;2084;3.582418;2;534;0;534;100
neos-5102383-irwell;0;1740;2.483516;2;893;0;893;100
neos-5104907-jarama;0;639.917149;48.321066;2;9009;5;9014;100
neos-5106984-jizera;0;721;3.5;2;3736;6;3742;100
neos-5107597-kakapo;0;0;0.59125;2;48;0;48;100
neos-5108386-kalang;0;620.501637;51.720269;2;14385;8;14393;100
neos-5114902-kasavu;0;518;146.666667;3;10007;13;10020;100
neos-5115478-kaveri;0;0;0.529375;2;45;0;45;100
neos-5116085-kenana;0;452;134;3;5567;9;5576;100
neos-5118834-korana;0;569.216333;121.981431;2;9989;6;9995;100
neos-5118851-kowhai;0;1134;5.84;2;5551;8;5559;100
neos-5123665-limmat;0;652.42743;76.174025;2;17535;8;17543;100
neos-5125849-lopori;0;0;51.956886;1;38;0;38;100
neos-5129192-manaia;0;0;4.888889;1;4065;12;4077;100
neos-5138690-middle;0;605.364996;105.521522;2;17292;7;17299;100
neos-5140963-mincio;0;8877;2.142857;1;1;0;1;100
neos-5149806-wieprz;0;0.027694;5.467711;3;415;11;426;100
neos-5151569-mologa;0;692042188.90522;27.702234;2;2376;3;2379;100
neos-5178119-nalagi;0;8.569859;18.677141;2;77;1;78;100
neos-5182409-nasivi;0;0;18.744405;1;7;0;7;100
neos-5188808-nattai;0;0;14;1;364;0;364;100
neos-5189128-totara;0;330131.390743;21.863581;1;988;3;991;100
neos-5192052-neckar;0;-11980000;0.333333;3;0;0;0;100
neos-5193246-nerang;0;0;682.884923;1;1099;1;1100;100
neos-5195221-niemur;0;0;693.911578;1;971;1;972;100
neos-5196530-nuhaka;0;0;717.082935;1;654;1;655;100
neos-520729;0;-1391291.666667;11.576667;1;537;1;538;100
neos-5221106-oparau;0;0;63.787338;1;282;1;283;100
neos-5223573-tarwin;0;0.1058;0.258185;1;15930;3;15933;100
neos-5251015-ogosta;0;0.1058;0.226665;1;12937;2;12939;100
neos-525149;0;60;11.2;1;282;5;287;100
neos-5260764-orauea;0;58748.022532;10.633838;1;65;0;65;100
neos-5261882-treska;0;22721.328;8.134322;1;14;0;14;100
neos-5266653-tugela;0;20969.906674;15.508215;1;138;1;139;100
neos-5273874-yomtsa;0;0;0.2152;1;16898;2;16900;100
neos-555001;0;910619.201473;185.329242;1;40;0;40;100
neos-555343;0;1241512.54944;273.503416;1;35;0;35;100
neos-555424;0;1196312.54944;237.883186;1;38;0;38;100
neos-555884;0;1026121.836055;271.3209;1;43;0;43;100
neos-565672;0;43884.639336;63.46632;4;16444;25;16469;100
neos-574665;0;4948073.456141;10.746401;1;38;0;38;100
neos-578379;0;0;133.932682;1;1169;1;1170;100
neos-585192;0;-1999690.155301;98.986618;2;196;0;196;100
neos-585467;0;-1999711.795869;82.239088;2;23;0;23;100
neos-595904;0;61134.474995;16.114622;2;91;0;91;100
neos-619167;0;1.481241;35.779031;1;107;0;107;100
neos-631517;0;6494999.999936;63.264599;1;8;0;8;100
neos-631710;0;509;180.857887;2;5984;19;6003;100
neos-633273;0;4678552871.15256;377.739286;1;228;0;228;100
neos-662469;0;184340.629649;94.654114;1;447;1;448;100
neos-686190;0;5134.81383;17.515957;1;108;0;108;100
neos-691058;0;234;83.448532;1;181;0;181;100
neos-693347;0;234;76.436508;1;640;0;640;100
neos-738098;0;-1099;218.517759;1;128;1;129;100
neos-777800;0;-80;63.202189;1;42;0;42;100
neos-780889;0;3421500;0;1;599;9;608;0
neos-787933;0;300;0;3;224;27;251;100
neos-799711;0;-11228065.153797;0.983265;1;1050;0;1050;100
neos-799716;0;4932670.661692;0.58713;1;118;0;118;100
neos-807639;0;492.688889;1.37037;2;9;0;9;100
neos-820879;0;24874.267857;62.867619;1;98;0;98;100
neos-824661;0;51;60.642857;2;235;2;237;100
neos-824695;0;42;33.8;3;94;1;95;100
neos-826224;0;130;70;3;189;3;192;100
neos-826650;0;32;109.347222;2;37;0;37;100
neos-826694;0;75;92.333333;2;85;1;86;100
neos-826812;0;70.011;151.137255;3;107;1;108;100
neos-826841;0;32.0082;110.679849;2;70;0;70;100
neos-827015;0;2.098071;332.649497;1;1655;3;1658;100
neos-827175;0;116.00152;83.555556;2;151;1;152;100
neos-829552;0;2.098071;250.649497;1;1778;1;1779;100
neos-831188;0;1.76772;215.733333;1;69;0;69;100
neos-847302;0;0;52.50154;1;65;0;65;100
neos-848198;0;168781;0;2;130;0;130;100
neos-848589;0;0;0.075873;1;1416;1;1417;100
neos-849702;0;0;90.561492;1;22;0;22;100
neos-850681;0;2087;47.991071;1;78;0;78;100
neos-860300;0;1666.068586;9;1;60;1;61;100
neos-872648;0;52.570282;0;2;1172;8;1180;8.15
neos-873061;0;152.530404;0;2;1278;8;1286;34.2
neos-876808;0;10030.533833;255.649605;3;6570;16;6586;100
neos-885086;0;-243;13.945733;2;187;0;187;100
neos-885524;0;11771.55529;9.581376;2;156;8;164;100
neos-911880;0;23.26;16.065242;1;3;0;3;100
neos-911970;0;23.26;17.457173;1;3;0;3;100
neos-913984;0;1000;33.37245;1;161;3;164;100
neos-914441;0;5660364.28377;78.177859;1;1893;0;1893;100
neos-916792;0;26.203596;16.641224;2;87;0;87;100
neos-932721;0;509030;0;3;105;3;108;100
neos-932816;0;507025;0;2;234;7;241;100
neos-933562;0;0;237.810567;1;63;0;63;100
neos-933638;0;410039;0;2;230;4;234;100
neos-933966;0;414037;0;2;175;4;179;100
neos-934278;0;446011;0;2;370;3;373;100
neos-935234;0;422081;0;2;386;1;387;100
neos-935627;0;23430;0;2;386;1;387;100
neos-935769;0;23430;0;2;351;1;352;100
neos-937511;0;52830;0;2;424;1;425;100
neos-937815;0;53700;0;2;506;1;507;100
neos-941262;0;52113;0;2;385;1;386;100
neos-941313;0;9361;305.563636;1;567;8;575;100
neos-942830;0;12;65.46896;1;29;0;29;100
neos-948126;0;51842;0;2;384;1;385;100
neos-948346;0;-208.675026;5.578968;5;488;20;508;100
neos-950242;0;2;94;2;110;1;111;100
neos-953928;0;-99.806667;0;3;222;4;226;0.1
neos-954925;0;-220.766667;0.253965;5;1084;31;1115;100
neos-956971;0;-230.74;2.884533;4;699;16;715;100
neos-957143;0;-205.296379;49.220165;4;527;17;544;100
neos-957323;0;-206.808469;21.862876;3;353;13;366;100
neos-957389;0;1.5;33.433333;1;114;2;116;100
neos-960392;0;-238;280.998182;1;308;3;311;100
neos-983171;0;52602;0;2;406;1;407;100
neos-984165;0;52002;0;2;423;1;424;100
neos13;0;-126.178378;33.143487;3;226;0;226;100
neos15;0;144796.909577;0;2;1;0;1;79.65
neos16;0;429;11.142857;2;3;0;3;100
neos17;0;0.222688;0;2;6;0;6;48.46
neos18;0;11;64.75;3;67;0;67;100
neos2;0;-4717.666848;6.724359;1;7;0;7;100
neos22;0;413700;227;1;31;0;31;100
neos5;0;17.25;0;2;0;0;0;15
neos6;0;116.604289;27.902196;4;104;6;110;100
neos8;0;-2885.143864;21.860834;3;713;6;719;100
neos808444;0;0;246.264287;1;312;1;313;100
neos9;0;780;44.25;1;309;0;309;100
net12;0;47.514236;132.660069;3;1124;1;1125;100
netdiversion;0;454.8;783.8;2;7534;12;7546;100
newdano;0;11.724138;8.447296;1;2;0;2;100
nexp-150-20-1-5;0;84;0;2;34;0;34;27.27
nexp-150-20-8-5;0;656;0;2;83;1;84;100
nexp-50-20-1-1;0;34;0;2;1;0;1;17.24
nexp-50-20-4-2;0;120;0;2;3;0;3;69.01
nh97_potential;0;1462;74.9;2;5;0;5;100
nh97_tension;0;1438;81.583333;2;2;0;2;100
nj1;0;0;607;1;498;1;499;100
nj2;0;0;607;1;658;1;659;100
nj3;0;0;607;1;68475;1;68476;100
nobel-eu-DBE;0;7285051.5;1.398889;2;107;0;107;100
noswot;0;-9;0;2;0;0;0;78.05
ns1111636;0;96.25;19.25;1;617;2;619;100
ns1116954;0;0;161.808346;1;1004;1;1005;100
ns1208400;0;0;82.641509;1;63;0;63;100
ns1430538;0;73.621609;10.390804;1;589;0;589;100
ns1456591;0;361.939022;19;1;123;1;124;100
ns1606230;0;13.225;182.892472;1;1573;0;1573;100
ns1631475;0;817.193748;716.662243;1;1378;1;1379;100
ns1663818;0;1;9.141146;1;5953;97;6050;100
ns1679495;0;3337055.001914;100.246101;2;51606;10;51616;100
ns1685374;0;-51.800913;96.218654;1;52000;1;52001;100
ns1688347;0;2;8.278489;1;53;0;53;100
ns1690781;0;-1022.785697;17.664172;2;197;0;197;100
ns1696083;0;2;13.288374;1;158;1;159;100
ns1758913;0;-1501.183256;125.476622;1;9206;7;9213;100
ns1760995;0;-1379.173237;142;1;21005;9;21014;100
ns1778858;0;-22635740;227.465047;2;292;0;292;100
ns1828997;0;0;75;2;941;3;944;100
ns1830653;0;6153;57.514255;1;160;0;160;100
ns1849932;0;546;5.620915;1;1094;6;1100;100
ns1853823;0;1172000;1386;2;52560;29;52589;100
ns1854840;0;1.432e+11;1139.47326;2;7093;16;7109;100
ns1856153;0;0;255.683145;1;181;0;181;100
ns1904248;0;0;854.146124;14;2614;34;2648;100
ns1905797;0;11.75098;19.65;1;217;1;218;100
ns1905800;0;6.4366;16.364665;1;43;0;43;100
ns1952667;0;0;9.995738;1;213;1;214;100
ns2017839;0;77026281754033.4;1.017799;2;7715;0;7715;100
ns2034125;0;0;802.127535;2;1889;1;1890;100
ns2071214;0;0;12.477;1;104;0;104;100
ns2081729;0;4.6;0.926;2;3;0;3;100
ns2122698;0;62785.622771;194.641858;1;572;1;573;100
ns2124243;0;53998.333333;195.416667;1;466;1;467;100
ns2137859;0;24629;42.075016;1;771;6;777;100
ns4-pr3;0;36073;12;1;108;0;108;100
ns4-pr6;0;29145.75;8.875;1;32;0;32;100
ns4-pr9;0;35175;8.5;1;73;0;73;100
ns894236;0;18;200.447471;2;391;0;391;100
ns894244;0;16;346.579338;2;1187;2;1189;100
ns894786;0;14;209.541645;2;1441;3;1444;100
ns894788;0;7;91.946694;2;179;0;179;100
ns903616;0;22;385.982498;2;1119;2;1121;100
nsa;0;91.44794;7.482504;1;7;0;7;100
nsr8k;0;17500809.511815;639.929911;1;9316;3;9319;100
nsrand-ipx;0;754880;0;2;69;2;71;100
nu120-pr12;0;38070;13.695833;1;47;0;47;100
nu120-pr3;0;21306.442308;42.751022;1;118;0;118;100
nu120-pr9;0;19062.5;28.652083;1;87;0;87;100
nu25-pr12;0;52757.5;11.9;1;52;0;52;100
nu4-pr9;0;35175;18.213333;1;115;0;115;100
nu60-pr9;0;22850;28.383333;1;87;0;87;100
nucorsav;0;29.0461;81.089972;2;60792;268;61060;100
nursesched-medium-hint03;0;33.468485;460.316255;1;1219;4;1223;100
nursesched-medium04;0;366;231.738095;2;850;7;857;100
nursesched-sprint-hidden09;0;580.911765;177.875;2;333;3;336;100
nursesched-sprint-late03;0;34.254806;178.177416;1;375;1;376;100
nursesched-sprint02;0;96.416667;144.916667;2;239;3;242;100
nw04;0;16310.666667;2;1;276;6;282;100
ofi;0;6131846109.62063;1781.999298;471;9801;520;10321;100
ofi2;0;6124829152.73116;3158.688481;471;6840;712;7552;100
oocsp-racks030e6cci;0;0;0;1;212;2;214;0
opm2-z10-s2;0;-19912;0;4;25934;13;25947;41.13
opm2-z10-s4;0;-17801;0;4;23735;10;23745;46.49
opm2-z11-s8;0;-24040;0;4;56038;13;56051;44.72
opm2-z12-s14;0;-39815;0;6;117205;30;117235;38.07
opm2-z12-s7;0;-39769;0;5;112653;25;112678;39.3
opm2-z12-s8;0;-34893;0;5;108128;23;108151;40.39
opm2-z6-s1;0;-2356;0;3;336;1;337;62.01
opm2-z7-s2;0;-7132;0;4;915;2;917;30.62
opm2-z7-s8;0;-6856;0;4;810;2;812;39.01
opm2-z8-s0;0;-8004;0;3;4267;4;4271;49.26
opt1217;0;-20.02139;8.22549;1;2;0;2;100
osorio-cta;0;0;3.5e-05;1;59;0;59;100
p0201;0;6875;20;1;1;0;1;100
p100x588b;0;58977;0;2;1;0;1;23.18
p200x1188c;0;15747;0;2;2;0;2;4.44
p2756;0;2718;2.359254;3;6;0;6;100
p500x2988;0;72594;0;2;27;0;27;1.06
p500x2988c;0;17212;0;2;27;0;27;13.13
p500x2988d;0;6;0;2;27;0;27;0
p6b;0;-53;0;3;35;0;35;15.87
p80x400b;0;45896;0;2;1;0;1;15.7
pb-fit2d;0;-22372.476239;842.898884;1;6780;12;6792;100
pb-gfrd-pnc;0;8316.011268;30.700616;1;120;1;121;100
pb-grow22;0;-449681.200587;122.632175;1;447;2;449;100
pb-market-split8-70-4;0;0;2.197219;1;1;0;1;100
pb-simp-nonunif;0;6;513.5;2;3770;55;3825;100
peg-solitaire-a3;0;1;289.311002;1;368;0;368;100
pg;0;-11098.657382;17.215049;2;4;0;4;100
pg5_34;0;-16012.248077;18.476238;2;6;0;6;100
physiciansched3-3;0;2432694.766159;1286.212272;17;54632;122;54754;100
physiciansched3-4;0;1124678.224456;1159.305049;3;38690;20;38710;100
physiciansched5-3;0;5180;1105.727341;3;1241;3;1244;100
physiciansched6-1;0;7500;666.252778;2;619;12;631;100
physiciansched6-2;0;43012.5;698.196528;2;656;12;668;100
pigeon-08;0;-8000;8.25974;2;2;0;2;100
pigeon-10;0;-10000;13.559596;2;3;0;3;100
pigeon-11;0;-11000;16.690909;2;3;0;3;100
pigeon-12;0;-12000;21.818182;2;3;0;3;100
pigeon-13;0;-13000;24;2;3;0;3;100
pigeon-16;0;-16000;74.018182;2;5;0;5;100
pigeon-19;0;-19000;59.036364;2;27;0;27;100
pigeon-20;0;-20000;62.509091;2;28;0;28;100
piperout-03;0;68814.99759;437.705308;6;305;3;308;100
piperout-08;0;99128.924471;555.254611;38;441;18;459;100
piperout-27;0;6970;1154.464464;12;495;7;502;100
piperout-d20;0;25533.842105;676.796097;2;1176;2;1178;100
piperout-d27;0;7083.116279;1022.542306;2;1363;2;1365;100
pk1;0;0;2.782038;1;0;0;0;100
polygonpack3-15;0;-96519350.40932;29.662451;3;1346;6;1352;100
polygonpack4-10;0;-93676953.4701;19.421532;3;370;2;372;100
polygonpack4-15;0;-114052801.79086;41.802079;3;1348;5;1353;100
polygonpack4-7;0;-75324958.8742;9.351219;3;193;1;194;100
polygonpack5-15;0;-42382234.50354;22.715348;3;1537;6;1543;100
pp08a;0;15000;0;2;0;0;0;100
pp08aCUTS;0;16630.402442;0;2;2;0;2;100
probportfolio;0;5;16.022687;2;2;0;2;100
prod1;0;-100;6.72495;2;0;0;0;100
prod2;0;-100;4.433874;2;1;0;1;100
proteindesign121hz512p19;0;3197.772133;67.38213;1;17676;124;17800;100
proteindesign121hz512p9;0;1423.904449;61.920249;1;748;9;757;100
proteindesign121pgb11p9;0;1173.710433;49.777201;1;612;7;619;100
proteindesign122trx11p8;0;1720.461105;46.268597;1;534;9;543;100
protfold;0;0;35;2;17;0;17;100
pw-myciel4;0;0;55.252164;11;32;1;33;100
pythago7824;0;0;582.666667;6;803;3;806;100
pythago7825;0;0;592.222222;8;826;4;830;100
qap10;0;332.566228;55;1;399;0;399;100
qiu;0;1805.177143;0;2;6;0;6;100
qnet1;0;109077.65;7.221868;2;20;0;20;100
qnet1_o;0;108535.94;0;2;7;0;7;100
queens-30;0;-30;0;3;202;1;203;25
r4l4-02-tree-bounds-50;0;510876207;651.016667;2;46;0;46;100
r50x360;0;2016;0;2;0;0;0;21.96
r80x800;0;5520;0;2;1;0;1;3.53
radiationm18-12-05;0;17554.5;195.797325;1;202;1;203;100
radiationm40-10-02;0;155306.7;932.506;1;1149;7;1156;100
rail01;0;-92.0873;2556.210517;1;11397;5;11402;100
rail02;0;-206.6102;2995.655556;1;130266;12;130278;100
rail03;0;-920.273762;12424.501007;1;163750;36;163786;100
rail507;0;216;0;3;741;19;760;24.14
railway_8_1_0;0;397;56.575553;3;12;0;12;100
ramos3;0;440;0;3;1419;0;1419;100
ran12x21;0;4080;0;2;0;0;0;11.35
ran13x13;0;3521;0;2;0;0;0;8.27
ran14x18-disj-8;0;12451.012696;0;2;19;0;19;100
ran14x18;0;4265;0;2;0;0;0;14.9
ran16x16;0;4333;0;2;0;0;0;13.34
rd-rplusc-21;0;100;4.122871;1;531;1;532;100
reblock115;0;-39365983.337347;271.565472;1;183;0;183;100
reblock166;0;-886882876.965829;382.279623;1;518;0;518;100
reblock354;0;-39640995.765204;569.832903;3;850;1;851;100
reblock420;0;-886535897.522137;986.979676;1;2377;0;2377;100
reblock67;0;-39339910.923037;159.950504;1;53;0;53;100
rfds-4-days;0;-1158940.978167;54.2;1;70209;25;70234;100
rlp1;0;13.244444;9.961905;1;1;0;1;100
rmatr100-p10;0;360.593308;9.692735;1;192;0;192;100
rmatr100-p5;0;762.040054;5;1;554;0;554;100
rmatr200-p10;0;1550.620783;10;1;10813;0;10813;100
rmatr200-p20;0;688.357943;19.982266;1;4543;0;4543;100
rmatr200-p5;0;3283.653831;5;1;10878;0;10878;100
rmine10;0;-1926.821009;886.351115;2;3910;2;3912;100
rmine11;0;-2511.986814;1275.572328;14;10799;20;10819;100
rmine13;0;-3504.619914;1108.274293;2;47520;5;47525;100
rmine14;0;-4308.869811;2215.505904;7;94912;26;94938;100
rmine15;0;-5041.420189;4256.942532;4;178445;21;178466;100
rmine6;0;-436.021627;48.709031;12;131;1;132;100
rocI-3-11;0;-111086.671772;561.026391;1;55;0;55;100
rocI-4-11;0;-11111086.671772;777.743465;1;74;0;74;100
rocII-10-11;0;-11.974865;294.327643;1;526;3;529;100
rocII-4-11;0;-11.937162;82.5;1;157;1;158;100
rocII-5-11;0;-11.94973;122.235744;1;195;1;196;100
rocII-7-11;0;-11.964093;214.470392;1;338;2;340;100
rocII-8-11;0;-11.968581;241.290622;1;508;2;510;100
rocII-9-11;0;-11.972072;280.93054;1;456;2;458;100
rococoB10-011000;0;8350.199468;49.840978;1;123;0;123;100
rococoC10-001000;0;7515.271029;14.905897;1;55;0;55;100
rococoC11-010100;0;8773.206543;49.89581;1;169;0;169;100
rococoC11-011100;0;9024.205406;56.60339;1;135;0;135;100
rococoC12-010001;0;26787.292147;50.829414;1;241;1;242;100
rococoC12-111000;0;27337.357381;53.501346;1;324;0;324;100
roi2alpha3n4;0;-80.526722;7.807845;2;684;11;695;100
roi5alpha10n8;0;-87.787142;16;2;2246;31;2277;100
roll3000;0;11097.127677;46.77651;3;35;0;35;100
rout;0;981.864286;9.898077;1;2;0;2;100
rpp22falsei;0;0;0;2;37;1;38;0
rvb-sub;0;11.206514;4.571429;1;663;6;669;100
s100;0;-0.171097;43.317795;2;24985;37;25022;100
s1234;0;0.361925;1.578294;6;1828;1;1829;100
s250r10;0;-0.167732;144.624718;2;10396;26;10422;100
s55;0;-22.151773;0;1;1672;3;1675;0
s82;0;-33.833613;710.326157;2;192700;171;192871;100
satellites1-25;0;-20;56.544916;1;232;0;232;100
satellites2-25;0;-30;407.221093;1;24585;2;24587;100
satellites2-40;0;-30;67.162241;1;12503;2;12505;100
satellites2-60-fs;0;-30;516.985048;1;2715;1;2716;100
satellites2-60;0;-30;87.159446;1;4440;2;4442;100
satellites3-25;0;-39;972.947677;1;209185;6;209191;100
satellites3-40-fs;0;-39;958.442288;1;28520;3;28523;100
satellites3-40;0;-39;977.959854;1;210254;6;210260;100
savsched1;0;6903.973708;0;3;117070;52;117122;100
scpj4scip;0;183;0;3;1179;23;1202;41.86
scpk4;0;389;0;3;2517;23;2540;21.18
scpl4;0;360;0;3;4658;52;4710;36.88
scpm1;0;774;0;3;45651;127;45778;37.97
scpn2;0;741;0;3;71452;243;71695;38.76
sct1;0;-218.139003;92.140138;1;1817;1;1818;100
sct2;0;-231.116964;17.2744;1;76;0;76;100
sct31;0;-31.962662;30.130308;1;184;0;184;100
sct32;0;-62.990833;53.144038;1;681;0;681;100
sct5;0;-228.176552;31.034278;3;240;4;244;100
seqsolve1;0;4376.282987;371.073706;19;4118;170;4288;100
seqsolve2short4288;0;0;430.323729;4;2785;42;2827;100
seqsolve3short4288excess384;0;-46401.234768;425.509375;7;13077;70;13147;100
set1ch;0;110241.5;0;2;1;0;1;100
set3-09;0;1263.077974;49.748593;3;46;0;46;100
set3-10;0;788.890655;50.61299;3;38;0;38;100
set3-15;0;8364.040745;53.876403;3;41;0;41;100
set3-16;0;9916.808562;58.149187;3;39;0;39;100
set3-20;0;10347.381087;53.849605;3;38;0;38;100
seymour-disj-10;0;320.000002;2e-06;3;1755;1;1756;100
seymour;0;454;0;3;208;0;208;7.33
seymour1;0;422.819841;0;3;233;0;233;2.94
shiftreg1-4;0;131.656032;300.178571;1;45;0;45;100
shiftreg2-7;0;206.733052;241.553825;1;66;0;66;100
shiftreg5-1;0;520.839888;728.895607;1;324;0;324;100
shipsched;0;0;2.147365;5;126;2;128;100
shipschedule3shipsi;0;-265650;0;1;33;0;33;0
shipschedule6shipsmixi;0;-301650;0;1;52;0;52;0
shipschedule8shipsmixuci;0;-401100;0;1;65;1;66;0
shs1014;0;22137.410363;389.865942;1;181159;19;181178;100
shs1042;0;9455.525826;684.883411;1;69683;20;69703;100
siena1;0;10163179.229002;146.859338;1;1733;2;1735;100
sing11;0;18640171.224643;331.879469;1;8009;7;8016;100
sing161;0;19071259.113927;996.464534;1;65267;33;65300;100
sing17;0;35483848.876514;554.751047;1;30274;21;30295;100
sing2;0;17150914.71694;252.506822;1;1853;1;1854;100
sing245;0;25024015.754083;519.079791;1;12056;10;12066;100
sing326;0;7717674.801189;203.886687;1;2811;2;2813;100
sing359;0;22534478.962498;1259.613224;1;83457;32;83489;100
sing44;0;8102513.2194;177.330369;1;3023;2;3025;100
sing5;0;18418516.013137;272.410096;1;3427;7;3434;100
snip10x10-35r1budget17;0;30;2.7;2;474;0;474;100
snp-02-004-104;0;548044802.97509;10.217187;2;4044;0;4044;100
snp-04-052-052;0;728196432.049806;735.582559;2;3572;2;3574;100
snp-06-004-052;0;1787138156.58097;33.734354;2;6367;1;6368;100
snp-10-004-052;0;5842625068.20526;48.106063;2;14383;2;14385;100
snp-10-052-052;0;5842626434.04626;1694.316668;2;16021;4;16025;100
sorrell3;0;-11;0;3;673;9;682;31.25
sorrell4;0;-16;0;3;2856;30;2886;33.33
sorrell7;0;-138;0;3;356;4;360;29.59
sorrell8;0;-259;0;3;74;1;75;26
sp150x300d;0;71;0;2;1;0;1;2.9
sp97ar;0;807607302.399999;1.342794;4;751;6;757;100
sp97ic;0;597287696.727546;1.277104;3;434;6;440;100
sp98ar;0;642003743.188383;1.613817;16;657;43;700;100
sp98ic;0;633805370.656431;1.781976;4;382;8;390;100
sp98ir;0;265679354.122102;8.206982;4;72;1;73;100
splice1k1;0;-1646.777979;8.512635;1;18768;7;18775;100
splice1k1i;0;-1654;0;1;191;7;198;0
square23;0;8.333333;12.444444;1;135;3;138;100
square31;0;8.5;13.75;1;758;17;775;100
square37;0;8.666667;13.666667;1;2352;38;2390;100
square41;0;8.839612;15.068891;1;3781;51;3832;100
square47;0;8.755814;15.976744;1;6479;103;6582;100
stoch-vrpvrp-s5v2c8vrp-v2c8i;0;0;114.363636;19;29;1;30;100
stockholm;0;173;0;2;496;0;496;38.4
stp3d;0;604.886283;537.229946;2;24750;18;24768;100
sts405;0;357;0;2;552;2;554;0
sts729;0;665;0;2;3448;5;3453;0
supportcase1;0;20078;0.020624;2;301;5;306;100
supportcase10;0;3.383924;2427.713951;2;10164;6;10170;100
supportcase11;0;-25.979452;762069;2;293343;830;294173;100
supportcase12;0;-7609.533054;54.777672;1;1694;2;1696;100
supportcase14;0;272;9.894737;2;3;0;3;100
supportcase16;0;272;9;2;2;0;2;100
supportcase17;0;0;45.488491;2;10;0;10;100
supportcase18;0;87;9.141806;2;65;1;66;100
supportcase19;0;12677206;370.390975;1;26328;62;26390;100
supportcase2;0;0;7.75;1;9452;54;9506;100
supportcase20;0;2442.144012;4.88286;1;19;0;19;100
supportcase23;0;-12952;674.436182;1;1727;0;1727;100
supportcase25;0;0.036932;11.225052;1;97;0;97;100
supportcase26;0;1288.102161;0.009948;2;2;0;2;100
supportcase27i;0;0;0.028235;1;1;0;1;100
supportcase3;0;0;754.600046;3;251;1;252;100
supportcase30;0;0;102.85702;1;74;0;74;100
supportcase31;0;-1614279.834398;0;3;1931;65;1996;56.61
supportcase33;0;-463.421212;67.102214;2;477;3;480;100
supportcase34;0;72.664116;343.748454;1;1307;3;1310;100
supportcase35;0;77847.333333;96;2;108;0;108;100
supportcase37;0;-5865.764096;28.04048;2;846;0;846;100
supportcase39;0;-1062330.369524;22.808785;5;112;10;122;100
supportcase4;0;0;537.153071;3;164;1;165;100
supportcase40;0;22536.483379;19;1;262;0;262;100
supportcase41;0;28;27.337236;5;288;1;289;100
supportcase42;0;7.343539;48.081295;1;1562;2;1564;100
supportcase43;0;0;48.147044;2;51868;3;51871;100
supportcase6;0;45090.732163;30.107438;1;1740;9;1749;100
supportcase7;0;-2396.218213;53.14731;2;1803;0;1803;100
swath;0;93009.624258;2.2;2;36;0;36;100
swath1;0;31598.395258;0.6;2;47;0;47;100
swath2;0;32714.963058;0.7;2;35;0;35;100
swath3;0;37181.234258;0.8;2;32;0;32;100
t1717;0;134531.021428;79.098998;1;277;4;281;100
t1722;0;98815.407611;52.399108;1;148;2;150;100
ta1-UUM;0;3693674.556772;4.190418;1;4;0;4;100
ta2-UUE;0;41427354.755773;0.680983;2;149;0;149;100
tanglegram1;0;0;146;1;229;2;231;100
tanglegram2;0;0;74;1;37;0;37;100
tanglegram4;0;0;214;1;802;4;806;100
tanglegram6;0;0;100;1;67;0;67;100
tbfp-bigm;0;-178.153988;30;1;388;0;388;100
tbfp-network;0;23.261535;31;1;907;3;910;100
Test3;0;2669532.692462;22.368722;2;245;3;248;100
thor50dday;0;204179;0;2;225;5;230;100
timtab1;0;1234325.333333;18.45;2;1;0;1;100
timtab1CUTS;0;613590.095426;35.885811;2;4;0;4;100
timtab2;0;1487304.333333;29.783333;2;1;0;1;100
tokyometro;0;11100;244.805246;2;64;0;64;100
toll-like;0;0;339.5;1;36;0;36;100
tpl-tub-ss16;0;8052373.477492;2148.906605;2;89497;201;89698;100
tpl-tub-ws1617;0;10498468.058836;2262.455897;2;119978;268;120246;100
tr12-30;0;188435.464884;3.580258;2;2;0;2;100
traininstance2;0;0;641.686234;2;52;0;52;100
traininstance6;0;0;381.122112;2;43;0;43;100
transportmoment;0;-70929535815.38;783.890174;2;205;0;205;100
trento1;0;5182758.848056;80.357739;1;654;0;654;100
triptim1;0;22.868087;2087.419346;1;8957;3;8960;100
triptim2;0;10.866359;801.595268;1;10589;3;10592;100
triptim3;0;13.511741;809.069096;1;11146;4;11150;100
triptim4;0;9.207022;591.583434;1;12582;3;12585;100
triptim7;0;2336.732602;590.375308;2;12266;6;12272;100
triptim8;0;2336.754853;583.67257;2;12076;6;12082;100
tw-myciel4;0;3.838028;122.191901;8;188;1;189;100
uc-case11;0;611267.013003;123.092075;1;2773;0;2773;100
uc-case3;0;7181.264177;95.341586;1;1926;0;1926;100
uccase10;0;38988.693469;403.985961;1;2585;1;2586;100
uccase12;0;11507.285324;38.32;1;2101;1;2102;100
uccase7;0;26527.789654;162.379998;1;3671;0;3671;100
uccase8;0;11142.163196;63.982247;1;2740;0;2740;100
uccase9;0;10819.582997;76.021209;2;4377;0;4377;100
uct-subprob;0;242;57.775663;1;45;0;45;100
umts;0;91618146.215272;77.667697;2;49;0;49;100
unitcal_7;0;19387712.348556;143.074673;2;771;0;771;100
usAbbrv-8-25_70;0;95;138.522583;3;33;0;33;100
usafa;0;11.961749;2930.074494;2;50850;159;51009;100
v150d30-2hopcds;0;52;0;3;106;2;108;26.83
van;0;1.72352;5.404444;1;2545;0;2545;100
var-smallemery-m6j6;0;-156.056268;90.190835;2;1135;8;1143;100
vpm2;0;13.372866;5.698001;2;1;0;1;100
vpphard;0;0;128.390476;1;202;3;205;100
vpphard2;0;0;224.687229;1;654;11;665;100
wachplan;0;-9;59.344774;2;41;1;42;100
wnq-n100-mw99-14;0;198.394737;81.157895;3;4737;30;4767;100
xmas10-2;0;-548.904684;180.189643;1;234;0;234;100
xmas10;0;-449.063962;131.814139;7;195;0;195;100
z26;0;-967;0;3;2680;42;2722;18.53
zeil;0;813.510308;818.357568;2;83688;12;83700;100
zib54-UUE;0;19164366;0;2;44;0;44;85.45
10teams;37029;917;36.681642;1;29;0;29;100
22433;37029;21552.708079;24.962328;5;6;0;6;100
23588;37029;8342.863244;17.617619;4;3;0;3;100
2club200v15p5scn;37029;-96.055556;38.611111;7;119;3;122;100
30n20b8;37029;5530;15.589981;2;98;1;99;100
30_70_45_05_100;37029;105;0;5;784;2;786;100
30_70_45_095_100;37029;58;0;5;779;2;781;100
30_70_45_095_98;37029;375;0;6;864;3;867;100
50v-10;37029;1493601.476062;0;2;4;0;4;100
a1c1s1;37029;20912.873333;0.041667;2;36;0;36;100
a2c1s1;37029;20866.0825;0;2;35;0;35;91.62
ab51-40-100;37029;-6461729251;0;3;914;1;915;37.99
ab67-40-100;37029;-7069213256;0;3;2547;1;2548;36.8
ab69-40-100;37029;-7004957456.99999;0;3;2092;1;2093;37.38
ab71-20-100;37029;-6510510462;0;3;227;1;228;37.52
ab72-40-100;37029;-6898618453.00001;0;3;781;1;782;38.33
academictimetablebig;37029;57;2027.119953;2;3237;20;3257;100
academictimetablesmall;37029;0;327.222248;2;232;4;236;100
acc-tight2;37029;0;129.034401;1;35;0;35;100
acc-tight4;37029;0;133.878393;1;59;0;59;100
acc-tight5;37029;0;121.269585;1;250;0;250;100
acc-tight6;37029;0;120.058761;1;238;0;238;100
adult-max5features;37029;0.081316;0.266955;1;912;3;915;100
adult-regularized;37029;0.077684;0.234052;1;2016;3;2019;100
aflow30a;37029;983.167425;6.510845;1;4;0;4;100
aflow40b;37029;1005.664817;8.247724;1;21;0;21;100
air03;37029;338864.25;11.875;1;56;0;56;100
air04;37029;55535.436388;52.288553;1;220;0;220;100
air05;37029;25877.609268;46.215654;1;159;0;159;100
aligninq;37029;2755;40.921868;7;14;0;14;100
allcolor10;37029;6;755.781169;2;157;1;158;100
allcolor58;37029;42;3660.566767;1;1247;4;1251;100
amaze22012-03-15i;37029;0;0;1;44;1;45;0
amaze22012-06-28i;37029;0;0;1;21;0;21;0
amaze22012-07-04i;37029;0;0;1;26;0;26;0
app1-1;37029;-2;0.179678;3;55;0;55;100
app1-2;37029;-23;1e-06;2;3949;1;3950;100
app2-1;37029;19298.5;0;2;33;0;33;0.02
app2-2;37029;219402.5;0;3;1;0;1;3.47
app3;37029;5627412.287938;3.142492;1;35;0;35;100
arki001;37029;7579599.807787;17.164714;1;33;0;33;100
assign1-10-4;37029;353.992926;52;1;37;0;37;100
assign1-5-8;37029;183.362555;24;1;2;0;2;100
atlanta-ip;37029;81.243206;325.689509;3;4349;6;4355;100
atm20-100;37029;2141734.684878;124.301066;2;104;0;104;100
australia-abs-cta;37029;0;38.750723;1;97;0;97;100
b-ball;37029;-1.818182;4.818182;1;0;0;0;100
b1c1s1;37029;69966.45;0;2;36;0;36;100
b2c1s1;37029;70651.01;0;2;35;0;35;100
bab1;37029;-286923.824223;50.52;1;260;5;265;100
bab2;37029;-353606.266494;534.575488;2;8311;29;8340;100
bab3;37029;-557391.946196;518.63538;2;30864;47;30911;100
bab5;37029;-111176.514726;175.63525;2;509;2;511;100
bab6;37029;-224575.783183;661.616846;2;5944;15;5959;100
bc;37029;13.063318;0.063318;2;103;0;103;100
bc1;37029;6.45558;0.016336;2;114;0;114;100
beasleyC1;37029;102;0;2;2;0;2;20
beasleyC2;37029;232;0;2;3;0;3;61.11
beasleyC3;37029;958;0;2;3;0;3;27.06
beavma;37029;407840.4;0;3;1;0;1;6.41
berlin;37029;1741;0;2;27;0;27;66.76
berlin_5_8_0;37029;52;64.959947;3;5;0;5;100
bg512142;37029;323992.007013;52.989642;3;28;0;28;100
biella1;37029;3060037.430763;98.771008;1;238;0;238;100
bienst1;37029;11.724138;4.390524;1;2;0;2;100
bienst2;37029;11.724138;5.390524;1;2;0;2;100
binkar10_1;37029;6637.188027;9.084811;1;7;0;7;100
blend2;37029;7.489992;0.492283;2;0;0;0;100
bley_xl1;37029;265.571332;336.926676;6;21325;24;21349;100
bley_xs1;37029;213538830.272187;107.27048;3;155;0;155;100
bley_xs1noM;37029;251120149.512445;78.38821;8;138;2;140;100
bley_xs2;37029;48593009.277766;66.02141;2;23;0;23;100
blp-ar98;37029;14303.194003;9.189386;9;106;17;123;100
blp-ic97;37029;6123.238237;3.473359;16;80;19;99;100
blp-ic98;37029;14141.050706;0.1;4;123;7;130;100
blp-ir98;37029;5639.818879;2.497817;2;43;1;44;100
bmocbd;37029;-32041010095048.5;0;1;723;6;729;0
bmocbd2;37029;-31953009810558.2;0;1;826;6;832;0
bmocbd3;37029;45423160355.8175;0;2;16406;14;16420;100
bmoipr2;37029;-46628940.711141;0.160693;3;95;1;96;100
bnatt350;37029;0;91.914943;4;78;0;78;100
bnatt400;37029;0;98.918149;7;67;1;68;100
bppc4-08;37029;51.59;8.850948;1;18;0;18;100
bppc6-02;37029;108.34;11.886994;1;149;0;149;100
bppc6-06;37029;200.633333;14.947367;1;165;0;165;100
bppc8-02;37029;486.5;3.204377;1;1;0;1;100
bppc8-09;37029;444.436047;5.98123;1;4;0;4;100
brasil;37029;31819;0;2;28;0;28;100
brazil3;37029;2;656.675844;1;1013;1;1014;100
breastcancer-regularized;37029;0.00046;0.002809;1;7;0;7;100
bts4-cta;37029;33524.637606;1130;1;615;0;615;100
buildingenergy;37029;33246.215059;1468.85;2;15659;7;15666;100
cap6000;37029;-2446875;0;3;46;1;47;0.18
cbs-cta;37029;0;28.754656;1;112;0;112;100
cdc7-4-3-2;37029;-231;0;3;36607;5;36612;19.79
chromaticindex1024-7;37029;4;16002.682953;2;2338;11;2349;100
chromaticindex128-5;37029;4;2021.163699;2;161;1;162;100
chromaticindex256-8;37029;4;4069.477083;2;388;2;390;100
chromaticindex32-8;37029;4;504.8875;2;18;0;18;100
chromaticindex512-7;37029;4;8183.527137;2;1058;4;1062;100
ci-s4;37029;4.963809;19.526141;2;66;0;66;100
circ10-3;37029;140;154.207692;1;180;1;181;100
cmflsp40-24-10-7;37029;52605868.952858;70.70093;3;390;0;390;100
cmflsp40-36-2-10;37029;72898024.959478;295.649246;3;822;0;822;100
cmflsp50-24-10-4;37029;64492612.641644;81.236085;3;338;0;338;100
cmflsp50-24-8-8;37029;59814378.749021;131.86946;3;328;0;328;100
cmflsp60-36-2-6;37029;97887903.946142;370.689759;3;1718;0;1718;100
CMS750_4;37029;250;258.046726;3;110;1;111;100
co-100;37029;1250429.774879;9.799423;2;276;19;295;100
cod105;37029;-8;0;3;461;1;462;33.33
comp07-2idx;37029;0;139.65;2;1383;1;1384;100
comp08-2idx;37029;0;183.178592;3;189;1;190;100
comp12-2idx;37029;11;249.122949;3;1253;2;1255;100
comp16-3idx;37029;4;722.299516;1;8284;2;8286;100
comp21-2idx;37029;0;197.95;2;1030;1;1031;100
control30-3-2-3;37029;-20763026.787568;27.97054;1;6;0;6;100
core2536-691;37029;797;0;3;1444;3;1447;15.67
core2586-950;37029;1164;0;3;877;3;880;22.78
core4284-1064;37029;1303;0;3;4906;6;4912;22.58
core4872-1529;37029;1837;0;3;2832;5;2837;20.07
cost266-UUE;37029;42001606.28;0;2;72;0;72;67.01
cov1075;37029;35;0;2;5;0;5;75
cryptanalysiskb128n5obj16;37029;0;7174.215397;2;897;7;904;100
csched007;37029;269.251587;22.185714;1;38;0;38;100
csched008;37029;171;19.809478;1;12;0;12;100
csched010;37029;332.422727;20.035354;1;33;0;33;100
cvrpa-n64k9vrpi;37029;0;211.276596;1;347;3;350;100
cvrpb-n45k5vrpi;37029;0;153.312977;1;148;1;149;100
cvrpp-n16k8vrpi;37029;0;50.625;1;36;0;36;100
cvrpsimple2i;37029;0;25.8;1;2;0;2;100
cvs08r139-94;37029;-24;0;3;14;0;14;79.31
cvs16r106-72;37029;-10;0;3;31;0;31;87.65
cvs16r128-89;37029;-11;0;3;36;0;36;88.66
cvs16r70-62;37029;-5;0;3;29;0;29;88.1
cvs16r89-60;37029;-7;0;3;27;0;27;89.23
d10200;37029;12425.583005;34.236879;1;50;0;50;100
d20200;37029;12229.625788;62.339279;1;312;0;312;100
dale-cta;37029;0;0.00473;1;277;0;277;100
dano3mip;37029;576.23162;15.294513;1;1685;0;1685;100
dano3_3;37029;576.23162;1.932181;1;1916;0;1916;100
dano3_5;37029;576.23162;2.871834;1;1774;0;1774;100
danoint;37029;62.63728;5.819184;1;16;0;16;100
dc1c;37029;1754946.863638;139.779852;1;349;1;350;100
dc1l;37029;203610672.021484;0;3;1397;17;1414;100
dcmulti;37029;184858.396836;12.823814;3;3;0;3;100
decomp1;37029;-120;98.888889;1;48;0;48;100
decomp2;37029;-160;93.138889;1;53;0;53;100
dfn-bwin-DBE;37029;797567.4;0;2;33;0;33;100
dfn-gwin-UUM;37029;27467.257235;5.653537;1;1;0;1;100
dg012142;37029;5895516.340434;39.442147;5;206;0;206;100
diameterc-mstc-v20a190d5i;37029;291;62;1;36;0;36;100
diameterc-msts-v40a100d5i;37029;324;100.621212;1;35;0;35;100
disctom;37029;-5000;51.166667;1;213;0;213;100
disktom;37029;-5000;51.166667;1;217;0;217;100
dolom1;37029;6556066.068315;110.72091;1;485;1;486;100
drayage-100-12;37029;21458.311901;43.599962;1;65;0;65;100
drayage-100-23;37029;11714.141979;43.32781;1;131;0;131;100
drayage-25-23;37029;11714.141979;42.142735;1;135;0;135;100
drayage-25-27;37029;26785.797043;43.712602;1;58;0;58;100
drayage-25-32;37029;32519.997253;43.268141;1;58;0;58;100
ds-big;37029;86.820068;30.669231;1;7768;21;7789;100
ds;37029;57.234565;33.463549;1;949;6;955;100
dws008-01;37029;708.876687;16.484655;2;58;0;58;100
dws008-03;37029;716.047081;7.806469;2;126;1;127;100
dws012-01;37029;3473.575073;26.230322;2;132;1;133;100
dws012-02;37029;2128.039491;19.344808;2;246;3;249;100
dws012-03;37029;2125.884828;18.678617;2;330;4;334;100
eil33-2;37029;811.278996;3.61563;1;35;0;35;100
eilA101-2;37029;803.373888;7.408683;1;906;6;912;100
eilB101;37029;1075.247691;12.807028;1;20;0;20;100
eilC76-2;37029;725.754458;7.780208;1;287;2;289;100
ej;37029;1;0.243844;1;0;0;0;100
elitserienhandball11i;37029;0;1421.352265;1;252;1;253;100
elitserienhandball13i;37029;0;1357.692232;1;302;1;303;100
elitserienhandball14i;37029;0;1543.7577;1;256;1;257;100
elitserienhandball3i;37029;0;1525.315516;1;273;1;274;100
enlight13;37029;0;0.5;1;0;0;0;100
enlight15;37029;0;0.5;1;0;0;0;100
enlight8;37029;0;0.5;1;0;0;0;100
enlight_hard;37029;0;14.5;1;0;0;0;100
eva1aprime5x5opt;37029;-497.247729;0.844656;1;419;0;419;100
eva1aprime6x6opt;37029;-495.49243;7.714269;1;2051;0;2051;100
ex10;37029;100;100;1;17317;6;17323;100
ex1010-pi;37029;314;0;3;660;8;668;33.62
ex9;37029;81;81;1;1830;3;1833;100
exp-1-500-5-5;37029;97666.305541;4.045842;2;2;0;2;100
f2000;37029;1383;1280;2;3512;0;3512;100
f2gap201600;37029;76429.862296;1.402159;1;3;0;3;100
f2gap401600;37029;82274.237434;1.19002;1;3;0;3;100
f2gap40400;37029;20650.898154;3.25358;1;1;0;1;100
f2gap801600;37029;86570.120867;5.266841;1;4;0;4;100
fast0507;37029;221;0;3;566;13;579;27.01
fastxgemm-n2r6s0t2;37029;27;9;1;31;0;31;100
fastxgemm-n2r7s4t1;37029;27;9;1;33;0;33;100
fastxgemm-n3r21s3t6;37029;84;27;1;2438;0;2438;100
fastxgemm-n3r22s4t6;37029;84;27;1;2656;0;2656;100
fastxgemm-n3r23s5t6;37029;84;27;1;2730;0;2730;100
fhnw-binpack4-48;37029;0;333.285714;2;115;0;115;100
fhnw-binpack4-58;37029;0;467.321429;2;132;1;133;100
fhnw-binpack4-77;37029;0;207.310714;2;108;0;108;100
fhnw-binschedule0;37029;12632.888779;685.581929;3;11687;38;11725;100
fhnw-binschedule2;37029;1706.886254;185.026392;3;190;3;193;100
fhnw-schedule-paira100;37029;-36.643681;5.147307;2;139;0;139;100
fhnw-schedule-paira200;37029;-73.826479;8.938667;2;272;2;274;100
fhnw-schedule-paira400;37029;-146.941079;19.26431;2;1175;12;1187;100
fhnw-schedule-pairb200;37029;-73.826479;516.184695;2;1127;5;1132;100
fhnw-schedule-pairb400;37029;-146.941079;2338.646383;2;7597;21;7618;100
fhnw-sq2;37029;0;14.298419;1;4;0;4;100
fiball;37029;137.069168;82.028566;1;127;1;128;100
fiber;37029;1023943.76;9.839127;2;3;0;3;100
fillomino7x7-0i;37029;0;0;1;33;0;33;0
fixnet6;37029;12170;0;2;1;0;1;100
fjspeasy01i;37029;216;0;1;38;0;38;0
flugpl;37029;1167185.725592;3.538918;1;0;0;0;100
g200x740;37029;45614;0;2;2;0;2;2.93
g200x740i;37029;44069;0;2;2;0;2;46.48
gasprod1-1;37029;4539.90753;51.5198;7885;796;6508;7304;100
gasprod1-2;37029;1691.141291;51.497411;6853;546;4808;5354;100
gasprod1-3;37029;3682.336923;49.221179;8368;554;6022;6576;100
gasprod2-1;37029;1306101.609201;404.201103;19;1799;15;1814;100
gasprod2-2;37029;1330631.091637;502.800224;36;1759;27;1786;100
gen-ip002;37029;-511.036897;0;3;0;0;0;89.32
gen-ip016;37029;-9505.628173;1.906914;1;0;0;0;100
gen-ip021;37029;6642.05262;2.217259;4;0;0;0;100
gen-ip036;37029;-2162.833562;0;3;1;0;1;53.05
gen-ip054;37029;16786.476526;1.032398;5;0;0;0;100
gen;37029;112130.040664;7.929263;1;3;0;3;100
genus-g31-8;37029;-27;83;1;1023;1;1024;100
genus-g61-25;37029;-58;249.312678;1;680;1;681;100
genus-sym-g31-8;37029;-27;154.805251;2;3630;3;3633;100
genus-sym-g62-2;37029;-54;251.108763;2;22202;3;22205;100
genus-sym-grafo5708-48;37029;-27;115.061005;1;1207;0;1207;100
ger50-17-ptp-pop-3t;37029;3466.324873;45.213645;1;112;0;112;100
ger50-17-ptp-pop-6t;37029;6804.447088;50.477969;1;84;0;84;100
ger50-17-trans-dfn-3t;37029;3453.475245;37.741927;1;148;1;149;100
ger50-17-trans-pop-3t;37029;3456.252922;49.487013;1;151;1;152;100
ger50_17_trans;37029;6850.628623;48.22611;1;148;1;149;100
germanrr;37029;46445702.956442;53.468182;2;702;4;706;100
germany50-DBM;37029;438028;23.4;1;130;0;130;100
germany50-UUM;37029;597932.5;24.4;1;34;0;34;100
gesa2-o;37029;25748173.191117;13.380406;2;5;0;5;100
gesa2;37029;25477017.874283;13.26737;2;7;0;7;100
gfd-schedulen180f7d50m30k18-16i;37029;18;108.864749;1;5833;87;5920;100
gfd-schedulen180f7d50m30k18;37029;1;4971.136881;2;3645;21;3666;100
gfd-schedulen25f5d20m10k3i;37029;3;13.619895;1;63;1;64;100
gfd-schedulen55f2d50m30k3i;37029;3;27.695911;1;157;3;160;100
ghoulomb4-9-10i;37029;9;0;1;60;1;61;0
glass-sc;37029;23;0;3;118;1;119;0
glass4;37029;800002400;2.059524;1;1;0;1;100
gmu-35-40;37029;-2400283.756506;1.911023;2;9;0;9;100
gmu-35-50;37029;-2606307.146543;3.420099;2;20;0;20;100
gmut-75-50;37029;-14182312.661731;4.988967;1;571;5;576;100
gmut-76-40;37029;-14171086.316075;9.054451;1;240;2;242;100
gmut-76-50;37029;-14173884.188063;4.201959;1;468;6;474;100
gmut-77-40;37029;-14173396.636852;2.97325;1;234;2;236;100
go19;37029;96;0;3;5;0;5;14.29
gr4x6;37029;229.05;0;2;0;0;0;13.19
graph20-20-1rand;37029;-37;48.5;1;50;0;50;100
graph20-80-1rand;37029;-117;142;1;1671;1;1672;100
graph40-20-1rand;37029;-157;183.5;1;3988;2;3990;100
graph40-40-1rand;37029;-300;327;1;90583;10;90593;100
graphdraw-domain;37029;12672;18.037296;1;2;0;2;100
graphdraw-gemcutter;37029;4310;10.690226;1;2;0;2;100
graphdraw-grafo2;37029;35762;325.965485;1;758;3;761;100
graphdraw-mainerd;37029;30496;102.656285;1;83;0;83;100
graphdraw-opmanager;37029;54717;178.181738;1;430;1;431;100
gsvm2rl11;37029;35640.343493;0;2;346;0;346;96.67
gsvm2rl12;37029;50;0;2;566;0;566;100
gsvm2rl3;37029;0.6;0;2;4;0;4;78.29
gsvm2rl5;37029;10;0;2;8;0;8;84.4
gsvm2rl9;37029;16356.825869;0;2;57;0;57;100
gt2;37029;13460.233074;0.728107;1;0;0;0;100
h50x2450;37029;11147.731511;3.696751;1;29;0;29;100
h80x6320;37029;3700;0;1;23;0;23;0
h80x6320d;37029;5325.160104;2.515625;1;37;0;37;100
hanoi5;37029;1931;324;4;157;2;159;100
haprp;37029;3665963.213506;96.940858;1;4;0;4;100
harp2;37029;-74353341.5023;5.485338;1;6;0;6;100
hgms-det;37029;-53824.391476;32.676364;1;206;0;206;100
hgms30;37029;-53349.215497;60.694272;1;9233;0;9233;100
hgms62;37029;-53416.649907;61.317531;1;27134;0;27134;100
hypothyroid-k1;37029;-2902.852586;39.591978;1;7369;2;7371;100
ic97_potential;37029;4060;54.466667;2;5;0;5;100
ic97_tension;37029;3911;15.366667;2;2;0;2;100
icir97_potential;37029;6620;169.333333;2;32;0;32;100
icir97_tension;37029;6302;97.366667;2;3;0;3;100
iis-100-0-cov;37029;41;0;3;93;0;93;41.38
iis-bupa-cov;37029;49;0;3;139;0;139;36.11
iis-glass-cov;37029;28;0;3;116;1;117;33.33
iis-hc-cov;37029;22;0;3;186;3;189;29.41
iis-pima-cov;37029;41;0;3;224;1;225;24.24
irp;37029;12123.530222;6;1;77;1;78;100
istanbul-no-cutoff;37029;51.11;3.607411;1;425;0;425;100
ivu06-big;37029;135.427718;95.799872;1;54913;180;55093;100
ivu06;37029;135.901353;97.120377;1;15751;57;15808;100
ivu52;37029;480.250439;83.13028;1;7154;15;7169;100
ivu59;37029;884.456993;122.834601;1;107153;215;107368;100
janos-us-DDM;37029;1488134.75;22.375;1;5;0;5;100
k16x240;37029;11359;0;2;0;0;0;6.42
k16x240b;37029;12874;0;2;0;0;0;13
k1mushroom;37029;-4165.061224;43.877551;1;16515;7;16522;100
k1mushroomi;37029;-4208;0;1;191;6;197;0
khb05250;37029;126785464;0;2;1;0;1;18.56
l2p12;37029;2;1084.341227;1;334;1;335;100
l2p1i;37029;1;186.848182;1;845;15;860;100
l2p2i;37029;1;9.888081;1;56;1;57;100
lectsched-1-obj;37029;0;5.975758;2;230;6;236;100
lectsched-1;37029;0;3.151515;2;199;8;207;100
lectsched-2;37029;0;17.32803;5;115;8;123;100
lectsched-3;37029;0;25.257576;6;222;15;237;100
lectsched-4-obj;37029;0;12.074242;4;69;3;72;100
lectsched-5-obj;37029;0;4.117424;2;206;5;211;100
leo1;37029;1181219706.24;0;3;81;2;83;100
leo2;37029;1344214233.44;0;3;197;5;202;100
liu;37029;346;10.938399;2;6;0;6;100
loopha13;37029;6.279;1.10216;2;214;2;216;100
lotsize;37029;1335747.052789;7.405615;2;7;0;7;100
lr1dr02vc05v8a-t360;37029;120706.326475;174.298112;1;1076;1;1077;100
lr1dr04vc05v17a-t360;37029;247111.69248;335.090553;1;1953;2;1955;100
lr1dr12vc10v70b-t360;37029;983950.247945;1069.593454;1;42502;9;42511;100
lr2-22dr3-333vc4v17a-t60;37029;-72838.215835;239.748662;2;35807;9;35816;100
lrn;37029;42701141.648089;65.099086;2;508;0;508;100
m100n500k4r1;37029;-17;0;3;7;0;7;32
macrophage;37029;0;339;1;33;0;33;100
mad;37029;0;3.084841;1;1;0;1;100
manna81;37029;-11868;0;3;40;0;40;9.85
map06;37029;-406.181173;7.868443;1;2465;1;2466;100
map10;37029;-602.176181;11.248146;1;2639;1;2640;100
map14;37029;-778.549324;11.962355;1;2238;1;2239;100
map14860-20;37029;-998.836419;10.400693;1;2648;1;2649;100
map16715-04;37029;-296.267898;4.997036;1;2387;1;2388;100
map18;37029;-932.782685;11.173489;1;4146;1;4147;100
map20;37029;-998.836419;10.400693;1;2505;1;2506;100
mappingmesh3x3mpeg2i;37029;87.555556;87.202393;1;39;0;39;100
mario-t-hard5i;37029;-4482;10.942559;1;1321;2;1323;100
markshare1;37029;230;0;2;0;0;0;100
markshare2;37029;454;0;2;0;0;0;100
markshare_4_0;37029;226;0;2;0;0;0;100
markshare_5_0;37029;337;0;2;0;0;0;100
mas74;37029;10482.79528;3.103514;1;1;0;1;100
mas76;37029;38893.903641;2.555097;1;1;0;1;100
maxgasflow;37029;-70929535.9;647.128713;2;51;0;51;100
mc11;37029;13509;0;2;28;0;28;15.57
mc7;37029;5796;0;2;26;0;26;69.62
mc8;37029;1929;0;2;25;0;25;23.18
mcsched;37029;193774.753707;340.221655;1;127;0;127;100
methanosarcina;37029;0;313;1;101;0;101;100
mik-250-1-100-1;37029;0;0;2;4;0;4;100
mik-250-20-75-1;37029;0;0;2;4;0;4;100
mik-250-20-75-2;37029;0;0;2;3;0;3;100
mik-250-20-75-3;37029;0;0;2;3;0;3;100
mik-250-20-75-4;37029;0;0;2;3;0;3;100
mik-250-20-75-5;37029;0;0;2;3;0;3;100
milo-v12-6-r1-58-1;37029;410986.648167;146.256423;1;142;0;142;100
milo-v12-6-r1-75-1;37029;669700.757896;230.843427;1;188;0;188;100
milo-v12-6-r2-40-1;37029;205532.322265;97.799498;1;65;0;65;100
milo-v13-4-3d-3-0;37029;23359.288017;1.476277;1;14;0;14;100
milo-v13-4-3d-4-0;37029;34031.171805;2.550972;1;23;0;23;100
mine-166-5;37029;-821763677.673139;187.331384;1;220;0;220;100
mine-90-10;37029;-887165318.510226;202.375368;1;179;0;179;100
mining;37029;-885962268.692866;8562.753844;62;105989;1592;107581;100
minutedispatchstrategy;37029;1898.391429;412.137934;2;1103;2;1105;100
misc07;37029;1415;8;1;2;0;2;100
mitre;37029;114740.518481;224.156743;1;107;0;107;100
mkc;37029;-581.85;16.208843;3;33;0;33;100
mkc1;37029;-611.85;3.942199;3;33;0;33;100
mod010;37029;6532.083333;14.166667;1;14;0;14;100
modglob;37029;20786787.016883;0;2;2;0;2;0.22
moj-mining;37029;-1520532907.35018;566.626558;2;45724;0;45724;100
momentum1;37029;134660.011921;48.045264;2;996;0;996;100
momentum2;37029;61266.821316;84.616225;3;709;2;711;100
momentum3;37029;107721.82427;144.721031;3;8416;1;8417;100
mrcpspj30-15-5i;37029;23;136.179484;1;48;1;49;100
mrcpspj30-17-10i;37029;25;28.677778;1;40;0;40;100
mrcpspj30-53-3i;37029;30;39.081217;1;37;0;37;100
msc98-ip;37029;19520966.151663;338.886443;2;4355;2;4357;100
mspp16;37029;341;1.241379;1;27075;155;27230;100
mspsphard01i;37029;16;0;1;43;0;43;0
mspsphard03i;37029;20;0;1;82;1;83;0
mtest4ma;37029;60342;0;2;2;0;2;15.71
mushroom-best;37029;1.3e-05;0.0192;1;306;1;307;100
mzzv11;37029;-22556.460829;174.328454;2;422;3;425;100
mzzv42z;37029;-18842.814586;198.473995;2;297;2;299;100
n13-3;37029;14401970;0;2;26;0;26;100
n15-3;37029;71710891;0;2;3345;0;3345;0
n2seq36f;37029;71600;0;3;36;1;37;37.16
n2seq36q;37029;101037.6;28.84;3;157;3;160;100
n3-3;37029;24003430;0;2;129;0;129;100
n3700;37029;1342560;0;2;28;0;28;9.36
n3705;37029;1342540;0;2;29;0;29;9.55
n3707;37029;1301218;0;2;29;0;29;9.65
n3709;37029;1324904;0;2;28;0;28;9.68
n370a;37029;1353042;0;2;28;0;28;0
n370b;37029;1373791;0;2;27;0;27;11.06
n3div36;37029;174200;0;3;139;7;146;33.18
n3seq24;37029;189433.068485;51.670786;3;2973;59;3032;100
n4-3;37029;13501875;0;2;48;0;48;100
n5-3;37029;12301325;0;2;14;0;14;100
n6-3;37029;16502900;0;2;40;0;40;100
n7-3;37029;14704310;0;2;39;0;39;100
n9-3;37029;21603625;0;2;141;0;141;100
nag;37029;465;14.734996;3;58;0;58;100
neos-1061020;37029;-145860.370608;501.179054;1;937;0;937;100
neos-1067731;37029;669053;81.272727;1;508;0;508;100
neos-1109824;37029;278;22;1;59;0;59;100
neos-1112782;37029;22000000110147.3;0;2;25;0;25;100
neos-1112787;37029;19500000125389.7;0;2;22;0;22;100
neos-1122047;37029;162.181757;1.265657;2;566;0;566;100
neos-1171448;37029;-309;0.936995;2;79;0;79;100
neos-1171692;37029;-273;3.730892;2;42;0;42;100
neos-1171737;37029;-195;8.004699;2;43;0;43;100
neos-1225589;37029;5e+09;0;2;1;0;1;100
neos-1311124;37029;-182;5;2;3;0;3;100
neos-1324574;37029;4.5;144;1;37;0;37;100
neos-1330346;37029;4.5;76.5;1;120;0;120;100
neos-1337307;37029;-201272;272.493985;2;53;0;53;100
neos-1354092;37029;46;238.398385;2;1043;2;1045;100
neos-1367061;37029;31320456.264497;4.625;2;1999;1;2000;100
neos-1396125;37029;3000.053717;12.531496;2;7;0;7;100
neos-1420546;37029;22124.4;103.140678;1;372;0;372;100
neos-1420790;37029;2942.750002;75.132359;1;48;0;48;100
neos-1423785;37029;-1816.666667;311.9714;1;246;0;246;100
neos-1425699;37029;3175204364.6353;5.264952;1;0;0;0;100
neos-1426635;37029;-178;6.429182;2;2;0;2;100
neos-1426662;37029;-52;10.501303;2;4;0;4;100
neos-1429212;37029;30;702.979352;1;5549;12;5561;100
neos-1430701;37029;-78;6.669599;2;2;0;2;100
neos-1436709;37029;-129;3.502607;2;3;0;3;100
neos-1440225;37029;36;32.95203;1;107;0;107;100
neos-1440460;37029;-180;4.85975;2;3;0;3;100
neos-1442119;37029;-182;2.580471;2;3;0;3;100
neos-1442657;37029;-156;4.002933;2;2;0;2;100
neos-1445532;37029;-22860;8.21746;2;91;0;91;100
neos-1445738;37029;-24232.548846;16.549339;1;141;0;141;100
neos-1445743;37029;-24579.832968;16.952539;1;141;0;141;100
neos-1445765;37029;-24699.19766;17.463301;1;166;0;166;100
neos-1456979;37029;154;8.434222;1;36;0;36;100
neos-1516309;37029;34769.833333;9.166667;2;29;0;29;100
neos-1582420;37029;88.469527;56.693409;5;80;1;81;100
neos-1593097;37029;4424;55.795872;1;98;1;99;100
neos-1599274;37029;32194.742857;6.464286;3;63;0;63;100
neos-1601936;37029;1;160.240666;1;781;0;781;100
neos-1603965;37029;619244367.662955;0.000913;1;634;0;634;100
neos-1605061;37029;6.150735;155.194245;1;2171;0;2171;100
neos-1605075;37029;3.214461;172.430143;1;2172;0;2172;100
neos-1616732;37029;174;0;3;5;0;5;9.43
neos-1620770;37029;22;35;2;46;0;46;100
neos-2294525-abba;37029;156.177251;16.374339;1;89;0;89;100
neos-2328163-agri;37029;26069;48.333333;1;63;0;63;100
neos-2624317-amur;37029;0;24.102739;1;3;0;3;100
neos-2629914-sudost;37029;39622;6.805742;1;200;0;200;100
neos-2652786-brda;37029;0;23.382167;2;3;0;3;100
neos-2657525-crna;37029;0;28.348834;2;2;0;2;100
neos-2669500-cust;37029;2221.9;230.19862;2;973;15;988;100
neos-2746589-doon;37029;1985.75;129.965898;2;327;6;333;100
neos-2974461-ibar;37029;473452396.770997;3364;2;216323;32;216355;100
neos-2978193-inde;37029;-2.418518;7.4;1;59;0;59;100
neos-2978205-isar;37029;-12.415307;28.8;1;216;0;216;100
neos-2987202-jeir;37029;-1847551552.23661;1035.632796;2;66794;1;66795;100
neos-2987310-joes;37029;-610797465.676974;19.875;2;1093;0;1093;100
neos-2991472-kalu;37029;441.200405;3.938339;5;4199;278;4477;100
neos-3004026-krka;37029;0;832;1;52;0;52;100
neos-3009394-lami;37029;0.642857;216.285714;1;4;0;4;100
neos-3024952-loue;37029;22882;103.3;1;242;0;242;100
neos-3025225-shelon;37029;0.052574;323.690533;1;99538;50;99588;100
neos-3046601-motu;37029;185;0.4492;1;1;0;1;100
neos-3046615-murg;37029;192;0.3458;1;1;0;1;100
neos-3048764-nadi;37029;-3883988306.36669;0;2;56;1;57;0
neos-3065804-namu;37029;0;0;1;209;0;209;0
neos-3068746-nene;37029;77427529.530929;55.412658;2;133;0;133;100
neos-3072252-nete;37029;10593526;1.938794;2;1;0;1;100
neos-3075395-nile;37029;54.924463;0.00048;1;157;0;157;100
neos-3083784-nive;37029;0;12;1;25;0;25;100
neos-3083819-nubu;37029;6290575.552807;13.541087;1;46;0;46;100
neos-3116779-oban;37029;0;0;1;23;0;23;0
neos-3118745-obra;37029;357;0;2;4;0;4;40
neos-3148108-pahi;37029;0;0;1;275;1;276;0
neos-3209462-rhin;37029;0;49.45122;2;4440;1;4441;100
neos-3209519-ruhr;37029;332.85;25.900482;1;55;0;55;100
neos-3214367-sovi;37029;87802.732596;100.08443;1;2253;0;2253;100
neos-3216931-puriri;37029;58817.353066;51.40019;1;1192;0;1192;100
neos-3226448-wkra;37029;0;512.043709;1;882;0;882;100
neos-3237086-abava;37029;0;96;1;298;3;301;100
neos-3322547-alsek;37029;616;115.178534;2;10682;66;10748;100
neos-3352863-ancoa;37029;495300;0;2;661;10;671;100
neos-3354841-apure;37029;48447.926267;4.407066;1;2540;23;2563;100
neos-3355120-tarago;37029;-20453473.616781;80.899969;1;595;1;596;100
neos-3355323-arnon;37029;0;33.818182;4;75;3;78;100
neos-3372571-onahau;37029;0.57699;8.695953;2;1500;0;1500;100
neos-3373491-avoca;37029;21687686014.0154;26.555947;1;6;0;6;100
neos-3381206-awhea;37029;432;61.334767;2;5;0;5;100
neos-3402294-bobin;37029;0;39.298587;1;1073;9;1082;100
neos-3426085-ticino;37029;235;41.78747;3;30;0;30;100
neos-3426132-dieze;37029;427;103.670666;2;54;1;55;100
neos-3437289-erdre;37029;0;0;1;77;0;77;0
neos-3530903-gauja;37029;170;33.253136;3;4;0;4;100
neos-3530905-gaula;37029;153;29.042208;2;3;0;3;100
neos-3555904-turama;37029;-41.45;29;1;850;4;854;100
neos-3572885-glina;37029;0;0;1;408;2;410;0
neos-3581454-haast;37029;1640;52;1;107;0;107;100
neos-3592146-hawea;37029;7237144.855333;13.694653;1;43;0;43;100
neos-3594536-henty;37029;383205;2498;1;144;1;145;100
neos-3603137-hoteo;37029;0;38.166667;3;41;1;42;100
neos-3610040-iskar;37029;46;0;2;2;0;2;24.32
neos-3610051-istra;37029;64;0;2;9;0;9;30.61
neos-3610173-itata;37029;180;0;2;6;0;6;21.62
neos-3611447-jijia;37029;129;0;2;3;0;3;20.56
neos-3611689-kaihu;37029;151;0;2;3;0;3;26.89
neos-3615091-sutlej;37029;-1506391.117177;170;1;1825;9;1834;100
neos-3627168-kasai;37029;1020229.4;0;2;3;0;3;3.2
neos-3634244-kauru;37029;0;152.72;1;4457;8;4465;100
neos-3636886-kereu;37029;4092.95754;2e-05;2;60;1;61;100
neos-3656078-kumeu;37029;-18774.7;92.164195;2;187;1;188;100
neos-3660371-kurow;37029;286.534383;17.739294;1;40;0;40;100
neos-3661949-lesse;37029;688975700;0.00026;2;53;0;53;100
neos-3665875-lesum;37029;248.325;41.380444;2;69;0;69;100
neos-3682128-sandon;37029;79915933.274829;141.641588;2;274;1;275;100
neos-3691541-lonja;37029;-0.079271;1.110009;2;43;0;43;100
neos-3695882-vesdre;37029;-145935.214286;38.466278;1;511;3;514;100
neos-3696678-lyvia;37029;5.599133;305.182559;2;48;0;48;100
neos-3699377-maori;37029;135877.224265;86.475608;2;102;0;102;100
neos-3703351-marne;37029;317056.210386;71.850613;2;57;0;57;100
neos-3740487-motru;37029;152.145486;225.379322;2;40934;67;41001;100
neos-3754480-nidda;37029;-1216923.270104;12.186832;1;3;0;3;100
neos-3755335-nizao;37029;50.030157;76.942384;2;523;1;524;100
neos-3759587-noosa;37029;48.334468;2.274444;2;323;1;324;100
neos-3761878-oglio;37029;422769.022545;74.732087;2;44;0;44;100
neos-3762025-ognon;37029;603955.746492;53.791954;2;35;0;35;100
neos-4165869-wannon;37029;282.410166;126.294292;3;491;5;496;100
neos-4260495-otere;37029;3336.109119;244.496957;2;891;14;905;100
neos-4264598-oueme;37029;4322420655.77198;2999.342361;241;3875;150;4025;100
neos-4285819-pedja;37029;9.198008;18.083988;2;126346;85;126431;100
neos-4290317-perth;37029;6352398.05574;0;2;640;1;641;100
neos-4292145-piako;37029;203285265.067233;3216.29981;241;3977;182;4159;100
neos-4295773-pissa;37029;0;3220.505376;1;5457;4;5461;100
neos-4300652-rahue;37029;0;52.333333;2;691;2;693;100
neos-4306827-ravan;37029;-35696.901913;771.837676;2;1076;13;1089;100
neos-4321076-ruwer;37029;1880.558333;39.333333;1;15354;1;15355;100
neos-4322846-ryton;37029;0.419848;25.388427;1;518;5;523;100
neos-4332801-seret;37029;222328.384492;5750.571985;4;117743;3594;121337;100
neos-4332810-sesia;37029;-33455.127882;4060.356957;11;131000;7941;138941;100
neos-4333464-siret;37029;24.731464;0.125;2;64;0;64;100
neos-4333596-skien;37029;-14653956.91493;0.180763;1;20;0;20;100
neos-4335793-snake;37029;0;300.868689;2;1048;2;1050;100
neos-4338804-snowy;37029;1447;0.3136;3;7;0;7;100
neos-4343293-stony;37029;51.62736;0.5;2;70;0;70;100
neos-4355351-swalm;37029;33.822611;0.094819;2;200;3;203;100
neos-4358725-tagus;37029;6199.400001;197.672071;73;730;15;745;100
neos-4359986-taipa;37029;0.296593;39.671142;1;1494;1;1495;100
neos-4360552-sangro;37029;-29.5;572.086779;1;10580;1;10581;100
neos-4387871-tavua;37029;36.445048;0.2;2;64;0;64;100
neos-4391920-timok;37029;9e-06;37.747142;1;6966;4;6970;100
neos-4393408-tinui;37029;340.267489;0.2;2;44;0;44;100
neos-4408804-prosna;37029;914.483516;66.321429;1;2714;1;2715;100
neos-4409277-trave;37029;0;347.723278;1;1877;1;1878;100
neos-4413714-turia;37029;43.474651;370.587709;1;1952;8;1960;100
neos-4532248-waihi;37029;0;26.808725;1;709;4;713;100
neos-4533806-waima;37029;3063.318841;99;1;1066;7;1073;100
neos-4545615-waita;37029;3606.59419;108.263827;1;15086;62;15148;100
neos-4555749-wards;37029;3026.812121;70;1;1034;10;1044;100
neos-4562542-watut;37029;3743.304348;85.428571;1;3316;13;3329;100
neos-4647027-thurso;37029;26911.641616;127.083433;1;2498;0;2498;100
neos-4647030-tutaki;37029;26911.641616;130.175014;1;2932;0;2932;100
neos-4647032-veleka;37029;26587.908699;174.815461;1;3819;0;3819;100
neos-4650160-yukon;37029;-22688.54768;228.864;1;5;0;5;100
neos-4722843-widden;37029;1841.255082;1452.768981;2;412;6;418;100
neos-4724674-aorere;37029;3758.753179;59.078997;3;544;11;555;100
neos-4736745-arroux;37029;653873224.676537;1.560199;2;39;0;39;100
neos-4738912-atrato;37029;617323325.173629;52.400465;2;44;0;44;100
neos-4754521-awarau;37029;0;0;1;1163;6;1169;0
neos-4760493-puerua;37029;1908.243695;237.071976;1;40198;2;40200;100
neos-476283;37029;406.244708;4.622056;2;4131;0;4131;100
neos-4763324-toguru;37029;1120.986062;232.945926;1;32595;3;32598;100
neos-4797081-pakoka;37029;0;821.218711;1;5197;2;5199;100
neos-4805882-barwon;37029;1603.90283;209.539059;1;213;1;214;100
neos-480878;37029;515.138796;1.008444;2;16;0;16;100
neos-4954274-beardy;37029;18659.208282;301.285291;2;898;2;900;100
neos-4954672-berkel;37029;3733961;4.007059;2;3;0;3;100
neos-4966258-blicks;37029;354.545455;449.137117;3;1396;4;1400;100
neos-4971100-bodrog;37029;0;0;2;74;0;74;100
neos-4972437-bojana;37029;355.557128;29.484099;2;8748;4;8752;100
neos-4972461-bolong;37029;465.045599;63.71069;2;5520;3;5523;100
neos-4976951-bunnoo;37029;375.694372;27.122883;2;5446;4;5450;100
neos-4984115-canche;37029;-10414620.716097;6.967648;1;17511;0;17511;100
neos-498623;37029;16;43.578586;1;151;0;151;100
neos-5013590-toitoi;37029;1064.447092;169;1;12003;1;12004;100
neos-5018451-chiese;37029;-149772385.216405;18.530618;1;63659;1;63660;100
neos-503737;37029;50;47.555718;1;29;0;29;100
neos-5041822-cockle;37029;5696053.417116;2.418448;3;2604;26;2630;100
neos-5044663-wairoa;37029;4653100;578.73613;1;23298;1;23299;100
neos-5045105-creuse;37029;19.06667;19.669391;1;85;0;85;100
neos-5049753-cuanza;37029;464;69.6;3;2478;6;2484;100
neos-5051588-culgoa;37029;128.75;32.57449;1;151;0;151;100
neos-5052403-cygnet;37029;216.7871;83.839163;9;36574;175;36749;100
neos-506422;37029;0;6.6;1;48;0;48;100
neos-506428;37029;145945;95.648936;1;541;2;543;100
neos-5075914-elvire;37029;277.341888;1.484053;2;46;0;46;100
neos-5076235-embley;37029;1930;0.115385;2;847;0;847;100
neos-5078479-escaut;37029;7280.474567;0.468278;2;42;0;42;100
neos-5079731-flyers;37029;2004;1.087912;2;797;0;797;100
neos-5083528-gimone;37029;0;20.875;1;256;3;259;100
neos-5093327-huahum;37029;3934;1.841667;2;758;0;758;100
neos-5100895-inster;37029;2084;3.582418;2;606;0;606;100
neos-5102383-irwell;37029;1740;2.483516;2;934;0;934;100
neos-5104907-jarama;37029;639.917149;47.86104;2;9268;5;9273;100
neos-5106984-jizera;37029;721;3.5;2;3726;7;3733;100
neos-5107597-kakapo;37029;0;0.59125;2;42;0;42;100
neos-5108386-kalang;37029;620.501637;53.159082;2;14454;8;14462;100
neos-5114902-kasavu;37029;518;141.333333;3;12722;15;12737;100
neos-5115478-kaveri;37029;0;0.529375;2;42;0;42;100
neos-5116085-kenana;37029;452;142;3;5553;10;5563;100
neos-5118834-korana;37029;569.216333;121.434394;2;9757;6;9763;100
neos-5118851-kowhai;37029;1134;5.86;2;5559;10;5569;100
neos-5123665-limmat;37029;652.42743;72.359737;2;17297;9;17306;100
neos-5125849-lopori;37029;0;51.956886;1;46;0;46;100
neos-5129192-manaia;37029;0;10;1;3911;14;3925;100
neos-5138690-middle;37029;605.364996;107.846299;2;16594;8;16602;100
neos-5140963-mincio;37029;8877;2.142857;1;1;0;1;100
neos-5149806-wieprz;37029;0.027694;5.467604;3;436;12;448;100
neos-5151569-mologa;37029;686023627.750363;27.702234;2;2349;3;2352;100
neos-5178119-nalagi;37029;8.569859;18.674756;2;104;0;104;100
neos-5182409-nasivi;37029;0;18.341185;1;8;0;8;100
neos-5188808-nattai;37029;0;10.715654;1;507;0;507;100
neos-5189128-totara;37029;330131.390743;21.863581;1;963;2;965;100
neos-5192052-neckar;37029;-11980000;0.333333;3;0;0;0;100
neos-5193246-nerang;37029;0;707.729862;1;896;1;897;100
neos-5195221-niemur;37029;0;722.524895;1;880;1;881;100
neos-5196530-nuhaka;37029;0;698.361784;1;691;1;692;100
neos-520729;37029;-1391291.666667;7.783333;1;544;1;545;100
neos-5221106-oparau;37029;0;51.816243;1;277;1;278;100
neos-5223573-tarwin;37029;0.1058;0.258185;1;15248;3;15251;100
neos-5251015-ogosta;37029;0.1058;0.226665;1;11897;2;11899;100
neos-525149;37029;60;12.153846;1;268;5;273;100
neos-5260764-orauea;37029;58748.022532;10.633838;1;62;0;62;100
neos-5261882-treska;37029;22721.328;7.770659;1;13;0;13;100
neos-5266653-tugela;37029;20969.906674;15.508215;1;141;1;142;100
neos-5273874-yomtsa;37029;0;0.2152;1;14152;2;14154;100
neos-555001;37029;910619.201473;185.329242;1;42;0;42;100
neos-555343;37029;1241512.54944;273.503416;1;38;0;38;100
neos-555424;37029;1196312.54944;237.883186;1;35;0;35;100
neos-555884;37029;1026121.836055;271.3209;1;38;0;38;100
neos-565672;37029;43884.639336;66.477422;3;16817;20;16837;100
neos-574665;37029;4948073.456141;10.746401;1;38;0;38;100
neos-578379;37029;0;134.076115;1;1375;1;1376;100
neos-585192;37029;-1999690.155301;98.986682;2;204;0;204;100
neos-585467;37029;-1999711.795869;82.239088;2;23;0;23;100
neos-595904;37029;61134.474995;16.114622;2;61;0;61;100
neos-619167;37029;1.481241;35.984608;1;118;0;118;100
neos-631517;37029;6494999.999936;64.357845;1;9;0;9;100
neos-631710;37029;515;243.082736;2;6222;18;6240;100
neos-633273;37029;4678552871.15256;377.739286;1;186;0;186;100
neos-662469;37029;184340.629649;94.654114;1;496;2;498;100
neos-686190;37029;5134.81383;17.515957;1;136;0;136;100
neos-691058;37029;234;83.756531;1;255;0;255;100
neos-693347;37029;234;78.950927;1;742;0;742;100
neos-738098;37029;-1099;222.818437;1;148;1;149;100
neos-777800;37029;-80;67.656924;1;46;0;46;100
neos-780889;37029;3421500;0;1;594;8;602;0
neos-787933;37029;300;0;2;243;18;261;100
neos-799711;37029;-11228065.153797;0.946665;1;1248;0;1248;100
neos-799716;37029;4932670.661692;0.575059;1;118;0;118;100
neos-807639;37029;492.688889;1.37037;2;8;0;8;100
neos-820879;37029;24874.267857;62.867619;1;96;0;96;100
neos-824661;37029;51;60.642857;2;241;1;242;100
neos-824695;37029;42;33.8;3;86;1;87;100
neos-826224;37029;130;70;3;205;3;208;100
neos-826650;37029;32;109.347222;2;40;0;40;100
neos-826694;37029;73;92.333333;3;85;2;87;100
neos-826812;37029;70.011;151.137255;3;102;1;103;100
neos-826841;37029;32.0082;110.679849;2;41;0;41;100
neos-827015;37029;2.098071;332.649497;1;1658;3;1661;100
neos-827175;37029;116.00152;83.555556;2;165;1;166;100
neos-829552;37029;2.098071;250.649497;1;1598;1;1599;100
neos-831188;37029;1.76772;215.733333;1;75;0;75;100
neos-847302;37029;0;51.325978;1;60;0;60;100
neos-848198;37029;168781;0;2;147;0;147;100
neos-848589;37029;0;0.075873;1;1405;1;1406;100
neos-849702;37029;0;88.550656;1;24;0;24;100
neos-850681;37029;2087;55.075614;1;157;0;157;100
neos-860300;37029;1666.068586;9;1;53;1;54;100
neos-872648;37029;52.674788;0;2;1113;6;1119;8.37
neos-873061;37029;152.429202;0;2;1122;6;1128;34.11
neos-876808;37029;10030.533833;259.649605;2;5944;11;5955;100
neos-885086;37029;-243;13.945733;2;184;0;184;100
neos-885524;37029;11771.55529;9.581376;2;145;7;152;100
neos-911880;37029;23.26;17.220292;1;2;0;2;100
neos-911970;37029;23.26;20.048919;1;2;0;2;100
neos-913984;37029;1000;37.312893;1;147;3;150;100
neos-914441;37029;5660364.28377;78.177859;1;1992;0;1992;100
neos-916792;37029;26.203596;16.256328;2;87;0;87;100
neos-932721;37029;513000;0;3;104;3;107;100
neos-932816;37029;513000;0;2;217;5;222;100
neos-933562;37029;0;237.810567;1;53;0;53;100
neos-933638;37029;444022;0;2;198;3;201;100
neos-933966;37029;450019;0;2;149;3;152;100
neos-934278;37029;446011;0;2;297;2;299;100
neos-935234;37029;422081;0;2;338;1;339;100
neos-935627;37029;23250;0;2;370;0;370;100
neos-935769;37029;23430;0;2;394;1;395;100
neos-937511;37029;53020;0;2;450;1;451;100
neos-937815;37029;53700;0;2;500;1;501;100
neos-941262;37029;52113;0;2;350;1;351;100
neos-941313;37029;9431.37037;215.962963;2;572;12;584;100
neos-942830;37029;12;68.088474;1;30;0;30;100
neos-948126;37029;51842;0;2;405;1;406;100
neos-948346;37029;-208.675026;5.578968;5;518;19;537;100
neos-950242;37029;2;94;2;147;1;148;100
neos-953928;37029;-99.806667;0;3;237;3;240;0.1
neos-954925;37029;-221.766667;0;5;990;30;1020;6.73
neos-956971;37029;-230.74;2.884533;4;766;16;782;100
neos-957143;37029;-205.296379;49.220165;4;480;15;495;100
neos-957323;37029;-204.807274;25.065217;3;362;12;374;100
neos-957389;37029;1.5;37.849369;1;106;1;107;100
neos-960392;37029;-238;290.178312;1;239;2;241;100
neos-983171;37029;52602;0;2;402;1;403;100
neos-984165;37029;52002;0;2;458;1;459;100
neos13;37029;-126.178378;42.587671;3;242;0;242;100
neos15;37029;144796.909577;0;2;1;0;1;79.65
neos16;37029;429;14.5;2;3;0;3;100
neos17;37029;0.222688;0;2;7;0;7;48.46
neos18;37029;11;56.166667;3;72;0;72;100
neos2;37029;-4717.666848;6.724359;1;7;0;7;100
neos22;37029;413700;227;1;32;0;32;100
neos5;37029;17.25;0;2;1;0;1;15
neos6;37029;116.604289;27.902196;4;108;6;114;100
neos8;37029;-2885.143864;22.041691;3;818;5;823;100
neos808444;37029;0;213.399502;1;254;1;255;100
neos9;37029;780;44.25;1;318;0;318;100
net12;37029;47.514236;175.350347;3;808;0;808;100
netdiversion;37029;455.8;769.6;2;8151;14;8165;100
newdano;37029;11.724138;8.447296;1;3;0;3;100
nexp-150-20-1-5;37029;84;0;2;42;0;42;27.27
nexp-150-20-8-5;37029;600;0;2;88;1;89;100
nexp-50-20-1-1;37029;34;0;2;1;0;1;17.24
nexp-50-20-4-2;37029;120;0;2;3;0;3;69.01
nh97_potential;37029;1462;73.2;2;6;0;6;100
nh97_tension;37029;1438;81.583333;2;2;0;2;100
nj1;37029;0;607;1;559;1;560;100
nj2;37029;0;607;1;700;1;701;100
nj3;37029;0;607;1;69946;1;69947;100
nobel-eu-DBE;37029;7426411.5;1.365;2;79;0;79;100
noswot;37029;-9;0;2;1;0;1;78.05
ns1111636;37029;96.25;19.25;1;602;1;603;100
ns1116954;37029;0;155.073174;1;889;1;890;100
ns1208400;37029;0;93.553865;1;62;0;62;100
ns1430538;37029;73.621609;9.970024;1;565;0;565;100
ns1456591;37029;361.939022;19;1;118;1;119;100
ns1606230;37029;13.225;179.971152;1;1869;0;1869;100
ns1631475;37029;817.193748;716.662243;1;1230;1;1231;100
ns1663818;37029;1;9.141146;1;5889;83;5972;100
ns1679495;37029;3337055.001914;100.246101;2;50409;11;50420;100
ns1685374;37029;-51.800913;96.218654;1;52293;1;52294;100
ns1688347;37029;2;7.363183;1;53;0;53;100
ns1690781;37029;-1022.785697;17.664172;2;192;1;193;100
ns1696083;37029;2;12.504268;1;169;1;170;100
ns1758913;37029;-1501.183256;121.987025;1;10165;7;10172;100
ns1760995;37029;-1379.173237;142;1;21197;8;21205;100
ns1778858;37029;-22635740;227.465047;2;281;0;281;100
ns1828997;37029;0;75;2;1209;3;1212;100
ns1830653;37029;6153;56.373873;1;128;0;128;100
ns1849932;37029;546;5.42577;1;1035;5;1040;100
ns1853823;37029;1172000;1386;2;54428;24;54452;100
ns1854840;37029;1.432e+11;1139.47326;2;6710;14;6724;100
ns1856153;37029;0;248.911984;1;175;0;175;100
ns1904248;37029;0;854.146124;14;2565;32;2597;100
ns1905797;37029;11.75098;19.65;1;219;1;220;100
ns1905800;37029;6.4366;16.364665;1;44;0;44;100
ns1952667;37029;0;10.112982;1;206;1;207;100
ns2017839;37029;77026281754033.4;1.017799;2;7967;0;7967;100
ns2034125;37029;0;796.623735;2;1887;1;1888;100
ns2071214;37029;0;2.208125;1;88;0;88;100
ns2081729;37029;4.6;1.04;2;3;0;3;100
ns2122698;37029;62785.622771;194.641858;1;587;2;589;100
ns2124243;37029;53998.333333;195.416667;1;494;1;495;100
ns2137859;37029;24629;42.075016;1;781;5;786;100
ns4-pr3;37029;36073;12;1;96;0;96;100
ns4-pr6;37029;29145.75;8.875;1;37;0;37;100
ns4-pr9;37029;35175;9;1;73;0;73;100
ns894236;37029;18;199.499882;2;329;0;329;100
ns894244;37029;16;342.075798;2;1351;1;1352;100
ns894786;37029;14;210.864769;2;1270;2;1272;100
ns894788;37029;7;91.946694;2;170;0;170;100
ns903616;37029;22;385.201946;2;1100;2;1102;100
nsa;37029;91.44794;7.482504;1;7;0;7;100
nsr8k;37029;17500809.511815;639.929911;1;8242;3;8245;100
nsrand-ipx;37029;646400;0;2;67;2;69;100
nu120-pr12;37029;38070;13.695833;1;47;0;47;100
nu120-pr3;37029;21306.442308;42.751022;1;104;0;104;100
nu120-pr9;37029;19062.5;28.652083;1;79;0;79;100
nu25-pr12;37029;52757.5;11.9;1;50;0;50;100
nu4-pr9;37029;35175;21.713333;1;79;0;79;100
nu60-pr9;37029;22850;28.383333;1;82;0;82;100
nucorsav;37029;29.0461;81.214406;2;60455;289;60744;100
nursesched-medium-hint03;37029;33.468485;460.316255;1;1193;3;1196;100
nursesched-medium04;37029;398;286.520833;2;784;6;790;100
nursesched-sprint-hidden09;37029;580.911765;177.875;2;314;2;316;100
nursesched-sprint-late03;37029;34.254806;178.177416;1;358;1;359;100
nursesched-sprint02;37029;170.416667;127.291667;2;200;2;202;100
nw04;37029;16310.666667;2;1;264;6;270;100
ofi;37029;6131846109.62063;1781.999298;135;9503;143;9646;100
ofi2;37029;6124829152.73116;3158.688481;133;7055;198;7253;100
oocsp-racks030e6cci;37029;0;0;1;213;2;215;0
opm2-z10-s2;37029;-19912;0;4;23499;11;23510;41.13
opm2-z10-s4;37029;-17801;0;4;25098;10;25108;46.49
opm2-z11-s8;37029;-24040;0;4;51684;14;51698;44.72
opm2-z12-s14;37029;-39815;0;6;112829;29;112858;38.07
opm2-z12-s7;37029;-39769;0;5;105120;26;105146;39.3
opm2-z12-s8;37029;-34893;0;5;112956;23;112979;40.39
opm2-z6-s1;37029;-2356;0;3;314;1;315;62.01
opm2-z7-s2;37029;-7132;0;4;837;2;839;30.62
opm2-z7-s8;37029;-6856;0;4;744;2;746;39.01
opm2-z8-s0;37029;-8004;0;3;3794;3;3797;49.26
opt1217;37029;-20.02139;8.22549;1;1;0;1;100
osorio-cta;37029;0;3.5e-05;1;63;0;63;100
p0201;37029;6875;20;1;1;0;1;100
p100x588b;37029;58977;0;2;1;0;1;23.18
p200x1188c;37029;15747;0;2;2;0;2;4.44
p2756;37029;2718;2.345553;2;6;0;6;100
p500x2988;37029;72594;0;2;26;0;26;1.06
p500x2988c;37029;17212;0;2;25;0;25;13.13
p500x2988d;37029;6;0;2;25;0;25;0
p6b;37029;-53;0;3;35;0;35;15.87
p80x400b;37029;45896;0;2;1;0;1;15.7
pb-fit2d;37029;-22372.476239;842.898884;1;7426;14;7440;100
pb-gfrd-pnc;37029;8316.011268;30.700616;1;139;1;140;100
pb-grow22;37029;-449681.200587;122.632175;1;498;2;500;100
pb-market-split8-70-4;37029;0;2.197219;1;1;0;1;100
pb-simp-nonunif;37029;6;513.5;2;3810;51;3861;100
peg-solitaire-a3;37029;1;289.311002;1;384;0;384;100
pg;37029;-11098.657382;17.215049;2;5;0;5;100
pg5_34;37029;-16012.248077;18.476238;2;7;0;7;100
physiciansched3-3;37029;2432694.766159;1308.126367;17;55052;113;55165;100
physiciansched3-4;37029;1124678.224456;1173.049171;9;35659;53;35712;100
physiciansched5-3;37029;5180;1133.735241;4;1211;4;1215;100
physiciansched6-1;37029;7500;799.143056;2;608;11;619;100
physiciansched6-2;37029;43012.5;744.696528;2;539;13;552;100
pigeon-08;37029;-8000;8.25974;1;1;0;1;100
pigeon-10;37029;-10000;13.559596;1;2;0;2;100
pigeon-11;37029;-11000;16.690909;1;3;0;3;100
pigeon-12;37029;-12000;21.818182;1;4;0;4;100
pigeon-13;37029;-13000;24;1;5;0;5;100
pigeon-16;37029;-16000;74.018182;1;8;0;8;100
pigeon-19;37029;-19000;59.036364;1;32;0;32;100
pigeon-20;37029;-20000;62.509091;1;33;0;33;100
piperout-03;37029;68814.99759;424.596014;17;370;6;376;100
piperout-08;37029;99128.924471;558.127794;17;270;7;277;100
piperout-27;37029;6970;1154.464464;12;522;6;528;100
piperout-d20;37029;25533.842105;676.796097;2;1067;2;1069;100
piperout-d27;37029;7083.116279;1022.542306;2;1357;2;1359;100
pk1;37029;0;2.791536;1;0;0;0;100
polygonpack3-15;37029;-96519350.40932;31.158333;3;1377;5;1382;100
polygonpack4-10;37029;-93676953.4701;20.073813;3;453;2;455;100
polygonpack4-15;37029;-114052801.79086;42.642788;3;1513;5;1518;100
polygonpack4-7;37029;-75324958.8742;9.351219;3;230;1;231;100
polygonpack5-15;37029;-42382234.50354;24.00431;3;1621;6;1627;100
pp08a;37029;15000;0;2;0;0;0;100
pp08aCUTS;37029;16630.402442;0;2;2;0;2;100
probportfolio;37029;5;15.184084;2;2;0;2;100
prod1;37029;-100;6.72495;2;0;0;0;100
prod2;37029;-100;4.433874;2;1;0;1;100
proteindesign121hz512p19;37029;3197.772133;67.38213;1;17369;128;17497;100
proteindesign121hz512p9;37029;1423.904449;61.920249;1;770;9;779;100
proteindesign121pgb11p9;37029;1173.710433;49.777201;1;617;8;625;100
proteindesign122trx11p8;37029;1720.461105;46.268597;1;546;7;553;100
protfold;37029;0;35;2;17;0;17;100
pw-myciel4;37029;0;51.865481;6;34;0;34;100
pythago7824;37029;0;580.777778;6;1090;3;1093;100
pythago7825;37029;0;586.777778;8;842;4;846;100
qap10;37029;332.566228;55;1;422;0;422;100
qiu;37029;1805.177143;0;2;5;0;5;100
qnet1;37029;98035.87;7.221868;2;19;0;19;100
qnet1_o;37029;96705.12;0;2;8;0;8;100
queens-30;37029;-30;0;3;208;2;210;25
r4l4-02-tree-bounds-50;37029;510876207;651.016667;2;47;0;47;100
r50x360;37029;2016;0;2;1;0;1;21.96
r80x800;37029;5520;0;2;1;0;1;3.53
radiationm18-12-05;37029;17554.5;196.264403;1;202;1;203;100
radiationm40-10-02;37029;155306.7;933.01825;1;1227;7;1234;100
rail01;37029;-92.0873;2555.841711;1;10823;6;10829;100
rail02;37029;-206.6102;3014.501667;1;131587;13;131600;100
rail03;37029;-920.273763;12441.976674;1;163348;31;163379;100
rail507;37029;216;0;3;676;13;689;24.14
railway_8_1_0;37029;397;59.076317;3;10;0;10;100
ramos3;37029;440;0;3;1370;0;1370;100
ran12x21;37029;4080;0;2;0;0;0;11.35
ran13x13;37029;3521;0;2;0;0;0;8.27
ran14x18-disj-8;37029;12451.012696;0;2;19;0;19;100
ran14x18;37029;4265;0;2;0;0;0;14.9
ran16x16;37029;4333;0;2;0;0;0;13.34
rd-rplusc-21;37029;100;4.122871;1;529;1;530;100
reblock115;37029;-39365983.337347;271.565472;1;199;0;199;100
reblock166;37029;-886882876.965829;382.279623;1;523;0;523;100
reblock354;37029;-39640995.765204;569.832903;3;1038;1;1039;100
reblock420;37029;-886535897.522137;986.979676;1;2683;1;2684;100
reblock67;37029;-39339910.923037;159.950504;1;63;0;63;100
rfds-4-days;37029;-1158940.978167;68.027009;1;71935;26;71961;100
rlp1;37029;13.244444;9.961905;1;1;0;1;100
rmatr100-p10;37029;360.593308;9.692735;1;200;0;200;100
rmatr100-p5;37029;762.040054;5;1;389;0;389;100
rmatr200-p10;37029;1550.620783;10;1;10698;0;10698;100
rmatr200-p20;37029;688.357943;19.982266;1;3460;0;3460;100
rmatr200-p5;37029;3283.653831;5;1;10880;0;10880;100
rmine10;37029;-1926.821009;886.351115;2;4405;2;4407;100
rmine11;37029;-2511.986814;1275.572328;14;11433;21;11454;100
rmine13;37029;-3504.619914;1108.274293;2;42757;5;42762;100
rmine14;37029;-4308.869811;2215.505904;7;91234;25;91259;100
rmine15;37029;-5041.420189;4256.942532;4;173151;22;173173;100
rmine6;37029;-436.021627;48.709031;12;140;2;142;100
rocI-3-11;37029;-111086.671772;567.73396;1;61;0;61;100
rocI-4-11;37029;-11111086.671772;800.875467;1;72;0;72;100
rocII-10-11;37029;-11.974865;290.286693;1;542;2;544;100
rocII-4-11;37029;-11.937162;82.5;1;144;1;145;100
rocII-5-11;37029;-11.94973;122.235744;1;182;1;183;100
rocII-7-11;37029;-11.964093;212.677972;1;323;1;324;100
rocII-8-11;37029;-11.968581;244.764303;1;415;2;417;100
rocII-9-11;37029;-11.972072;279.075237;1;504;2;506;100
rococoB10-011000;37029;8350.199468;49.840978;1;167;0;167;100
rococoC10-001000;37029;7515.271029;14.894221;1;61;0;61;100
rococoC11-010100;37029;8773.206543;49.89581;1;153;0;153;100
rococoC11-011100;37029;9024.205406;56.60339;1;126;0;126;100
rococoC12-010001;37029;26787.292147;50.829414;1;210;1;211;100
rococoC12-111000;37029;27337.357381;53.501346;1;241;0;241;100
roi2alpha3n4;37029;-80.526722;7.807845;2;709;9;718;100
roi5alpha10n8;37029;-87.787142;16;2;2201;31;2232;100
roll3000;37029;11097.127677;46.77651;3;42;0;42;100
rout;37029;981.864286;9.898077;1;2;0;2;100
rpp22falsei;37029;0;0;1;45;1;46;0
rvb-sub;37029;11.206514;4.571429;1;746;6;752;100
s100;37029;-0.171097;39.317795;1;23959;19;23978;100
s1234;37029;0.361925;1.578587;3;598;1;599;100
s250r10;37029;-0.165732;55.381636;2;9291;26;9317;100
s55;37029;-22.151773;0;1;1622;3;1625;0
s82;37029;-33.833613;482.284414;2;200164;139;200303;100
satellites1-25;37029;-20;68.01912;1;147;0;147;100
satellites2-25;37029;-30;356.7768;1;27810;2;27812;100
satellites2-40;37029;-30;133.152561;1;4664;2;4666;100
satellites2-60-fs;37029;-30;507.455315;1;2773;2;2775;100
satellites2-60;37029;-30;133.152561;1;4975;2;4977;100
satellites3-25;37029;-39;966.359942;1;226338;5;226343;100
satellites3-40-fs;37029;-39;942.263869;1;23886;4;23890;100
satellites3-40;37029;-39;963.231625;1;227349;5;227354;100
savsched1;37029;22586.49862;0;2;120808;36;120844;100
scpj4scip;37029;183;0;3;1224;19;1243;41.86
scpk4;37029;389;0;3;2633;27;2660;21.18
scpl4;37029;360;0;3;4773;42;4815;36.88
scpm1;37029;774;0;3;44274;137;44411;37.97
scpn2;37029;741;0;3;70783;243;71026;38.76
sct1;37029;-218.139003;91.32546;1;1558;0;1558;100
sct2;37029;-231.116964;14.501214;1;61;0;61;100
sct31;37029;-31.962662;30.054226;1;159;0;159;100
sct32;37029;-62.990833;53.144038;1;630;0;630;100
sct5;37029;-228.176552;35.395811;2;206;2;208;100
seqsolve1;37029;4376.282987;371.073706;19;4246;170;4416;100
seqsolve2short4288;37029;0;419.969766;4;2702;39;2741;100
seqsolve3short4288excess384;37029;-46401.234768;425.509375;7;12677;73;12750;100
set1ch;37029;110241.5;0;2;1;0;1;100
set3-09;37029;1263.077974;49.748593;3;40;0;40;100
set3-10;37029;788.890655;50.61299;3;40;0;40;100
set3-15;37029;8364.040745;53.876403;3;41;0;41;100
set3-16;37029;9916.808562;58.149187;3;37;0;37;100
set3-20;37029;10347.381087;53.849605;3;38;0;38;100
seymour-disj-10;37029;320.000002;2e-06;3;1614;1;1615;100
seymour;37029;454;0;3;194;0;194;7.33
seymour1;37029;422.819841;0;3;189;0;189;2.94
shiftreg1-4;37029;131.656032;300.178571;1;46;0;46;100
shiftreg2-7;37029;206.733052;286.044999;1;90;0;90;100
shiftreg5-1;37029;520.839888;630.584408;1;322;0;322;100
shipsched;37029;0;2.147365;5;135;2;137;100
shipschedule3shipsi;37029;-265650;0;1;34;0;34;0
shipschedule6shipsmixi;37029;-301650;0;1;55;0;55;0
shipschedule8shipsmixuci;37029;-401100;0;1;66;0;66;0
shs1014;37029;22137.410363;391.180556;1;174243;18;174261;100
shs1042;37029;9455.525826;684.883411;1;67646;19;67665;100
siena1;37029;10163179.229002;146.859338;1;1574;2;1576;100
sing11;37029;18640171.224643;331.879469;1;8185;8;8193;100
sing161;37029;19071259.113927;996.464534;1;62455;33;62488;100
sing17;37029;35483848.876514;554.751047;1;29215;20;29235;100
sing2;37029;17150914.71694;252.506822;1;1772;1;1773;100
sing245;37029;25024015.754083;519.079791;1;12631;10;12641;100
sing326;37029;7717674.801189;203.886687;1;2612;2;2614;100
sing359;37029;22534478.962498;1259.613224;1;82460;38;82498;100
sing44;37029;8102513.2194;177.330369;1;2937;2;2939;100
sing5;37029;18418516.013137;272.410096;1;3485;6;3491;100
snip10x10-35r1budget17;37029;30;2.340909;1;451;0;451;100
snp-02-004-104;37029;548044802.97509;10.217187;2;4080;0;4080;100
snp-04-052-052;37029;728196432.049806;735.582559;2;3760;2;3762;100
snp-06-004-052;37029;1787138156.58097;33.734354;2;6175;1;6176;100
snp-10-004-052;37029;5842625068.20526;48.106063;2;14684;2;14686;100
snp-10-052-052;37029;5842626434.04626;1694.316668;2;16133;4;16137;100
sorrell3;37029;-11;0;3;697;9;706;31.25
sorrell4;37029;-16;0;3;2763;31;2794;33.33
sorrell7;37029;-138;0;3;367;4;371;29.59
sorrell8;37029;-259;0;3;97;1;98;26
sp150x300d;37029;71;0;2;1;0;1;2.9
sp97ar;37029;807607302.399999;1.342794;4;512;6;518;100
sp97ic;37029;597287696.727546;1.277104;3;360;4;364;100
sp98ar;37029;642003743.188383;1.613817;16;608;34;642;100
sp98ic;37029;633805370.656431;1.781976;4;455;6;461;100
sp98ir;37029;265679354.122102;8.206982;4;75;1;76;100
splice1k1;37029;-1646.777979;8.512635;1;16857;7;16864;100
splice1k1i;37029;-1654;0;1;201;6;207;0
square23;37029;8.333333;12.444444;1;147;3;150;100
square31;37029;8.5;13.75;1;828;14;842;100
square37;37029;8.666667;15;1;2393;33;2426;100
square41;37029;8.839612;15.068891;1;3805;45;3850;100
square47;37029;8.755814;15.976744;1;6133;90;6223;100
stoch-vrpvrp-s5v2c8vrp-v2c8i;37029;0;107;1;32;0;32;100
stockholm;37029;175;0;2;459;0;459;40
stp3d;37029;604.886283;537.229946;2;25172;22;25194;100
sts405;37029;357;0;2;547;2;549;0
sts729;37029;665;0;2;3577;5;3582;0
supportcase1;37029;20078;0.020624;2;311;5;316;100
supportcase10;37029;3.383924;1850.997936;1;9558;3;9561;100
supportcase12;37029;-7609.533054;54.777672;1;1364;1;1365;100
supportcase14;37029;272;9.894737;1;2;0;2;100
supportcase16;37029;272;9;1;1;0;1;100
supportcase17;37029;0;88.508268;2;8;0;8;100
supportcase18;37029;87;9.141806;2;46;0;46;100
supportcase19;37029;12677206;370.390975;1;26745;63;26808;100
supportcase2;37029;0;7.75;1;9131;55;9186;100
supportcase20;37029;2442.144012;4.88286;1;17;0;17;100
supportcase23;37029;-12952;674.436182;1;1571;0;1571;100
supportcase25;37029;0.036932;11.225059;1;99;0;99;100
supportcase26;37029;1288.102161;0.009948;2;2;0;2;100
supportcase27i;37029;0;0.028235;1;1;0;1;100
supportcase3;37029;0;754.600046;3;217;1;218;100
supportcase30;37029;0;102.85702;1;58;0;58;100
supportcase31;37029;-1120655.076;0;3;1884;75;1959;69.88
supportcase33;37029;-450.933468;67.82818;2;458;2;460;100
supportcase34;37029;72.664116;339.350876;1;1267;2;1269;100
supportcase35;37029;77847.333333;96;2;110;0;110;100
supportcase37;37029;-5865.764096;28.04048;2;811;0;811;100
supportcase39;37029;-1062330.369524;22.808785;5;104;7;111;100
supportcase4;37029;0;537.153071;3;156;0;156;100
supportcase40;37029;22536.483379;19;1;231;0;231;100
supportcase41;37029;28;23.62447;5;292;1;293;100
supportcase42;37029;7.343539;48.081295;1;1589;2;1591;100
supportcase43;37029;0;48.147044;2;44713;3;44716;100
supportcase6;37029;45090.732163;30.239669;1;1542;7;1549;100
supportcase7;37029;-2396.218213;53.14731;2;1790;0;1790;100
swath;37029;334.496858;2.2;1;43;0;43;100
swath1;37029;334.496858;0.6;1;37;0;37;100
swath2;37029;334.496858;0.7;1;36;0;36;100
swath3;37029;334.496858;0.8;1;33;0;33;100
t1717;37029;134531.021428;79.098998;1;283;4;287;100
t1722;37029;98815.407611;52.399108;1;138;1;139;100
ta1-UUM;37029;3693674.556772;4.190418;1;3;0;3;100
ta2-UUE;37029;41427354.755773;0.680983;2;151;0;151;100
tanglegram1;37029;0;146;1;236;2;238;100
tanglegram2;37029;0;74;1;36;0;36;100
tanglegram4;37029;0;214;1;792;3;795;100
tanglegram6;37029;0;100;1;68;0;68;100
tbfp-bigm;37029;-178.153988;30;1;313;0;313;100
tbfp-network;37029;23.261535;31;1;866;3;869;100
Test3;37029;2669532.692462;22.368722;2;239;3;242;100
thor50dday;37029;204179;0;2;236;4;240;100
timtab1;37029;1234325.333333;18.45;2;1;0;1;100
timtab1CUTS;37029;613590.095426;35.885811;2;3;0;3;100
timtab2;37029;1487304.333333;29.783333;2;1;0;1;100
tokyometro;37029;11100;243.797433;2;82;0;82;100
toll-like;37029;0;339.5;1;37;0;37;100
tpl-tub-ss16;37029;8052373.477492;2148.906605;2;90496;202;90698;100
tpl-tub-ws1617;37029;10498468.058836;2262.455897;2;120375;278;120653;100
tr12-30;37029;188435.464884;3.580258;2;2;0;2;100
traininstance2;37029;0;641.688695;2;53;0;53;100
traininstance6;37029;0;381.122112;2;47;0;47;100
transportmoment;37029;-70929535815.38;783.890174;2;209;0;209;100
trento1;37029;5182758.848056;76.426737;1;552;0;552;100
triptim1;37029;22.868088;2111.393837;1;9079;3;9082;100
triptim2;37029;10.866359;800.023299;1;10196;3;10199;100
triptim3;37029;13.511741;803.795145;1;9800;3;9803;100
triptim4;37029;9.207022;602.920956;1;11965;3;11968;100
triptim7;37029;2336.732602;589.654105;2;12872;6;12878;100
triptim8;37029;2336.754853;582.63451;2;12931;5;12936;100
tw-myciel4;37029;3.838028;125.746479;6;181;0;181;100
uc-case11;37029;611267.013003;118.157436;1;2657;0;2657;100
uc-case3;37029;7181.264177;95.341586;1;1927;0;1927;100
uccase10;37029;38988.693469;403.985961;1;2637;1;2638;100
uccase12;37029;11507.285324;38.32;1;2028;1;2029;100
uccase7;37029;26527.789654;162.379998;1;3521;0;3521;100
uccase8;37029;11142.163196;63.982247;1;2711;0;2711;100
uccase9;37029;10819.582997;76.021209;1;4256;0;4256;100
uct-subprob;37029;242;56.400387;1;50;0;50;100
umts;37029;91618146.215272;77.667697;2;47;0;47;100
unitcal_7;37029;19387712.348556;143.515421;2;914;0;914;100
usAbbrv-8-25_70;37029;95;142.568932;3;44;0;44;100
usafa;37029;11.961749;2930.074494;2;49779;146;49925;100
v150d30-2hopcds;37029;52;0;3;105;2;107;26.83
van;37029;1.72352;5.404444;1;2744;0;2744;100
var-smallemery-m6j6;37029;-156.056268;90.190835;2;1373;7;1380;100
vpm2;37029;13.372866;5.698001;2;1;0;1;100
vpphard;37029;0;126.795208;1;217;3;220;100
vpphard2;37029;0;224.687229;1;630;10;640;100
wachplan;37029;-9;59.730159;1;39;0;39;100
wnq-n100-mw99-14;37029;194.184211;80.973684;3;4597;29;4626;100
xmas10-2;37029;-548.904684;180.189643;1;232;0;232;100
xmas10;37029;-449.063962;131.814139;7;198;0;198;100
z26;37029;-967;0;3;2791;45;2836;18.53
zeil;37029;813.510308;818.357568;2;84362;13;84375;100
zib54-UUE;37029;19164366;0;2;54;0;54;85.45
10teams;1206151;917;36.45783;1;37;0;37;100
22433;1206151;21552.708079;24.962328;5;5;0;5;100
23588;1206151;8342.863244;17.617619;4;3;0;3;100
2club200v15p5scn;1206151;-96.055556;38.611111;7;127;3;130;100
30n20b8;1206151;5530;16.175931;2;101;1;102;100
30_70_45_05_100;1206151;105;0;5;863;3;866;100
30_70_45_095_100;1206151;58;0;5;817;2;819;100
30_70_45_095_98;1206151;369;0;6;846;3;849;100
50v-10;1206151;1493601.476062;0;2;8;0;8;100
a1c1s1;1206151;20912.873333;0.041667;2;36;0;36;100
a2c1s1;1206151;20866.0825;0;2;36;0;36;91.62
ab51-40-100;1206151;-6461729251;0;3;901;1;902;37.99
ab67-40-100;1206151;-7069213256;0;3;2605;4;2609;36.8
ab69-40-100;1206151;-7004957457;0;3;2081;1;2082;37.38
ab71-20-100;1206151;-6510510462;0;3;251;1;252;37.52
ab72-40-100;1206151;-6898618453.00001;0;3;804;1;805;38.33
academictimetablebig;1206151;32;1997.079231;2;3147;23;3170;100
academictimetablesmall;1206151;0;324.85601;2;230;3;233;100
acc-tight2;1206151;0;129.034401;1;33;0;33;100
acc-tight4;1206151;0;135.271717;1;59;0;59;100
acc-tight5;1206151;0;121.269585;1;255;0;255;100
acc-tight6;1206151;0;123.251301;1;278;0;278;100
adult-max5features;1206151;0.081316;0.266955;1;899;3;902;100
adult-regularized;1206151;0.077684;0.234052;1;1983;3;1986;100
aflow30a;1206151;983.167425;6.510845;1;5;0;5;100
aflow40b;1206151;1005.664817;8.247724;1;19;0;19;100
air03;1206151;338864.25;11.875;1;66;0;66;100
air04;1206151;55535.436388;52.288553;1;225;0;225;100
air05;1206151;25877.609268;46.215654;1;143;0;143;100
aligninq;1206151;2755;40.921868;7;16;1;17;100
allcolor10;1206151;6;749.769481;2;144;1;145;100
allcolor58;1206151;42;3883.60245;1;1221;4;1225;100
amaze22012-03-15i;1206151;0;0;1;72;1;73;0
amaze22012-06-28i;1206151;0;0;1;24;0;24;0
amaze22012-07-04i;1206151;0;0;1;32;0;32;0
app1-1;1206151;-2;0.179678;3;59;0;59;100
app1-2;1206151;-23;1e-06;2;4038;1;4039;100
app2-1;1206151;19298.5;0;2;41;0;41;0.02
app2-2;1206151;219402.5;0;3;1;0;1;3.47
app3;1206151;5627412.287938;3.142492;1;38;0;38;100
arki001;1206151;7579599.807787;17.164714;1;32;0;32;100
assign1-10-4;1206151;353.992926;52;1;36;0;36;100
assign1-5-8;1206151;183.362555;24;1;2;0;2;100
atlanta-ip;1206151;81.243206;325.689509;3;4614;6;4620;100
atm20-100;1206151;2141734.684878;124.301066;2;95;0;95;100
australia-abs-cta;1206151;0;39.202778;1;96;0;96;100
b-ball;1206151;-1.818182;4.818182;1;0;0;0;100
b1c1s1;1206151;69966.45;0;2;35;0;35;100
b2c1s1;1206151;70651.01;0;2;37;0;37;100
bab1;1206151;-286923.824223;50.52;1;282;7;289;100
bab2;1206151;-350926.440227;560.525267;2;8583;27;8610;100
bab3;1206151;-579370.271196;518.325237;2;34022;48;34070;100
bab5;1206151;-111134.599976;185.90025;2;530;2;532;100
bab6;1206151;-224575.783183;667.210836;2;6020;16;6036;100
bc;1206151;13.063318;0.063318;2;104;0;104;100
bc1;1206151;6.45558;0.016336;2;100;0;100;100
beasleyC1;1206151;102;0;2;2;0;2;20
beasleyC2;1206151;232;0;2;2;0;2;61.11
beasleyC3;1206151;958;0;2;4;0;4;27.06
beavma;1206151;407840.4;0;3;1;0;1;6.41
berlin;1206151;1741;0;2;32;0;32;66.76
berlin_5_8_0;1206151;52;70.73383;3;5;0;5;100
bg512142;1206151;323992.007013;52.989642;3;27;0;27;100
biella1;1206151;3060037.430763;98.771008;1;254;0;254;100
bienst1;1206151;11.724138;4.390524;1;2;0;2;100
bienst2;1206151;11.724138;5.390524;1;2;0;2;100
binkar10_1;1206151;6637.188027;9.084811;1;7;0;7;100
blend2;1206151;7.489992;0.492283;2;0;0;0;100
bley_xl1;1206151;265.699568;343.861165;6;22286;27;22313;100
bley_xs1;1206151;213538830.272187;107.27048;3;145;0;145;100
bley_xs1noM;1206151;251120149.512445;78.38821;8;118;1;119;100
bley_xs2;1206151;48593009.277766;66.02141;2;19;0;19;100
blp-ar98;1206151;14303.194003;9.189386;9;99;15;114;100
blp-ic97;1206151;6123.238237;3.473359;16;85;18;103;100
blp-ic98;1206151;14141.050706;0.1;4;127;7;134;100
blp-ir98;1206151;5639.818879;2.497817;2;44;1;45;100
bmocbd;1206151;-32041010095048.5;0;1;766;8;774;0
bmocbd2;1206151;-31953009810558.2;0;1;725;6;731;0
bmocbd3;1206151;45423160355.8175;0;2;16494;12;16506;100
bmoipr2;1206151;-46628940.711141;0.184434;3;85;1;86;100
bnatt350;1206151;0;93.793362;6;68;1;69;100
bnatt400;1206151;0;109.069591;9;73;2;75;100
bppc4-08;1206151;51.59;9.776528;1;15;0;15;100
bppc6-02;1206151;108.34;11.886994;1;145;0;145;100
bppc6-06;1206151;200.633333;14.947367;1;163;0;163;100
bppc8-02;1206151;486.5;3.204377;1;1;0;1;100
bppc8-09;1206151;444.436047;5.98123;1;4;0;4;100
brasil;1206151;31819;0;2;26;0;26;100
brazil3;1206151;2;656.675844;1;1011;1;1012;100
breastcancer-regularized;1206151;0.00046;0.002809;1;8;0;8;100
bts4-cta;1206151;33524.637606;1130;1;601;0;601;100
buildingenergy;1206151;33246.215059;1468.85;2;16230;4;16234;100
cap6000;1206151;-2446875;0;3;43;1;44;0.18
cbs-cta;1206151;0;27.74603;1;113;0;113;100
cdc7-4-3-2;1206151;-231;0;3;37689;6;37695;19.79
chromaticindex1024-7;1206151;4;16002.682953;2;2512;11;2523;100
chromaticindex128-5;1206151;4;2021.163699;2;166;1;167;100
chromaticindex256-8;1206151;4;4069.477083;2;464;2;466;100
chromaticindex32-8;1206151;4;504.8875;2;21;0;21;100
chromaticindex512-7;1206151;4;8183.527137;2;1177;5;1182;100
ci-s4;1206151;4.963809;19.526141;2;65;0;65;100
circ10-3;1206151;140;155.071429;1;182;1;183;100
cmflsp40-24-10-7;1206151;52605868.952858;70.70093;3;367;0;367;100
cmflsp40-36-2-10;1206151;72898024.959478;295.649246;3;1000;0;1000;100
cmflsp50-24-10-4;1206151;64492612.641644;81.236085;3;387;0;387;100
cmflsp50-24-8-8;1206151;59814378.749021;131.86946;3;387;0;387;100
cmflsp60-36-2-6;1206151;97887903.946142;370.689759;3;1982;0;1982;100
CMS750_4;1206151;250;258.584847;3;116;1;117;100
co-100;1206151;1250429.774879;9.799423;2;296;22;318;100
cod105;1206151;-8;0;3;480;1;481;33.33
comp07-2idx;1206151;0;139.65;2;1486;2;1488;100
comp08-2idx;1206151;0;189.588538;3;163;1;164;100
comp12-2idx;1206151;11;251.466598;3;1263;2;1265;100
comp16-3idx;1206151;4;720.391848;1;8422;2;8424;100
comp21-2idx;1206151;0;197.95;2;951;1;952;100
control30-3-2-3;1206151;-20763026.787568;27.97054;1;5;0;5;100
core2536-691;1206151;803;0;3;1437;4;1441;16.55
core2586-950;1206151;1162;0;3;901;3;904;22.57
core4284-1064;1206151;1300;0;3;4903;5;4908;22.3
core4872-1529;1206151;1844;0;3;2880;5;2885;20.52
cost266-UUE;1206151;42001606.28;0;2;83;0;83;67.01
cov1075;1206151;35;0;2;7;0;7;75
cryptanalysiskb128n5obj16;1206151;0;7174.215397;2;839;6;845;100
csched007;1206151;269.251587;22.185714;1;37;0;37;100
csched008;1206151;171;19.560203;1;9;0;9;100
csched010;1206151;332.422727;19.770202;1;38;0;38;100
cvrpa-n64k9vrpi;1206151;0;206.143617;1;345;3;348;100
cvrpb-n45k5vrpi;1206151;0;154.740458;1;142;1;143;100
cvrpp-n16k8vrpi;1206151;0;50.204545;1;43;0;43;100
cvrpsimple2i;1206151;0;19.85;1;2;0;2;100
cvs08r139-94;1206151;-24;0;3;17;0;17;79.31
cvs16r106-72;1206151;-10;0;3;30;0;30;87.65
cvs16r128-89;1206151;-11;0;3;37;0;37;88.66
cvs16r70-62;1206151;-5;0;3;32;0;32;88.1
cvs16r89-60;1206151;-7;0;3;30;0;30;89.23
d10200;1206151;12425.583005;34.236879;1;49;0;49;100
d20200;1206151;12229.625788;62.339279;1;347;0;347;100
dale-cta;1206151;0;0.004764;1;305;0;305;100
dano3mip;1206151;576.23162;15.294513;1;1601;0;1601;100
dano3_3;1206151;576.23162;1.932181;1;1788;0;1788;100
dano3_5;1206151;576.23162;2.871834;1;1700;0;1700;100
danoint;1206151;62.63728;5.819184;1;18;0;18;100
dc1c;1206151;1754946.863638;139.834191;1;315;1;316;100
dc1l;1206151;203554787.784329;0;3;1269;17;1286;100
dcmulti;1206151;184858.396836;12.823814;3;3;0;3;100
decomp1;1206151;-120;98;1;47;0;47;100
decomp2;1206151;-160;93.138889;1;52;0;52;100
dfn-bwin-DBE;1206151;797567.4;0;2;39;0;39;100
dfn-gwin-UUM;1206151;27467.257235;5.653537;1;1;0;1;100
dg012142;1206151;5895516.340434;39.442147;5;211;0;211;100
diameterc-mstc-v20a190d5i;1206151;291;56.7;1;36;0;36;100
diameterc-msts-v40a100d5i;1206151;324;100.121212;1;34;0;34;100
disctom;1206151;-5000;51.166667;1;249;0;249;100
disktom;1206151;-5000;51.166667;1;196;0;196;100
dolom1;1206151;6556066.068315;110.606017;1;470;1;471;100
drayage-100-12;1206151;21458.311901;45.375525;1;59;0;59;100
drayage-100-23;1206151;11714.141979;44.659861;1;142;0;142;100
drayage-25-23;1206151;11714.141979;44.421956;1;135;0;135;100
drayage-25-27;1206151;26785.797043;41.335416;1;61;0;61;100
drayage-25-32;1206151;32519.997253;41.203921;1;64;0;64;100
ds-big;1206151;86.820068;30.669231;1;8121;22;8143;100
ds;1206151;57.234565;33.463549;1;1042;8;1050;100
dws008-01;1206151;708.876687;16.484655;2;76;0;76;100
dws008-03;1206151;717.896796;9.217365;2;143;2;145;100
dws012-01;1206151;3450.401707;26.235704;2;136;1;137;100
dws012-02;1206151;1584.690892;16.166549;2;227;3;230;100
dws012-03;1206151;1998.123968;18.170643;2;317;4;321;100
eil33-2;1206151;811.278996;3.61563;1;37;0;37;100
eilA101-2;1206151;803.373888;7.408683;1;953;7;960;100
eilB101;1206151;1075.247691;12.807028;1;23;0;23;100
eilC76-2;1206151;725.754458;7.780208;1;293;2;295;100
ej;1206151;1;0.243844;1;0;0;0;100
elitserienhandball11i;1206151;0;1421.352265;1;248;1;249;100
elitserienhandball13i;1206151;0;1357.692232;1;268;1;269;100
elitserienhandball14i;1206151;0;1543.7577;1;249;1;250;100
elitserienhandball3i;1206151;0;1525.315516;1;240;1;241;100
enlight13;1206151;0;0.5;1;0;0;0;100
enlight15;1206151;0;0.5;1;0;0;0;100
enlight8;1206151;0;0.5;1;0;0;0;100
enlight_hard;1206151;0;14.5;1;0;0;0;100
eva1aprime5x5opt;1206151;-497.247729;0.959853;1;365;0;365;100
eva1aprime6x6opt;1206151;-495.49243;9.408398;1;1703;0;1703;100
ex10;1206151;100;100;1;18362;7;18369;100
ex1010-pi;1206151;314;0;3;880;5;885;33.62
ex9;1206151;81;81;1;1745;3;1748;100
exp-1-500-5-5;1206151;97666.305541;4.045842;2;2;0;2;100
f2000;1206151;1383;1280;2;3766;0;3766;100
f2gap201600;1206151;76429.862296;1.402159;1;3;0;3;100
f2gap401600;1206151;82274.237434;1.19002;1;4;0;4;100
f2gap40400;1206151;20650.898154;3.25358;1;1;0;1;100
f2gap801600;1206151;86570.120867;5.266841;1;5;0;5;100
fast0507;1206151;221;0;3;563;12;575;27.01
fastxgemm-n2r6s0t2;1206151;27;9;1;38;0;38;100
fastxgemm-n2r7s4t1;1206151;27;9;1;41;0;41;100
fastxgemm-n3r21s3t6;1206151;84;27;1;2402;0;2402;100
fastxgemm-n3r22s4t6;1206151;84;27;1;2658;0;2658;100
fastxgemm-n3r23s5t6;1206151;84;27;1;2707;0;2707;100
fhnw-binpack4-48;1206151;0;333.285714;2;128;0;128;100
fhnw-binpack4-58;1206151;0;467.321429;2;137;1;138;100
fhnw-binpack4-77;1206151;0;207.310714;2;122;0;122;100
fhnw-binschedule0;1206151;12632.888779;685.581929;3;11627;46;11673;100
fhnw-binschedule2;1206151;1706.886254;154.751416;3;211;4;215;100
fhnw-schedule-paira100;1206151;-36.643681;5.147307;2;148;0;148;100
fhnw-schedule-paira200;1206151;-73.826479;8.938667;2;256;3;259;100
fhnw-schedule-paira400;1206151;-146.941079;19.26431;2;1406;13;1419;100
fhnw-schedule-pairb200;1206151;-73.826479;516.184695;2;1205;5;1210;100
fhnw-schedule-pairb400;1206151;-146.941079;2338.646383;2;8054;21;8075;100
fhnw-sq2;1206151;0;15.527645;1;4;0;4;100
fiball;1206151;137.069168;68.996028;1;121;1;122;100
fiber;1206151;1023943.76;9.839127;2;3;0;3;100
fillomino7x7-0i;1206151;0;0;1;31;0;31;0
fixnet6;1206151;12170;0;2;1;0;1;100
fjspeasy01i;1206151;216;0;1;38;0;38;0
flugpl;1206151;1167185.725592;3.538918;1;0;0;0;100
g200x740;1206151;45614;0;2;2;0;2;2.93
g200x740i;1206151;44069;0;2;2;0;2;46.48
gasprod1-1;1206151;4539.90753;51.5198;7885;822;6564;7386;100
gasprod1-2;1206151;1691.141291;51.497411;6853;556;4874;5430;100
gasprod1-3;1206151;3682.336923;49.221179;8368;570;6067;6637;100
gasprod2-1;1206151;1306101.609201;404.201103;19;1773;16;1789;100
gasprod2-2;1206151;1330631.091637;502.800224;36;1779;28;1807;100
gen-ip002;1206151;-511.036897;0;3;0;0;0;89.32
gen-ip016;1206151;-9505.628173;1.906914;1;0;0;0;100
gen-ip021;1206151;6642.05262;2.217259;4;0;0;0;100
gen-ip036;1206151;-2162.833562;0;3;0;0;0;53.05
gen-ip054;1206151;16786.476526;1.032398;5;0;0;0;100
gen;1206151;112130.040664;7.929263;1;3;0;3;100
genus-g31-8;1206151;-27;112.333333;1;1042;1;1043;100
genus-g61-25;1206151;-58;262.979034;1;847;2;849;100
genus-sym-g31-8;1206151;-27;154.805251;2;3942;3;3945;100
genus-sym-g62-2;1206151;-54;255.080518;2;22283;3;22286;100
genus-sym-grafo5708-48;1206151;-27;115.165439;1;1264;0;1264;100
ger50-17-ptp-pop-3t;1206151;3466.324873;45.213645;1;114;0;114;100
ger50-17-ptp-pop-6t;1206151;6804.447088;50.477969;1;93;0;93;100
ger50-17-trans-dfn-3t;1206151;3453.475245;37.741927;1;151;1;152;100
ger50-17-trans-pop-3t;1206151;3456.252922;49.487013;1;160;1;161;100
ger50_17_trans;1206151;6850.628623;48.22611;1;141;1;142;100
germanrr;1206151;46445702.956442;53.468182;2;668;3;671;100
germany50-DBM;1206151;438028;23.4;1;134;0;134;100
germany50-UUM;1206151;597932.5;24.4;1;32;0;32;100
gesa2-o;1206151;25748173.191117;13.380406;2;4;0;4;100
gesa2;1206151;25477017.874283;13.26737;2;6;0;6;100
gfd-schedulen180f7d50m30k18-16i;1206151;18;108.385679;1;5881;88;5969;100
gfd-schedulen180f7d50m30k18;1206151;1;5019.413851;2;3585;21;3606;100
gfd-schedulen25f5d20m10k3i;1206151;3;13.619895;1;61;1;62;100
gfd-schedulen55f2d50m30k3i;1206151;3;27.695911;1;160;3;163;100
ghoulomb4-9-10i;1206151;9;0;1;67;1;68;0
glass-sc;1206151;23;0;3;117;1;118;0
glass4;1206151;800002400;2.059524;1;1;0;1;100
gmu-35-40;1206151;-2400283.756506;1.911023;2;9;0;9;100
gmu-35-50;1206151;-2606307.146543;3.420099;2;20;0;20;100
gmut-75-50;1206151;-14182312.661731;4.988967;1;586;6;592;100
gmut-76-40;1206151;-14171086.316075;9.054451;1;245;1;246;100
gmut-76-50;1206151;-14173884.188063;4.201959;1;490;5;495;100
gmut-77-40;1206151;-14173396.636852;2.97325;1;237;1;238;100
go19;1206151;96;0;3;4;0;4;14.29
gr4x6;1206151;229.05;0;2;0;0;0;13.19
graph20-20-1rand;1206151;-37;48;1;37;0;37;100
graph20-80-1rand;1206151;-117;142;1;1575;1;1576;100
graph40-20-1rand;1206151;-157;185.5;1;4354;3;4357;100
graph40-40-1rand;1206151;-300;341.96929;1;92282;10;92292;100
graphdraw-domain;1206151;12672;21.071817;1;2;0;2;100
graphdraw-gemcutter;1206151;4310;15.521554;1;1;0;1;100
graphdraw-grafo2;1206151;35762;368.152985;1;813;3;816;100
graphdraw-mainerd;1206151;30496;97.975651;1;87;0;87;100
graphdraw-opmanager;1206151;54717;207.745488;1;406;1;407;100
gsvm2rl11;1206151;35640.343493;0;2;361;0;361;96.67
gsvm2rl12;1206151;50;0;2;496;0;496;100
gsvm2rl3;1206151;0.6;0;2;3;0;3;78.29
gsvm2rl5;1206151;10;0;2;9;0;9;84.4
gsvm2rl9;1206151;16356.825869;0;2;57;0;57;100
gt2;1206151;13460.233074;0.728107;1;0;0;0;100
h50x2450;1206151;11147.731511;3.696751;1;32;0;32;100
h80x6320;1206151;3700;0;1;26;0;26;0
h80x6320d;1206151;5325.160104;2.515625;1;41;0;41;100
hanoi5;1206151;1926;332;4;161;1;162;100
haprp;1206151;3665963.213506;96.940858;1;4;0;4;100
harp2;1206151;-74353341.5023;5.485338;1;6;0;6;100
hgms-det;1206151;-53824.391476;32.676364;1;236;0;236;100
hgms30;1206151;-53349.215497;60.694272;1;8976;0;8976;100
hgms62;1206151;-53416.649907;61.317531;1;26532;0;26532;100
hypothyroid-k1;1206151;-2902.852586;39.591978;1;7513;2;7515;100
ic97_potential;1206151;4089;54.966667;2;3;0;3;100
ic97_tension;1206151;3911;15.366667;2;2;0;2;100
icir97_potential;1206151;6612;166.866667;2;42;0;42;100
icir97_tension;1206151;6302;97.366667;2;4;0;4;100
iis-100-0-cov;1206151;41;0;3;104;0;104;41.38
iis-bupa-cov;1206151;49;0;3;168;1;169;36.11
iis-glass-cov;1206151;28;0;3;148;1;149;33.33
iis-hc-cov;1206151;22;0;3;194;3;197;29.41
iis-pima-cov;1206151;41;0;3;223;1;224;24.24
irp;1206151;12123.530222;6;1;92;1;93;100
istanbul-no-cutoff;1206151;51.11;3.607411;1;443;0;443;100
ivu06-big;1206151;135.427718;95.799872;1;56251;161;56412;100
ivu06;1206151;135.901353;97.120377;1;15698;54;15752;100
ivu52;1206151;480.250439;81.742183;1;6980;15;6995;100
ivu59;1206151;884.456993;122.893682;1;107703;219;107922;100
janos-us-DDM;1206151;1488134.75;22.375;1;4;0;4;100
k16x240;1206151;11359;0;2;0;0;0;6.42
k16x240b;1206151;12874;0;2;0;0;0;13
k1mushroom;1206151;-4165.061224;43.877551;1;16392;7;16399;100
k1mushroomi;1206151;-4208;0;1;180;6;186;0
khb05250;1206151;126785464;0;2;1;0;1;18.56
l2p12;1206151;2;1091.539196;1;342;0;342;100
l2p1i;1206151;1;333.207461;1;806;16;822;100
l2p2i;1206151;1;616.41646;1;74;1;75;100
lectsched-1-obj;1206151;0;5.975758;2;258;6;264;100
lectsched-1;1206151;0;3.151515;2;204;6;210;100
lectsched-2;1206151;0;17.149242;5;122;8;130;100
lectsched-3;1206151;0;21.203788;6;218;15;233;100
lectsched-4-obj;1206151;0;12.853788;6;68;4;72;100
lectsched-5-obj;1206151;0;4.117424;2;233;5;238;100
leo1;1206151;1181219706.24;0;3;76;2;78;100
leo2;1206151;1344214233.44;0;3;178;5;183;100
liu;1206151;346;11.003653;2;7;0;7;100
loopha13;1206151;6.279;1.10216;2;218;1;219;100
lotsize;1206151;1335747.052789;7.405615;2;6;0;6;100
lr1dr02vc05v8a-t360;1206151;120706.326475;174.298112;1;1079;1;1080;100
lr1dr04vc05v17a-t360;1206151;247111.69248;335.090553;1;1982;2;1984;100
lr1dr12vc10v70b-t360;1206151;983950.247945;1069.593454;1;46277;10;46287;100
lr2-22dr3-333vc4v17a-t60;1206151;-72838.215835;239.748662;2;38359;8;38367;100
lrn;1206151;42701141.648089;65.099086;2;457;0;457;100
m100n500k4r1;1206151;-20;0;3;6;0;6;20
macrophage;1206151;0;339;1;29;0;29;100
mad;1206151;0;3.254396;1;1;0;1;100
manna81;1206151;-11868;0;3;38;0;38;9.85
map06;1206151;-406.181173;7.868443;1;2434;1;2435;100
map10;1206151;-602.176181;11.248146;1;2738;1;2739;100
map14;1206151;-778.549324;11.962355;1;2163;1;2164;100
map14860-20;1206151;-998.836419;10.400693;1;2485;1;2486;100
map16715-04;1206151;-296.267898;4.997036;1;2302;1;2303;100
map18;1206151;-932.782685;11.173489;1;2292;1;2293;100
map20;1206151;-998.836419;10.400693;1;2517;1;2518;100
mappingmesh3x3mpeg2i;1206151;87.555556;87.202393;1;35;0;35;100
mario-t-hard5i;1206151;-4482;20.339623;1;1372;2;1374;100
markshare1;1206151;230;0;2;0;0;0;100
markshare2;1206151;454;0;2;0;0;0;100
markshare_4_0;1206151;226;0;2;0;0;0;100
markshare_5_0;1206151;337;0;2;0;0;0;100
mas74;1206151;10482.79528;3.103514;1;1;0;1;100
mas76;1206151;38893.903641;2.555097;1;1;0;1;100
maxgasflow;1206151;-70929535.9;662.35764;2;63;0;63;100
mc11;1206151;13509;0;2;32;0;32;15.57
mc7;1206151;5796;0;2;30;0;30;69.62
mc8;1206151;1929;0;2;27;0;27;23.18
mcsched;1206151;193774.753707;340.221655;1;124;0;124;100
methanosarcina;1206151;0;313;1;109;0;109;100
mik-250-1-100-1;1206151;0;0;2;2;0;2;100
mik-250-20-75-1;1206151;0;0;2;3;0;3;100
mik-250-20-75-2;1206151;0;0;2;3;0;3;100
mik-250-20-75-3;1206151;0;0;2;3;0;3;100
mik-250-20-75-4;1206151;0;0;2;3;0;3;100
mik-250-20-75-5;1206151;0;0;2;3;0;3;100
milo-v12-6-r1-58-1;1206151;410986.648167;129.9058;1;106;0;106;100
milo-v12-6-r1-75-1;1206151;669700.757896;208.836475;1;117;0;117;100
milo-v12-6-r2-40-1;1206151;205532.322265;97.329375;1;71;0;71;100
milo-v13-4-3d-3-0;1206151;23359.288017;1.476277;1;14;0;14;100
milo-v13-4-3d-4-0;1206151;34031.171805;2.550972;1;26;0;26;100
mine-166-5;1206151;-821763677.673139;187.331384;1;200;0;200;100
mine-90-10;1206151;-887165318.510226;202.375368;1;157;0;157;100
mining;1206151;-885962268.692866;8562.753844;62;127138;1526;128664;100
minutedispatchstrategy;1206151;1898.391429;412.137934;2;1468;2;1470;100
misc07;1206151;1415;8;1;2;0;2;100
mitre;1206151;114740.518481;224.156743;1;99;0;99;100
mkc;1206151;-581.85;16.208843;3;31;0;31;100
mkc1;1206151;-611.85;3.942199;3;33;0;33;100
mod010;1206151;6532.083333;14.166667;1;16;0;16;100
modglob;1206151;20786787.016883;0;2;2;0;2;0.22
moj-mining;1206151;-1520532907.35018;566.626558;2;46371;0;46371;100
momentum1;1206151;134660.011921;48.045264;2;1297;1;1298;100
momentum2;1206151;61266.821316;84.616225;3;786;2;788;100
momentum3;1206151;107721.82427;144.721031;3;9110;1;9111;100
mrcpspj30-15-5i;1206151;23;189.992887;1;44;0;44;100
mrcpspj30-17-10i;1206151;25;28.677778;1;37;0;37;100
mrcpspj30-53-3i;1206151;30;43.135185;1;36;0;36;100
msc98-ip;1206151;19520966.151663;393.288169;2;2735;2;2737;100
mspp16;1206151;341;1.241379;1;28059;148;28207;100
mspsphard01i;1206151;16;0;1;46;0;46;0
mspsphard03i;1206151;20;0;1;85;1;86;0
mtest4ma;1206151;60342;0;2;2;0;2;15.71
mushroom-best;1206151;1.3e-05;0.0202;1;515;1;516;100
mzzv11;1206151;-22556.460829;174.328454;2;424;1;425;100
mzzv42z;1206151;-18842.814586;198.473995;2;281;1;282;100
n13-3;1206151;14401970;0;2;26;0;26;100
n15-3;1206151;71710891;0;2;3395;0;3395;0
n2seq36f;1206151;71600;0;3;35;1;36;37.16
n2seq36q;1206151;116003.593822;43.392098;3;161;3;164;100
n3-3;1206151;24303430;0;2;155;0;155;100
n3700;1206151;1342560;0;2;28;0;28;9.36
n3705;1206151;1342540;0;2;32;0;32;9.55
n3707;1206151;1301218;0;2;31;0;31;9.65
n3709;1206151;1324904;0;2;32;0;32;9.68
n370a;1206151;1353042;0;2;30;0;30;0
n370b;1206151;1373791;0;2;31;0;31;11.06
n3div36;1206151;174200;0;3;146;6;152;33.18
n3seq24;1206151;189433.068485;51.670786;3;3002;60;3062;100
n4-3;1206151;13501875;0;2;49;0;49;100
n5-3;1206151;12301325;0;2;18;0;18;100
n6-3;1206151;16502900;0;2;37;0;37;100
n7-3;1206151;14704310;0;2;41;0;41;100
n9-3;1206151;20703625;0;2;155;0;155;100
nag;1206151;465;13.770256;3;46;0;46;100
neos-1061020;1206151;-145860.370608;500.756757;1;840;1;841;100
neos-1067731;1206151;669053;81.272727;1;639;0;639;100
neos-1109824;1206151;278;22;1;53;0;53;100
neos-1112782;1206151;22000000110147.3;0;2;24;0;24;100
neos-1112787;1206151;19500000125389.7;0;2;22;0;22;100
neos-1122047;1206151;161;0.495966;2;478;0;478;100
neos-1171448;1206151;-309;0.936995;2;83;0;83;100
neos-1171692;1206151;-273;3.730892;2;42;0;42;100
neos-1171737;1206151;-195;8.004699;2;43;0;43;100
neos-1225589;1206151;5e+09;0;2;1;0;1;100
neos-1311124;1206151;-182;5;2;3;0;3;100
neos-1324574;1206151;4.5;144;1;40;0;40;100
neos-1330346;1206151;4.5;76.5;1;127;0;127;100
neos-1337307;1206151;-201272;272.493985;2;51;0;51;100
neos-1354092;1206151;46;238.398385;2;1017;1;1018;100
neos-1367061;1206151;31320456.264497;3.75;2;1838;1;1839;100
neos-1396125;1206151;3000.053717;12.531496;2;8;0;8;100
neos-1420546;1206151;22124.4;103.140678;1;375;0;375;100
neos-1420790;1206151;2942.750002;75.132359;1;49;0;49;100
neos-1423785;1206151;-1816.666667;311.9714;1;256;0;256;100
neos-1425699;1206151;3175204364.6353;5.264952;1;0;0;0;100
neos-1426635;1206151;-178;6.429182;2;2;0;2;100
neos-1426662;1206151;-52;10.501303;2;4;0;4;100
neos-1429212;1206151;30;713.975748;1;5387;12;5399;100
neos-1430701;1206151;-78;6.669599;2;2;0;2;100
neos-1436709;1206151;-129;3.502607;2;3;0;3;100
neos-1440225;1206151;36;33.503789;1;96;0;96;100
neos-1440460;1206151;-180;4.85975;2;2;0;2;100
neos-1442119;1206151;-182;2.580471;2;3;0;3;100
neos-1442657;1206151;-156;4.002933;2;3;0;3;100
neos-1445532;1206151;-22877;8.21746;2;94;0;94;100
neos-1445738;1206151;-24232.548846;16.301135;1;169;0;169;100
neos-1445743;1206151;-24579.832968;16.920281;1;150;0;150;100
neos-1445765;1206151;-24699.19766;17.625849;1;150;0;150;100
neos-1456979;1206151;154;8.434222;1;39;0;39;100
neos-1516309;1206151;34769.833333;9.166667;2;29;0;29;100
neos-1582420;1206151;88.398466;56.693409;5;86;1;87;100
neos-1593097;1206151;4424;55.795872;1;106;1;107;100
neos-1599274;1206151;32194.742857;6.464286;3;42;1;43;100
neos-1601936;1206151;1;155.387702;1;757;0;757;100
neos-1603965;1206151;619244367.662955;0.000913;1;649;0;649;100
neos-1605061;1206151;6.150735;159.498166;1;2584;0;2584;100
neos-1605075;1206151;3.214461;176.495942;1;2231;0;2231;100
neos-1616732;1206151;174;0;3;6;0;6;9.43
neos-1620770;1206151;22;35;2;44;0;44;100
neos-2294525-abba;1206151;156.177251;16.071056;1;94;0;94;100
neos-2328163-agri;1206151;26069;54.9;1;71;0;71;100
neos-2624317-amur;1206151;0;33.918936;1;3;0;3;100
neos-2629914-sudost;1206151;39622;7.942933;1;218;0;218;100
neos-2652786-brda;1206151;0;19.477348;2;1;0;1;100
neos-2657525-crna;1206151;0;28.234944;2;2;0;2;100
neos-2669500-cust;1206151;2221.9;230.19862;2;1051;16;1067;100
neos-2746589-doon;1206151;1985.75;129.965898;2;307;6;313;100
neos-2974461-ibar;1206151;473452396.770997;3364;2;213419;34;213453;100
neos-2978193-inde;1206151;-2.418518;7.4;1;59;0;59;100
neos-2978205-isar;1206151;-12.415307;29.8;1;223;0;223;100
neos-2987202-jeir;1206151;-1847551552.23661;1035.632796;2;66624;1;66625;100
neos-2987310-joes;1206151;-610797465.676974;19.875;2;1738;0;1738;100
neos-2991472-kalu;1206151;459.673619;4.82467;13792;4432;761716;766148;100
neos-3004026-krka;1206151;0;832;1;58;0;58;100
neos-3009394-lami;1206151;0.642857;216.114286;2;4;0;4;100
neos-3024952-loue;1206151;22882;103.3;1;251;0;251;100
neos-3025225-shelon;1206151;0.052574;323.690533;1;102123;43;102166;100
neos-3046601-motu;1206151;185;0.4492;1;1;0;1;100
neos-3046615-murg;1206151;192;0.3458;1;1;0;1;100
neos-3048764-nadi;1206151;-3883988306.36669;0;2;42;0;42;0
neos-3065804-namu;1206151;0;0;1;194;0;194;0
neos-3068746-nene;1206151;77427529.530929;55.412658;2;151;0;151;100
neos-3072252-nete;1206151;10593526;1.938794;2;1;0;1;100
neos-3075395-nile;1206151;54.924462;0.00048;1;172;0;172;100
neos-3083784-nive;1206151;0;12;1;26;0;26;100
neos-3083819-nubu;1206151;6290575.552807;13.541087;1;48;0;48;100
neos-3116779-oban;1206151;0;0;1;23;0;23;0
neos-3118745-obra;1206151;357;0;2;3;0;3;40
neos-3148108-pahi;1206151;0;0;1;267;2;269;0
neos-3209462-rhin;1206151;0;49.45122;2;4000;1;4001;100
neos-3209519-ruhr;1206151;332.85;25.900482;1;57;0;57;100
neos-3214367-sovi;1206151;87802.732596;99.258257;1;2075;0;2075;100
neos-3216931-puriri;1206151;58817.353066;51.622705;1;1005;0;1005;100
neos-3226448-wkra;1206151;0;512.043709;1;783;0;783;100
neos-3237086-abava;1206151;0;96;1;263;2;265;100
neos-3322547-alsek;1206151;616;115.178534;2;10437;67;10504;100
neos-3352863-ancoa;1206151;495300;0;2;824;10;834;100
neos-3354841-apure;1206151;48447.926267;3.552995;1;2932;23;2955;100
neos-3355120-tarago;1206151;-20453473.616781;80.899969;1;627;1;628;100
neos-3355323-arnon;1206151;0;21.818182;4;80;3;83;100
neos-3372571-onahau;1206151;0.57699;8.695953;2;1465;0;1465;100
neos-3373491-avoca;1206151;21687686014.0154;26.555947;1;6;0;6;100
neos-3381206-awhea;1206151;432;61.334767;2;5;0;5;100
neos-3402294-bobin;1206151;0;35.009213;1;1034;9;1043;100
neos-3426085-ticino;1206151;235;41.78747;3;27;0;27;100
neos-3426132-dieze;1206151;427;103.670666;2;50;0;50;100
neos-3437289-erdre;1206151;0;0;1;104;1;105;0
neos-3530903-gauja;1206151;170;33.253136;3;5;0;5;100
neos-3530905-gaula;1206151;153;29.042208;2;4;0;4;100
neos-3555904-turama;1206151;-41.45;29.464286;1;842;4;846;100
neos-3572885-glina;1206151;0;0;1;388;2;390;0
neos-3581454-haast;1206151;1640;52;1;101;0;101;100
neos-3592146-hawea;1206151;7237144.855333;13.694653;1;39;0;39;100
neos-3594536-henty;1206151;383205;2496;1;152;1;153;100
neos-3603137-hoteo;1206151;0;34.208333;3;43;1;44;100
neos-3610040-iskar;1206151;45;0;2;2;0;2;21.62
neos-3610051-istra;1206151;64;0;2;8;0;8;30.61
neos-3610173-itata;1206151;180;0;2;6;0;6;21.62
neos-3611447-jijia;1206151;129;0;2;3;0;3;20.56
neos-3611689-kaihu;1206151;151;0;2;2;0;2;26.89
neos-3615091-sutlej;1206151;-1506391.117177;170;1;1864;10;1874;100
neos-3627168-kasai;1206151;1020229.4;0;2;4;0;4;3.2
neos-3634244-kauru;1206151;0;152.72;1;4552;9;4561;100
neos-3636886-kereu;1206151;4092.95754;2e-05;2;59;1;60;100
neos-3656078-kumeu;1206151;-18774.7;144.152983;2;221;1;222;100
neos-3660371-kurow;1206151;286.534383;18.305351;1;40;0;40;100
neos-3661949-lesse;1206151;688975700;0.00026;2;57;0;57;100
neos-3665875-lesum;1206151;248.325;39.496094;4;74;0;74;100
neos-3682128-sandon;1206151;79915933.274829;141.641588;2;300;1;301;100
neos-3691541-lonja;1206151;-0.079271;1.110009;2;45;1;46;100
neos-3695882-vesdre;1206151;-145935.214286;38.62531;1;564;3;567;100
neos-3696678-lyvia;1206151;4.90689;306.477181;2;50;0;50;100
neos-3699377-maori;1206151;135877.224265;88.272067;2;116;0;116;100
neos-3703351-marne;1206151;317056.210386;66.75637;2;61;0;61;100
neos-3740487-motru;1206151;152.145486;83.106404;2;41129;71;41200;100
neos-3754480-nidda;1206151;-1216923.270104;12.186832;1;3;0;3;100
neos-3755335-nizao;1206151;50.030157;72.893283;2;541;1;542;100
neos-3759587-noosa;1206151;48.334468;3.376667;2;329;1;330;100
neos-3761878-oglio;1206151;422769.022545;76.021852;2;44;0;44;100
neos-3762025-ognon;1206151;603955.746492;55.414542;2;38;0;38;100
neos-4165869-wannon;1206151;282.410166;67.168679;3;607;6;613;100
neos-4230265-orari;1206151;10055874880.8713;2982.245145;241;4362;160;4522;100
neos-4260495-otere;1206151;3336.109119;251.27169;2;781;16;797;100
neos-4285819-pedja;1206151;9.198014;17.924816;2;126631;83;126714;100
neos-4290317-perth;1206151;6352398.05574;0;2;683;1;684;100
neos-4292145-piako;1206151;203075008.660562;3215.980526;241;3405;170;3575;100
neos-4295773-pissa;1206151;0;3220.505376;1;5208;5;5213;100
neos-4300652-rahue;1206151;0;49;2;736;2;738;100
neos-4306827-ravan;1206151;-35696.901913;2144.305389;5;754;29;783;100
neos-4321076-ruwer;1206151;1880.558333;39.333333;1;15633;1;15634;100
neos-4322846-ryton;1206151;0.419848;26;1;493;5;498;100
neos-4332801-seret;1206151;222328.384492;6070.103294;3;126108;2706;128814;100
neos-4332810-sesia;1206151;-33931.341204;4092.28388;13;118382;9658;128040;100
neos-4333464-siret;1206151;24.731464;0.125;2;69;1;70;100
neos-4333596-skien;1206151;-14653956.91493;0.180763;1;21;0;21;100
neos-4335793-snake;1206151;0;300.868689;2;1114;2;1116;100
neos-4338804-snowy;1206151;1447;0.33;3;5;0;5;100
neos-4343293-stony;1206151;51.62736;0.5;2;69;0;69;100
neos-4355351-swalm;1206151;33.822611;0.094819;2;200;3;203;100
neos-4358725-tagus;1206151;6199.400001;198.323744;73;602;20;622;100
neos-4359986-taipa;1206151;0.296593;39.062139;1;1110;1;1111;100
neos-4360552-sangro;1206151;-29.5;557.645354;1;12889;2;12891;100
neos-4387871-tavua;1206151;36.445048;0.2;2;52;0;52;100
neos-4391920-timok;1206151;9e-06;37.747142;1;7843;5;7848;100
neos-4393408-tinui;1206151;340.267489;0.2;2;43;0;43;100
neos-4408804-prosna;1206151;914.483516;66.321429;1;2666;1;2667;100
neos-4409277-trave;1206151;0;347.723278;1;2120;1;2121;100
neos-4413714-turia;1206151;43.474651;371.333441;1;1910;10;1920;100
neos-4532248-waihi;1206151;0;26.333333;1;668;4;672;100
neos-4533806-waima;1206151;3063.318841;99;1;1120;10;1130;100
neos-4545615-waita;1206151;3606.59419;108.263827;1;15318;63;15381;100
neos-4555749-wards;1206151;3026.812121;68.666667;1;949;13;962;100
neos-4562542-watut;1206151;3743.304348;85.428571;1;3685;13;3698;100
neos-4647027-thurso;1206151;26911.641616;127.083433;1;2478;0;2478;100
neos-4647030-tutaki;1206151;26911.641616;130.175014;1;2829;0;2829;100
neos-4647032-veleka;1206151;26587.908699;174.815461;1;3847;0;3847;100
neos-4650160-yukon;1206151;-22688.54768;228.864;1;5;0;5;100
neos-4722843-widden;1206151;1841.255082;1452.768981;2;422;6;428;100
neos-4724674-aorere;1206151;3758.753179;59.078997;3;502;12;514;100
neos-4736745-arroux;1206151;653873224.676537;1.560199;2;43;0;43;100
neos-4738912-atrato;1206151;617323325.173629;52.400465;2;50;1;51;100
neos-4754521-awarau;1206151;0;0;1;1146;6;1152;0
neos-4760493-puerua;1206151;1908.243695;237.071976;1;32731;2;32733;100
neos-476283;1206151;406.244708;4.622056;2;4415;0;4415;100
neos-4763324-toguru;1206151;1120.986062;232.945926;1;33755;3;33758;100
neos-4797081-pakoka;1206151;0;827.858104;1;5911;2;5913;100
neos-4805882-barwon;1206151;1676.929283;206.756435;2;210;1;211;100
neos-480878;1206151;515.138796;1.008444;2;17;0;17;100
neos-4954274-beardy;1206151;18659.208282;301.285291;2;967;2;969;100
neos-4954672-berkel;1206151;3733961;4.007059;2;4;0;4;100
neos-4966258-blicks;1206151;354.545455;450.828848;3;1478;4;1482;100
neos-4971100-bodrog;1206151;0;0;2;78;0;78;100
neos-4972437-bojana;1206151;355.557128;31.979415;2;8749;4;8753;100
neos-4972461-bolong;1206151;465.045599;50.250248;2;4782;3;4785;100
neos-4976951-bunnoo;1206151;375.694372;25.259996;2;6986;4;6990;100
neos-4984115-canche;1206151;-10414620.716097;6.967648;1;17547;0;17547;100
neos-498623;1206151;16;44.05751;1;128;1;129;100
neos-5013590-toitoi;1206151;1064.447092;169;1;12565;1;12566;100
neos-5018451-chiese;1206151;-149772385.216405;18.530618;1;65170;1;65171;100
neos-503737;1206151;50;47.555718;1;33;0;33;100
neos-5041822-cockle;1206151;5696053.417116;2.418448;3;2739;31;2770;100
neos-5044663-wairoa;1206151;4653100;541.481293;1;21912;2;21914;100
neos-5045105-creuse;1206151;19.06667;21.458183;1;84;0;84;100
neos-5049753-cuanza;1206151;464;69.6;3;2456;6;2462;100
neos-5051588-culgoa;1206151;128.75;31.449091;1;113;0;113;100
neos-5052403-cygnet;1206151;219.147435;87.133886;8;37130;161;37291;100
neos-506422;1206151;0;6.9;1;43;0;43;100
neos-506428;1206151;145945;95.648936;1;532;3;535;100
neos-5075914-elvire;1206151;277.341888;3.120913;2;56;0;56;100
neos-5076235-embley;1206151;1930;0.115385;2;805;0;805;100
neos-5078479-escaut;1206151;7280.474567;0.467977;2;39;0;39;100
neos-5079731-flyers;1206151;2004;1.087912;2;852;0;852;100
neos-5083528-gimone;1206151;0;20.875;1;253;4;257;100
neos-5093327-huahum;1206151;3934;1.841667;2;930;0;930;100
neos-5100895-inster;1206151;2084;3.582418;2;596;0;596;100
neos-5102383-irwell;1206151;1740;2.483516;2;968;0;968;100
neos-5104907-jarama;1206151;639.917149;50.953837;2;9499;4;9503;100
neos-5106984-jizera;1206151;721;3.5;2;3993;7;4000;100
neos-5107597-kakapo;1206151;0;0.59125;2;42;0;42;100
neos-5108386-kalang;1206151;620.501637;57.690941;2;13708;8;13716;100
neos-5114902-kasavu;1206151;518;138;3;13027;14;13041;100
neos-5115478-kaveri;1206151;0;0.529375;2;41;0;41;100
neos-5116085-kenana;1206151;452;142;3;5708;11;5719;100
neos-5118834-korana;1206151;569.216333;123.504863;2;12340;6;12346;100
neos-5118851-kowhai;1206151;1134;5.88;2;5710;8;5718;100
neos-5123665-limmat;1206151;652.42743;71.017903;2;17305;9;17314;100
neos-5125849-lopori;1206151;0;51.956886;1;45;0;45;100
neos-5129192-manaia;1206151;0;3.769231;1;4432;13;4445;100
neos-5138690-middle;1206151;605.364996;106.306535;2;16423;8;16431;100
neos-5140963-mincio;1206151;8877;2.142857;1;1;0;1;100
neos-5149806-wieprz;1206151;0.027694;5.514108;5;463;18;481;100
neos-5151569-mologa;1206151;686023627.750363;27.702234;2;2108;3;2111;100
neos-5178119-nalagi;1206151;8.569859;18.661577;2;69;0;69;100
neos-5182409-nasivi;1206151;0;18.212177;1;7;0;7;100
neos-5188808-nattai;1206151;0;13.024442;1;421;0;421;100
neos-5189128-totara;1206151;330131.390743;21.863581;1;974;2;976;100
neos-5192052-neckar;1206151;-11980000;0.333333;3;0;0;0;100
neos-5193246-nerang;1206151;0;792.331614;1;828;1;829;100
neos-5195221-niemur;1206151;0;700.447361;1;900;1;901;100
neos-5196530-nuhaka;1206151;0;750.534707;1;581;1;582;100
neos-520729;1206151;-1391291.666667;8.76;1;552;1;553;100
neos-5221106-oparau;1206151;0;61.698592;1;277;1;278;100
neos-5223573-tarwin;1206151;0.1058;0.258185;1;16169;3;16172;100
neos-5251015-ogosta;1206151;0.1058;0.226665;1;12769;2;12771;100
neos-525149;1206151;60;3.5;1;290;5;295;100
neos-5260764-orauea;1206151;58748.022532;10.633838;1;63;0;63;100
neos-5261882-treska;1206151;22721.328;6.436135;1;14;0;14;100
neos-5266653-tugela;1206151;20969.906674;15.508215;1;146;1;147;100
neos-5273874-yomtsa;1206151;0;0.2152;1;15120;2;15122;100
neos-555001;1206151;910619.201473;185.329242;1;39;0;39;100
neos-555343;1206151;1241512.54944;273.503416;1;41;0;41;100
neos-555424;1206151;1196312.54944;237.883186;1;39;0;39;100
neos-555884;1206151;1026121.836055;271.3209;1;43;0;43;100
neos-565672;1206151;43884.639336;66.477422;3;15865;18;15883;100
neos-574665;1206151;4948073.456141;10.746401;1;40;0;40;100
neos-578379;1206151;0;134.758643;1;1159;1;1160;100
neos-585192;1206151;-1999690.155301;98.986683;2;164;0;164;100
neos-585467;1206151;-1999711.795869;82.239088;2;22;0;22;100
neos-595904;1206151;61134.474995;16.114622;2;65;0;65;100
neos-619167;1206151;1.481241;34.850492;1;101;0;101;100
neos-631517;1206151;6494999.999936;60.866544;1;9;0;9;100
neos-631710;1206151;544;293.45197;2;6596;19;6615;100
neos-633273;1206151;4678552871.15256;377.739286;1;189;0;189;100
neos-662469;1206151;184340.629649;96.375734;1;420;1;421;100
neos-686190;1206151;5134.81383;17.515957;1;106;0;106;100
neos-691058;1206151;234;83.065598;1;197;0;197;100
neos-693347;1206151;234;75.573465;1;676;0;676;100
neos-738098;1206151;-1099;225.695149;1;127;1;128;100
neos-777800;1206151;-80;68.220262;1;69;0;69;100
neos-780889;1206151;3421500;0;1;701;8;709;0
neos-787933;1206151;300;0;2;230;18;248;100
neos-799711;1206151;-11228065.153797;0.981255;1;1111;0;1111;100
neos-799716;1206151;4932670.661692;0.616814;1;136;0;136;100
neos-807639;1206151;492.688889;1.37037;2;11;0;11;100
neos-820879;1206151;24874.267857;62.867619;1;109;0;109;100
neos-824661;1206151;51;60.642857;2;253;2;255;100
neos-824695;1206151;42;33.8;3;98;1;99;100
neos-826224;1206151;130;70;3;204;3;207;100
neos-826650;1206151;32;109.347222;2;45;0;45;100
neos-826694;1206151;73;92.333333;3;90;2;92;100
neos-826812;1206151;70.011;151.137255;3;113;1;114;100
neos-826841;1206151;32.0082;110.679849;2;44;0;44;100
neos-827015;1206151;2.098071;332.649497;1;1830;3;1833;100
neos-827175;1206151;116.00152;83.555556;2;174;1;175;100
neos-829552;1206151;2.098071;250.649497;1;1688;1;1689;100
neos-831188;1206151;1.76772;215.733333;1;79;0;79;100
neos-847302;1206151;0;49.875712;1;77;0;77;100
neos-848198;1206151;168781;0;2;199;0;199;100
neos-848589;1206151;0;0.075873;1;1533;1;1534;100
neos-849702;1206151;0;87.382423;1;21;0;21;100
neos-850681;1206151;2087;60.770833;1;118;0;118;100
neos-860300;1206151;1666.068586;9;1;55;1;56;100
neos-872648;1206151;52.672838;0;2;1498;9;1507;8.36
neos-873061;1206151;152.431558;0;2;1242;8;1250;34.12
neos-876808;1206151;10030.533833;259.649605;2;6280;11;6291;100
neos-885086;1206151;-243;13.945733;2;213;0;213;100
neos-885524;1206151;11771.55529;9.581376;2;182;8;190;100
neos-911880;1206151;23.26;17.986476;1;2;0;2;100
neos-911970;1206151;23.26;14.456206;1;2;0;2;100
neos-913984;1206151;1000;33.522949;1;156;3;159;100
neos-914441;1206151;5660364.28377;78.177859;1;1873;1;1874;100
neos-916792;1206151;26.203596;16.256328;2;93;0;93;100
neos-932721;1206151;513000;0;3;110;3;113;100
neos-932816;1206151;513000;0;2;222;7;229;100
neos-933562;1206151;0;237.810567;1;67;0;67;100
neos-933638;1206151;462013;0;2;233;4;237;100
neos-933966;1206151;424032;0;2;174;4;178;100
neos-934278;1206151;446011;0;2;318;3;321;100
neos-935234;1206151;422081;0;2;371;1;372;100
neos-935627;1206151;23250;0;2;477;1;478;100
neos-935769;1206151;23430;0;2;406;1;407;100
neos-937511;1206151;52640;0;2;416;1;417;100
neos-937815;1206151;53700;0;2;496;1;497;100
neos-941262;1206151;51543;0;2;353;1;354;100
neos-941313;1206151;9361;325.995652;1;622;8;630;100
neos-942830;1206151;12;68.941632;1;34;0;34;100
neos-948126;1206151;51842;0;2;444;1;445;100
neos-948346;1206151;-208.675026;5.578968;5;489;19;508;100
neos-950242;1206151;2;94;2;112;1;113;100
neos-953928;1206151;-99.806667;0;3;250;4;254;0.1
neos-954925;1206151;-217.766667;0;5;1052;31;1083;8.41
neos-956971;1206151;-230.74;2.884533;4;736;15;751;100
neos-957143;1206151;-205.296379;49.220165;4;568;16;584;100
neos-957323;1206151;-211.802593;25.331104;3;346;12;358;100
neos-957389;1206151;1.5;30.754586;1;113;1;114;100
neos-960392;1206151;-238;303.359003;1;269;3;272;100
neos-983171;1206151;52602;0;2;459;1;460;100
neos-984165;1206151;52002;0;2;482;1;483;100
neos13;1206151;-126.178378;42.160092;2;234;0;234;100
neos15;1206151;144796.909577;0;2;1;0;1;79.65
neos16;1206151;429;13.142857;2;3;0;3;100
neos17;1206151;0.222688;0;2;7;0;7;48.46
neos18;1206151;11;59;3;75;0;75;100
neos2;1206151;-4717.666848;6.724359;1;8;0;8;100
neos22;1206151;413700;227;1;38;0;38;100
neos5;1206151;17.25;0;2;1;0;1;15
neos6;1206151;116.604289;27.902196;4;105;7;112;100
neos8;1206151;-2885.143864;22.041691;3;845;6;851;100
neos808444;1206151;0;221.165702;1;224;1;225;100
neos9;1206151;780;44.25;1;361;0;361;100
net12;1206151;47.514236;132.660069;3;1162;1;1163;100
netdiversion;1206151;454.4;774.4;3;9380;16;9396;100
newdano;1206151;11.724138;8.447296;1;3;0;3;100
nexp-150-20-1-5;1206151;84;0;2;39;0;39;27.27
nexp-150-20-8-5;1206151;656;0;2;86;1;87;100
nexp-50-20-1-1;1206151;34;0;2;1;0;1;17.24
nexp-50-20-4-2;1206151;120;0;2;3;0;3;69.01
nh97_potential;1206151;1461;72.75;2;6;0;6;100
nh97_tension;1206151;1438;81.583333;2;4;0;4;100
nj1;1206151;0;607;1;555;1;556;100
nj2;1206151;0;607;1;669;1;670;100
nj3;1206151;0;607;1;68327;1;68328;100
nobel-eu-DBE;1206151;7662120;0;2;89;0;89;100
noswot;1206151;-9;0;2;1;0;1;78.05
ns1111636;1206151;96.25;19.25;1;662;2;664;100
ns1116954;1206151;0;144.400486;1;816;1;817;100
ns1208400;1206151;0;89.16614;1;61;0;61;100
ns1430538;1206151;73.621609;10.155449;1;555;0;555;100
ns1456591;1206151;361.939022;19;1;117;1;118;100
ns1606230;1206151;13.225;182.603065;1;1784;0;1784;100
ns1631475;1206151;817.193748;716.662243;1;1327;1;1328;100
ns1663818;1206151;1;9.141146;1;6349;87;6436;100
ns1679495;1206151;3337055.001914;100.246101;2;49567;10;49577;100
ns1685374;1206151;-51.800913;96.218654;1;54402;1;54403;100
ns1688347;1206151;2;5.051506;1;57;0;57;100
ns1690781;1206151;-1022.785697;17.664172;2;197;1;198;100
ns1696083;1206151;2;13.475541;1;152;1;153;100
ns1758913;1206151;-1501.183256;124.830251;1;7124;6;7130;100
ns1760995;1206151;-1379.173237;142;1;21557;8;21565;100
ns1778858;1206151;-22635740;227.465047;2;268;1;269;100
ns1828997;1206151;0;75;2;832;3;835;100
ns1830653;1206151;6153;57.880312;1;141;0;141;100
ns1849932;1206151;546;6.131653;1;1047;6;1053;100
ns1853823;1206151;1172000;1386;2;53115;25;53140;100
ns1854840;1206151;1.432e+11;1139.47326;2;6993;15;7008;100
ns1856153;1206151;0;254.167528;1;154;0;154;100
ns1904248;1206151;0;854.146124;14;2665;31;2696;100
ns1905797;1206151;11.75098;19.65;1;197;1;198;100
ns1905800;1206151;6.4366;16.364665;1;43;0;43;100
ns1952667;1206151;0;10.112982;1;220;1;221;100
ns2017839;1206151;77026281754033.4;1.017799;2;7692;0;7692;100
ns2034125;1206151;0;796.623735;2;1929;0;1929;100
ns2071214;1206151;0;60.238929;1;85;0;85;100
ns2081729;1206151;4.6;0.852;2;4;0;4;100
ns2122698;1206151;62785.622771;194.641858;1;572;1;573;100
ns2124243;1206151;53998.333333;195.416667;1;455;1;456;100
ns2137859;1206151;24629;42.075016;1;790;5;795;100
ns4-pr3;1206151;36073;12;1;99;0;99;100
ns4-pr6;1206151;29145.75;8.875;1;62;0;62;100
ns4-pr9;1206151;35175;10;1;77;0;77;100
ns894236;1206151;18;199.238568;2;383;0;383;100
ns894244;1206151;16;340.564115;2;1187;1;1188;100
ns894786;1206151;14;210.712983;2;1404;2;1406;100
ns894788;1206151;7;91.946694;2;175;0;175;100
ns903616;1206151;22;385.201946;2;1032;1;1033;100
nsa;1206151;91.44794;7.482504;1;6;0;6;100
nsr8k;1206151;17500809.511815;639.929911;1;8270;3;8273;100
nsrand-ipx;1206151;646400;0;2;63;2;65;100
nu120-pr12;1206151;38070;13.695833;1;46;0;46;100
nu120-pr3;1206151;21306.442308;42.751022;1;103;0;103;100
nu120-pr9;1206151;19062.5;28.652083;1;77;0;77;100
nu25-pr12;1206151;52757.5;11.9;1;52;0;52;100
nu4-pr9;1206151;35175;22.513333;1;82;0;82;100
nu60-pr9;1206151;22850;28.383333;1;90;0;90;100
nucorsav;1206151;29.0461;81.032136;2;81642;273;81915;100
nursesched-medium-hint03;1206151;33.468485;460.316255;1;1202;3;1205;100
nursesched-medium04;1206151;411;279.979978;2;726;6;732;100
nursesched-sprint-hidden09;1206151;580.911765;177.875;2;322;2;324;100
nursesched-sprint-late03;1206151;34.254806;178.177416;1;356;1;357;100
nursesched-sprint02;1206151;129.416667;125.4375;2;230;2;232;100
nw04;1206151;16310.666667;2;1;294;5;299;100
ofi;1206151;6131846109.62063;1781.999298;135;9610;144;9754;100
ofi2;1206151;6124829152.73116;3158.688481;133;7087;189;7276;100
oocsp-racks030e6cci;1206151;0;0;1;217;2;219;0
opm2-z10-s2;1206151;-19912;0;4;24713;11;24724;41.13
opm2-z10-s4;1206151;-17801;0;4;24353;10;24363;46.49
opm2-z11-s8;1206151;-24040;0;4;49939;15;49954;44.72
opm2-z12-s14;1206151;-39815;0;6;120332;32;120364;38.07
opm2-z12-s7;1206151;-39769;0;5;111118;23;111141;39.3
opm2-z12-s8;1206151;-34893;0;5;111317;24;111341;40.39
opm2-z6-s1;1206151;-2356;0;3;317;1;318;62.01
opm2-z7-s2;1206151;-7132;0;4;776;2;778;30.62
opm2-z7-s8;1206151;-6856;0;4;871;2;873;39.01
opm2-z8-s0;1206151;-8004;0;3;3717;3;3720;49.26
opt1217;1206151;-20.02139;8.22549;1;1;0;1;100
osorio-cta;1206151;0;3.5e-05;1;57;0;57;100
p0201;1206151;6875;20;1;1;0;1;100
p100x588b;1206151;58977;0;2;1;0;1;23.18
p200x1188c;1206151;15747;0;2;1;0;1;4.44
p2756;1206151;2718;2.345553;2;5;0;5;100
p500x2988;1206151;72594;0;2;30;0;30;1.06
p500x2988c;1206151;17212;0;2;32;0;32;13.13
p500x2988d;1206151;6;0;2;30;0;30;0
p6b;1206151;-53;0;3;38;0;38;15.87
p80x400b;1206151;45896;0;2;1;0;1;15.7
pb-fit2d;1206151;-22372.476239;842.898884;1;6838;11;6849;100
pb-gfrd-pnc;1206151;8316.011268;30.700616;1;121;1;122;100
pb-grow22;1206151;-449681.200587;122.632175;1;436;1;437;100
pb-market-split8-70-4;1206151;0;2.197219;1;0;0;0;100
pb-simp-nonunif;1206151;6;513.5;2;3841;54;3895;100
peg-solitaire-a3;1206151;1;289.311002;1;385;0;385;100
pg;1206151;-11098.657382;17.215049;2;5;0;5;100
pg5_34;1206151;-16012.248077;18.476238;2;6;0;6;100
physiciansched3-3;1206151;2432694.766159;1299.771515;17;60097;128;60225;100
physiciansched3-4;1206151;1124678.224456;1152.371387;12;36187;70;36257;100
physiciansched5-3;1206151;5180;1064.20702;3;1424;4;1428;100
physiciansched6-1;1206151;7500;756.571528;2;749;12;761;100
physiciansched6-2;1206151;43012.5;757.225;2;651;11;662;100
pigeon-08;1206151;-8000;8.25974;1;2;0;2;100
pigeon-10;1206151;-10000;13.559596;1;2;0;2;100
pigeon-11;1206151;-11000;16.690909;1;3;0;3;100
pigeon-12;1206151;-12000;21.818182;1;3;0;3;100
pigeon-13;1206151;-13000;24;1;4;0;4;100
pigeon-16;1206151;-16000;74.018182;1;5;0;5;100
pigeon-19;1206151;-19000;59.036364;1;32;0;32;100
pigeon-20;1206151;-20000;62.509091;1;33;0;33;100
piperout-03;1206151;68814.99759;435.327133;6;429;3;432;100
piperout-08;1206151;99128.924471;558.342366;32;433;16;449;100
piperout-27;1206151;6970;1154.464464;12;474;7;481;100
piperout-d20;1206151;25533.842105;676.796097;2;1077;2;1079;100
piperout-d27;1206151;7083.116279;1022.542306;2;1456;2;1458;100
pk1;1206151;0;2.794444;1;0;0;0;100
polygonpack3-15;1206151;-96519350.40932;30.691342;3;1402;5;1407;100
polygonpack4-10;1206151;-93676953.4701;20.42385;3;431;2;433;100
polygonpack4-15;1206151;-114052801.79086;40.321265;3;1368;5;1373;100
polygonpack4-7;1206151;-75324958.8742;9.351219;3;220;1;221;100
polygonpack5-15;1206151;-42382234.50354;24.151449;3;1620;7;1627;100
pp08a;1206151;15000;0;2;1;0;1;100
pp08aCUTS;1206151;16630.402442;0;2;2;0;2;100
probportfolio;1206151;5;15.184084;2;3;0;3;100
prod1;1206151;-100;6.72495;2;1;0;1;100
prod2;1206151;-100;4.433874;2;1;0;1;100
proteindesign121hz512p19;1206151;3197.772133;67.38213;1;17579;139;17718;100
proteindesign121hz512p9;1206151;1423.904449;61.920249;1;756;8;764;100
proteindesign121pgb11p9;1206151;1173.710433;49.777201;1;576;6;582;100
proteindesign122trx11p8;1206151;1720.461105;46.268597;1;556;5;561;100
protfold;1206151;0;35;2;16;0;16;100
pw-myciel4;1206151;0;65.596829;6;34;0;34;100
pythago7824;1206151;0;580.777778;6;764;2;766;100
pythago7825;1206151;0;586.777778;8;851;3;854;100
qap10;1206151;332.566228;55;1;366;0;366;100
qiu;1206151;1805.177143;0;2;3;0;3;100
qnet1;1206151;98035.87;7.221868;2;12;0;12;100
qnet1_o;1206151;96705.12;0;2;5;0;5;100
queens-30;1206151;-30;0;3;186;1;187;25
r4l4-02-tree-bounds-50;1206151;510876207;651.016667;2;50;0;50;100
r50x360;1206151;2016;0;2;1;0;1;21.96
r80x800;1206151;5520;0;2;1;0;1;3.53
radiationm18-12-05;1206151;17554.5;196.038066;1;193;1;194;100
radiationm40-10-02;1206151;155306.7;933.533;1;1103;7;1110;100
rail01;1206151;-92.0873;2555.823708;1;10952;6;10958;100
rail02;1206151;-206.6102;3001.898333;1;129068;13;129081;100
rail03;1206151;-920.273762;12426.061971;1;170697;40;170737;100
rail507;1206151;216;0;3;658;11;669;24.14
railway_8_1_0;1206151;397;64.534158;3;10;0;10;100
ramos3;1206151;440;0;3;1394;0;1394;100
ran12x21;1206151;4080;0;2;0;0;0;11.35
ran13x13;1206151;3521;0;2;0;0;0;8.27
ran14x18-disj-8;1206151;12451.012696;0;2;22;0;22;100
ran14x18;1206151;4265;0;2;0;0;0;14.9
ran16x16;1206151;4333;0;2;0;0;0;13.34
rd-rplusc-21;1206151;100;4.122769;1;541;1;542;100
reblock115;1206151;-39365983.337347;271.565472;1;191;0;191;100
reblock166;1206151;-886882876.965829;382.279623;1;491;0;491;100
reblock354;1206151;-39640995.765204;569.832903;3;840;1;841;100
reblock420;1206151;-886535897.522137;986.979676;1;2505;0;2505;100
reblock67;1206151;-39339910.923037;159.950504;1;53;0;53;100
rfds-4-days;1206151;-1158940.978167;54.113757;1;66149;27;66176;100
rlp1;1206151;13.244444;9.961905;1;1;0;1;100
rmatr100-p10;1206151;360.593308;9.692735;1;194;0;194;100
rmatr100-p5;1206151;762.040054;5;1;525;0;525;100
rmatr200-p10;1206151;1550.620783;10;1;11306;0;11306;100
rmatr200-p20;1206151;688.357943;19.982266;1;4729;0;4729;100
rmatr200-p5;1206151;3283.653831;5;1;12179;0;12179;100
rmine10;1206151;-1926.821009;886.351115;2;3973;2;3975;100
rmine11;1206151;-2511.986814;1275.572328;14;11162;20;11182;100
rmine13;1206151;-3504.619914;1108.274293;2;41883;6;41889;100
rmine14;1206151;-4308.869811;2215.505904;7;97837;25;97862;100
rmine15;1206151;-5041.420189;4256.942532;4;180099;21;180120;100
rmine6;1206151;-436.021627;48.709031;12;144;1;145;100
rocI-3-11;1206151;-111086.671772;559.283036;1;50;0;50;100
rocI-4-11;1206151;-11111086.671772;810.679039;1;80;0;80;100
rocII-10-11;1206151;-11.974865;306.103805;1;534;2;536;100
rocII-4-11;1206151;-11.937162;82.5;1;156;1;157;100
rocII-5-11;1206151;-11.94973;122.235744;1;185;1;186;100
rocII-7-11;1206151;-11.964093;207.33219;1;340;1;341;100
rocII-8-11;1206151;-11.968581;244.702313;1;464;2;466;100
rocII-9-11;1206151;-11.972072;276.465408;1;536;2;538;100
rococoB10-011000;1206151;8350.199468;49.840978;1;127;0;127;100
rococoC10-001000;1206151;7515.271029;14.886765;1;59;0;59;100
rococoC11-010100;1206151;8773.206543;49.89581;1;158;0;158;100
rococoC11-011100;1206151;9024.205406;56.60339;1;133;0;133;100
rococoC12-010001;1206151;26787.292147;50.829414;1;219;1;220;100
rococoC12-111000;1206151;27337.357381;53.501346;1;268;0;268;100
roi2alpha3n4;1206151;-80.526722;7.807845;2;672;8;680;100
roi5alpha10n8;1206151;-87.787142;16;2;2082;26;2108;100
roll3000;1206151;11097.127677;46.77651;3;34;0;34;100
rout;1206151;981.864286;9.898077;1;1;0;1;100
rpp22falsei;1206151;0;0;1;41;0;41;0
rvb-sub;1206151;11.206514;4.571429;1;741;5;746;100
s100;1206151;-0.171097;43.263533;1;25477;18;25495;100
s1234;1206151;0.361925;1.578294;6;1703;2;1705;100
s250r10;1206151;-0.166732;112.777088;2;10080;29;10109;100
s55;1206151;-22.151773;0;1;1754;4;1758;0
s82;1206151;-33.833613;638.111555;2;206231;169;206400;100
satellites1-25;1206151;-20;46.054099;1;159;0;159;100
satellites2-25;1206151;-30;232.549845;1;5164;2;5166;100
satellites2-40;1206151;-30;128.145498;1;16222;2;16224;100
satellites2-60-fs;1206151;-30;502.252135;1;2573;1;2574;100
satellites2-60;1206151;-30;313.609113;1;17927;2;17929;100
satellites3-25;1206151;-39;981.495523;1;206939;5;206944;100
satellites3-40-fs;1206151;-39;956.482639;1;28764;4;28768;100
satellites3-40;1206151;-39;963.650088;1;211076;6;211082;100
savsched1;1206151;22586.49862;0;2;119947;36;119983;100
scpj4scip;1206151;183;0;3;1286;27;1313;41.86
scpk4;1206151;389;0;3;2705;26;2731;21.18
scpl4;1206151;360;0;3;4944;52;4996;36.88
scpm1;1206151;774;0;3;45698;127;45825;37.97
scpn2;1206151;741;0;3;72271;249;72520;38.76
sct1;1206151;-218.139003;91.32546;1;1383;0;1383;100
sct2;1206151;-231.116964;15.708827;1;64;0;64;100
sct31;1206151;-31.962662;31.547827;1;202;0;202;100
sct32;1206151;-62.990833;53.144038;1;749;0;749;100
sct5;1206151;-228.176552;31.924007;2;275;2;277;100
seqsolve1;1206151;4376.282987;371.073706;19;4700;185;4885;100
seqsolve2short4288;1206151;4.45;440.788269;4;2846;40;2886;100
seqsolve3short4288excess384;1206151;-46401.234768;425.509375;7;13173;63;13236;100
set1ch;1206151;110241.5;0;2;1;0;1;100
set3-09;1206151;1263.077974;49.748593;3;63;0;63;100
set3-10;1206151;788.890655;50.61299;3;41;0;41;100
set3-15;1206151;8364.040745;53.876403;3;46;0;46;100
set3-16;1206151;9916.808562;58.149187;3;42;0;42;100
set3-20;1206151;10347.381087;53.849605;3;43;0;43;100
seymour-disj-10;1206151;320.000002;2e-06;3;1803;1;1804;100
seymour;1206151;454;0;3;213;1;214;7.33
seymour1;1206151;422.819841;0;3;206;0;206;2.94
shiftreg1-4;1206151;131.656032;300.178571;1;49;0;49;100
shiftreg2-7;1206151;206.733052;275.753282;1;70;0;70;100
shiftreg5-1;1206151;520.839888;632.617991;1;321;0;321;100
shipsched;1206151;0;2.147365;5;133;2;135;100
shipschedule3shipsi;1206151;-265650;0;1;37;0;37;0
shipschedule6shipsmixi;1206151;-301650;0;1;58;0;58;0
shipschedule8shipsmixuci;1206151;-401100;0;1;70;1;71;0
shs1014;1206151;22137.410363;350.541667;1;176333;20;176353;100
shs1042;1206151;9455.525826;684.883411;1;66560;20;66580;100
siena1;1206151;10163179.229002;146.859338;1;1749;2;1751;100
sing11;1206151;18640171.224643;331.879469;1;8199;7;8206;100
sing161;1206151;19071259.113927;996.464534;1;64062;35;64097;100
sing17;1206151;35483848.876514;554.751047;1;30939;22;30961;100
sing2;1206151;17150914.71694;252.506822;1;1563;1;1564;100
sing245;1206151;25024015.754083;519.079791;1;11922;11;11933;100
sing326;1206151;7717674.801189;203.886687;1;2642;3;2645;100
sing359;1206151;22534478.962498;1259.613224;1;82228;36;82264;100
sing44;1206151;8102513.2194;177.330369;1;3169;2;3171;100
sing5;1206151;18418516.013137;272.410096;1;3501;7;3508;100
snip10x10-35r1budget17;1206151;30;2.533333;1;444;0;444;100
snp-02-004-104;1206151;548044802.97509;10.217187;2;4228;1;4229;100
snp-04-052-052;1206151;728196432.049806;735.582559;2;3886;2;3888;100
snp-06-004-052;1206151;1787138156.58097;33.734354;2;6632;1;6633;100
snp-10-004-052;1206151;5842625068.20526;48.106063;2;14281;2;14283;100
snp-10-052-052;1206151;5842626434.04626;1694.316668;2;16164;5;16169;100
sorrell3;1206151;-11;0;3;751;10;761;31.25
sorrell4;1206151;-16;0;3;2938;31;2969;33.33
sorrell7;1206151;-138;0;3;422;5;427;29.59
sorrell8;1206151;-259;0;3;81;1;82;26
sp150x300d;1206151;71;0;2;1;0;1;2.9
sp97ar;1206151;807607302.399999;1.342794;4;520;8;528;100
sp97ic;1206151;597287696.727546;1.277104;3;383;6;389;100
sp98ar;1206151;642003743.188383;1.613817;16;607;39;646;100
sp98ic;1206151;633805370.656431;1.781976;4;402;8;410;100
sp98ir;1206151;265679354.122102;8.206982;4;75;1;76;100
splice1k1;1206151;-1646.777979;8.512635;1;18267;7;18274;100
splice1k1i;1206151;-1654;0;1;195;6;201;0
square23;1206151;8.333333;12.444444;1;137;3;140;100
square31;1206151;8.5;13.75;1;753;15;768;100
square37;1206151;8.666667;15;1;2512;33;2545;100
square41;1206151;8.839612;15.068891;1;4130;48;4178;100
square47;1206151;8.755814;15.976744;1;6441;102;6543;100
stoch-vrpvrp-s5v2c8vrp-v2c8i;1206151;0;119.181818;1;32;0;32;100
stockholm;1206151;173;0;2;493;0;493;38.4
stp3d;1206151;604.886283;537.229946;2;24907;18;24925;100
sts405;1206151;357;0;2;513;1;514;0
sts729;1206151;665;0;2;3187;4;3191;0
supportcase1;1206151;20078;0.020624;2;313;4;317;100
supportcase10;1206151;3.383924;1850.997936;1;10000;3;10003;100
supportcase11;1206151;-25.979452;762069;1;306793;492;307285;100
supportcase12;1206151;-7609.533054;55.569104;1;1608;1;1609;100
supportcase14;1206151;272;9.894737;1;4;0;4;100
supportcase16;1206151;272;9;1;2;0;2;100
supportcase17;1206151;0;88.929601;2;11;0;11;100
supportcase18;1206151;87;9.141806;2;62;0;62;100
supportcase19;1206151;12677206;370.390975;1;26369;63;26432;100
supportcase2;1206151;0;7.75;1;10118;49;10167;100
supportcase20;1206151;2442.144012;4.88286;1;20;0;20;100
supportcase23;1206151;-12952;674.436182;1;1730;0;1730;100
supportcase25;1206151;0.036932;10.829622;1;103;0;103;100
supportcase26;1206151;1288.102161;0.009948;2;2;0;2;100
supportcase27i;1206151;0;0.028235;1;1;0;1;100
supportcase3;1206151;0;754.600046;3;233;1;234;100
supportcase30;1206151;0;102.85702;1;65;0;65;100
supportcase31;1206151;-1120655.076;0;3;1907;77;1984;69.88
supportcase33;1206151;-468.46299;67.367519;2;530;3;533;100
supportcase34;1206151;72.664116;328.063419;1;1223;3;1226;100
supportcase35;1206151;77847.333333;96;2;127;0;127;100
supportcase37;1206151;-5865.764096;28.093523;2;817;0;817;100
supportcase39;1206151;-1062330.369524;22.808785;5;136;9;145;100
supportcase4;1206151;0;537.153071;3;178;0;178;100
supportcase40;1206151;22536.483379;19;1;238;0;238;100
supportcase41;1206151;28;24.340373;5;288;1;289;100
supportcase42;1206151;7.343539;48.081295;1;1638;2;1640;100
supportcase43;1206151;0;48.147044;2;49116;3;49119;100
supportcase6;1206151;45090.732163;30.239669;1;1594;9;1603;100
supportcase7;1206151;-2396.218213;53.14731;2;2064;0;2064;100
swath;1206151;334.496858;2.2;1;43;0;43;100
swath1;1206151;334.496858;0.6;1;40;0;40;100
swath2;1206151;334.496858;0.7;1;38;0;38;100
swath3;1206151;334.496858;0.8;1;38;0;38;100
t1717;1206151;134531.021428;79.098998;1;289;4;293;100
t1722;1206151;98815.407611;52.399108;1;154;2;156;100
ta1-UUM;1206151;3693674.556772;4.190418;1;5;0;5;100
ta2-UUE;1206151;41427354.755773;0.680983;2;170;0;170;100
tanglegram1;1206151;0;146;1;261;2;263;100
tanglegram2;1206151;0;74;1;42;0;42;100
tanglegram4;1206151;0;214;1;860;3;863;100
tanglegram6;1206151;0;100;1;64;0;64;100
tbfp-bigm;1206151;-178.153988;30;1;277;0;277;100
tbfp-network;1206151;23.261535;31;1;821;3;824;100
Test3;1206151;2669532.692462;22.368722;2;265;3;268;100
thor50dday;1206151;204179;0;2;220;4;224;100
timtab1;1206151;1234325.333333;18.45;2;1;0;1;100
timtab1CUTS;1206151;613590.095426;35.885811;2;3;0;3;100
timtab2;1206151;1487304.333333;29.783333;2;1;0;1;100
tokyometro;1206151;11100;251.050363;2;66;0;66;100
toll-like;1206151;0;339.5;1;59;0;59;100
tpl-tub-ss16;1206151;8052373.477492;2148.906605;2;90546;195;90741;100
tpl-tub-ws1617;1206151;10498468.058836;2262.455897;2;122194;281;122475;100
tr12-30;1206151;188435.464884;3.580258;2;1;0;1;100
traininstance2;1206151;0;641.708827;2;56;0;56;100
traininstance6;1206151;0;381.122112;2;45;0;45;100
transportmoment;1206151;-70929535815.38;783.890174;2;198;0;198;100
trento1;1206151;5182758.848056;76.181959;1;547;0;547;100
triptim1;1206151;22.868087;2090.375;1;9597;3;9600;100
triptim2;1206151;10.866359;807.547954;1;10191;3;10194;100
triptim3;1206151;13.511741;809.069096;1;11748;4;11752;100
triptim4;1206151;9.207022;595.626838;1;11062;3;11065;100
triptim7;1206151;2336.732602;612.910017;2;11854;6;11860;100
triptim8;1206151;2336.754853;584.347661;2;12149;6;12155;100
tw-myciel4;1206151;3.838028;125.987676;4;183;0;183;100
uc-case11;1206151;611267.013003;118.928617;1;2947;0;2947;100
uc-case3;1206151;7181.264177;95.341586;1;2136;0;2136;100
uccase10;1206151;38988.693469;403.985961;1;2943;1;2944;100
uccase12;1206151;11507.285324;38.32;1;2307;1;2308;100
uccase7;1206151;26527.789654;162.379998;1;3737;0;3737;100
uccase8;1206151;11142.163196;63.982247;1;2608;0;2608;100
uccase9;1206151;10819.582997;76.021209;1;4249;0;4249;100
uct-subprob;1206151;242;56.889019;1;43;0;43;100
umts;1206151;91618146.215272;77.667697;2;53;0;53;100
unitcal_7;1206151;19387754.848556;143.965819;2;1080;0;1080;100
usAbbrv-8-25_70;1206151;95;138.115058;3;44;0;44;100
usafa;1206151;11.961749;2881.373487;2;52577;165;52742;100
v150d30-2hopcds;1206151;52;0;3;108;1;109;26.83
van;1206151;1.72352;5.404444;1;2329;0;2329;100
var-smallemery-m6j6;1206151;-156.056268;90.190835;2;1145;7;1152;100
vpm2;1206151;13.372866;5.698001;2;18;0;18;100
vpphard;1206151;0;125.275;1;227;3;230;100
vpphard2;1206151;0;224.687229;1;622;11;633;100
wachplan;1206151;-9;69.499445;1;39;0;39;100
wnq-n100-mw99-14;1206151;198.078947;81.026316;3;4838;30;4868;100
xmas10-2;1206151;-548.904684;180.189643;1;220;0;220;100
xmas10;1206151;-449.397905;132.337672;7;198;0;198;100
z26;1206151;-967;0;3;2749;48;2797;18.53
zeil;1206151;813.510308;818.357568;2;88096;14;88110;100
zib54-UUE;1206151;19164366;0;2;46;0;46;85.45
