Instance;Seed;Cost;Fractionality;Rounds;LPtime(ms);ZItime(ms);LP+ZItime(ms);Gap(%)
10teams;0;917;36.587901;1;33;0;33;100
22433;0;21552.708079;24.962328;5;8;0;8;100
23588;0;8342.863244;17.617619;4;4;0;4;100
2club200v15p5scn;0;-96.055556;38.611111;7;129;2;131;100
30n20b8;0;5530;18.137303;2;82;0;82;100
30_70_45_05_100;0;97;0;6;944;2;946;100
30_70_45_095_100;0;59;0;6;834;2;836;100
30_70_45_095_98;0;309;0;7;859;3;862;100
50v-10;0;1493601.476062;0;2;4;0;4;100
a1c1s1;0;20912.873333;0.041667;2;42;0;42;100
a2c1s1;0;20866.0825;0;2;35;0;35;91.62
ab51-40-100;0;-6524184260;0;3;887;1;888;37.39
ab67-40-100;0;-7141459514;0;3;2576;1;2577;36.16
ab69-40-100;0;-7136789853;0;3;2045;1;2046;36.2
ab71-20-100;0;-6522821227;0;3;228;0;228;37.4
ab72-40-100;0;-7018756084.00001;0;3;787;1;788;37.26
academictimetablebig;0;32;1954.747118;2;2888;7;2895;100
academictimetablesmall;0;0;319.827672;2;218;1;219;100
acc-tight2;0;0;129.034401;1;33;0;33;100
acc-tight4;0;0;132.883185;1;57;0;57;100
acc-tight5;0;0;121.269585;1;261;0;261;100
acc-tight6;0;0;123.251301;1;232;0;232;100
adult-max5features;0;0.081316;0.266955;1;893;3;896;100
adult-regularized;0;0.077684;0.234052;1;2021;1;2022;100
aflow30a;0;983.167425;6.510845;1;5;0;5;100
aflow40b;0;1005.664817;8.247724;1;22;0;22;100
air03;0;338864.25;11.875;1;60;0;60;100
air04;0;55535.436388;52.288553;1;227;0;227;100
air05;0;25877.609268;46.215654;1;143;0;143;100
aligninq;0;2755;40.921868;7;17;0;17;100
allcolor10;0;6;678.251326;2;137;1;138;100
allcolor58;0;42;3910.528975;1;1114;4;1118;100
amaze22012-03-15i;0;0;0;1;49;1;50;0
amaze22012-06-28i;0;0;0;1;43;0;43;0
amaze22012-07-04i;0;0;0;1;27;0;27;0
app1-1;0;-2;0.179678;3;53;0;53;100
app1-2;0;-23;1e-06;2;4164;0;4164;100
app2-1;0;19298.5;0;2;25;0;25;0.02
app2-2;0;219402.5;0;3;1;0;1;3.47
app3;0;5627412.287938;3.142492;1;40;0;40;100
arki001;0;7579599.807787;17.164714;1;35;0;35;100
assign1-10-4;0;353.992926;52;1;42;0;42;100
assign1-5-8;0;183.362555;24;1;2;0;2;100
atlanta-ip;0;81.243206;325.689509;3;4301;2;4303;100
atm20-100;0;2141734.684878;124.301066;2;100;0;100;100
australia-abs-cta;0;0;42.688829;1;79;0;79;100
b-ball;0;-1.818182;4.818182;1;0;0;0;100
b1c1s1;0;69966.45;0;2;35;0;35;100
b2c1s1;0;70651.01;0;2;37;0;37;100
bab1;0;-286923.824223;50.52;1;241;1;242;100
bab2;0;-350926.440227;560.525267;2;8388;4;8392;100
bab3;0;-583276.153196;508.478505;2;31730;12;31742;100
bab5;0;-111134.599976;185.90025;2;519;0;519;100
bab6;0;-222813.467183;662.294028;2;6036;3;6039;100
bc;0;13.063318;0.063318;2;100;0;100;100
bc1;0;6.45558;0.016336;2;104;0;104;100
beasleyC1;0;102;0;2;2;0;2;20
beasleyC2;0;232;0;2;2;0;2;61.11
beasleyC3;0;958;0;2;3;0;3;27.06
beavma;0;407840.4;0;3;1;0;1;6.41
berlin;0;1741;0;2;28;0;28;66.76
berlin_5_8_0;0;52;68.285438;3;5;0;5;100
bg512142;0;323992.007013;52.989642;3;26;0;26;100
biella1;0;3060037.430763;98.771008;1;240;0;240;100
bienst1;0;11.724138;4.390524;1;2;0;2;100
bienst2;0;11.724138;5.390524;1;2;0;2;100
binkar10_1;0;6637.188027;9.084811;1;7;0;7;100
blend2;0;7.489992;0.492283;2;0;0;0;100
bley_xl1;0;265.742874;323.211102;6;19213;4;19217;100
bley_xs1;0;213538830.272187;107.27048;3;140;0;140;100
bley_xs1noM;0;251120149.512445;78.38821;8;112;0;112;100
bley_xs2;0;48593009.277766;66.02141;2;21;0;21;100
blp-ar98;0;14303.194003;9.189386;9;92;1;93;100
blp-ic97;0;6123.238237;3.473359;16;84;1;85;100
blp-ic98;0;14141.050706;0.1;4;130;0;130;100
blp-ir98;0;5639.818879;2.497817;2;45;0;45;100
bmocbd;0;-32041010095048.5;0;1;657;7;664;0
bmocbd2;0;-31953009810558.2;0;1;666;6;672;0
bmocbd3;0;45423160355.8175;0;2;16225;10;16235;100
bmoipr2;0;-46628940.711141;0.174413;3;78;0;78;100
bnatt350;0;0;97.086087;8;74;0;74;100
bnatt400;0;0;110.074275;9;95;1;96;100
bppc4-08;0;51.59;11.594675;1;17;0;17;100
bppc6-02;0;108.34;11.886994;1;150;0;150;100
bppc6-06;0;200.633333;14.947367;1;157;0;157;100
bppc8-02;0;486.5;3.204377;1;1;0;1;100
bppc8-09;0;444.436047;5.98123;1;4;0;4;100
brasil;0;31819;0;2;28;0;28;100
brazil3;0;2;656.675844;1;1034;0;1034;100
breastcancer-regularized;0;0.00046;0.002809;1;8;0;8;100
bts4-cta;0;33524.637606;1130;1;584;0;584;100
buildingenergy;0;33246.215059;1468.85;2;17784;2;17786;100
cap6000;0;-2444651;0;3;40;0;40;0.27
cbs-cta;0;0;29.948722;1;119;0;119;100
cdc7-4-3-2;0;-231;0;3;36146;4;36150;19.79
chromaticindex1024-7;0;4;16002.682953;2;2368;8;2376;100
chromaticindex128-5;0;4;2021.163699;2;155;1;156;100
chromaticindex256-8;0;4;4069.477083;2;376;2;378;100
chromaticindex32-8;0;4;504.8875;2;17;0;17;100
chromaticindex512-7;0;4;8183.527137;2;1027;4;1031;100
ci-s4;0;4.963809;19.526141;2;59;0;59;100
circ10-3;0;140;154.374862;1;163;0;163;100
cmflsp40-24-10-7;0;52605868.952858;70.70093;3;355;0;355;100
cmflsp40-36-2-10;0;72898024.959478;295.649246;3;872;0;872;100
cmflsp50-24-10-4;0;64492612.641644;81.236085;3;323;0;323;100
cmflsp50-24-8-8;0;59814378.749021;131.86946;3;327;0;327;100
cmflsp60-36-2-6;0;97887903.946142;370.689759;3;1713;0;1713;100
CMS750_4;0;250;259.040703;3;127;0;127;100
co-100;0;1250429.774879;9.799423;2;254;1;255;100
cod105;0;-8;0;3;479;1;480;33.33
comp07-2idx;0;0;139.65;2;1289;0;1289;100
comp08-2idx;0;0;197.321317;2;207;0;207;100
comp12-2idx;0;16;244.467887;3;1262;1;1263;100
comp16-3idx;0;4;723.409056;1;8054;1;8055;100
comp21-2idx;0;0;197.95;2;796;0;796;100
control30-3-2-3;0;-20763026.787568;27.97054;1;6;0;6;100
core2536-691;0;801;0;3;1437;2;1439;16.26
core2586-950;0;1164;0;3;913;2;915;22.78
core4284-1064;0;1299;0;3;5278;4;5282;22.2
core4872-1529;0;1837;0;3;2739;5;2744;20.07
cost266-UUE;0;42001606.28;0;2;74;0;74;67.01
cov1075;0;35;0;2;5;0;5;75
cryptanalysiskb128n5obj16;0;0;7174.215397;2;913;6;919;100
csched007;0;269.251587;22.185714;1;45;0;45;100
csched008;0;171;18.883137;1;13;0;13;100
csched010;0;332.422727;20.376263;1;48;0;48;100
cvrpa-n64k9vrpi;0;0;209.553191;1;334;1;335;100
cvrpb-n45k5vrpi;0;0;147.183206;1;164;0;164;100
cvrpp-n16k8vrpi;0;0;53.977273;1;27;0;27;100
cvrpsimple2i;0;0;27.5;1;2;0;2;100
cvs08r139-94;0;-24;0;3;15;0;15;79.31
cvs16r106-72;0;-10;0;3;29;0;29;87.65
cvs16r128-89;0;-11;0;3;35;0;35;88.66
cvs16r70-62;0;-5;0;3;31;0;31;88.1
cvs16r89-60;0;-7;0;3;27;0;27;89.23
d10200;0;12425.583005;34.236879;1;50;0;50;100
d20200;0;12229.625788;62.339279;1;305;0;305;100
dale-cta;0;0;0.004715;1;269;0;269;100
dano3mip;0;576.23162;15.294513;1;1785;0;1785;100
dano3_3;0;576.23162;1.932181;1;1847;0;1847;100
dano3_5;0;576.23162;2.871834;1;1735;0;1735;100
danoint;0;62.63728;5.819184;1;15;0;15;100
dc1c;0;1754946.863638;139.215684;1;296;0;296;100
dc1l;0;203610672.021484;0;3;1201;11;1212;100
dcmulti;0;184858.396836;12.823814;3;3;0;3;100
decomp1;0;-120;96.333333;1;46;0;46;100
decomp2;0;-160;93.138889;1;49;0;49;100
dfn-bwin-DBE;0;797567.4;0;2;33;0;33;100
dfn-gwin-UUM;0;27467.257235;5.653537;1;1;0;1;100
dg012142;0;5895516.340434;39.442147;5;209;0;209;100
diameterc-mstc-v20a190d5i;0;291;53.666667;1;32;0;32;100
diameterc-msts-v40a100d5i;0;324;67.621212;1;31;0;31;100
disctom;0;-5000;51.166667;1;203;0;203;100
disktom;0;-5000;51.166667;1;214;0;214;100
dolom1;0;6556066.068315;110.727743;1;590;0;590;100
drayage-100-12;0;21458.311901;46.026463;1;58;0;58;100
drayage-100-23;0;11714.141979;43.92447;1;146;0;146;100
drayage-25-23;0;11714.141979;42.862104;1;126;0;126;100
drayage-25-27;0;26785.797043;43.727905;1;55;0;55;100
drayage-25-32;0;32519.997253;42.366841;1;60;0;60;100
ds-big;0;86.820068;30.669231;1;7759;3;7762;100
ds;0;57.234565;33.463549;1;931;1;932;100
dws008-01;0;708.876687;16.484655;2;55;0;55;100
dws008-03;0;713.120881;8.976636;2;119;0;119;100
dws012-01;0;3454.189654;25.988823;2;115;0;115;100
dws012-02;0;1587.9391;18.836864;2;226;1;227;100
dws012-03;0;1598.560608;20.577095;2;362;1;363;100
eil33-2;0;811.278996;3.61563;1;35;0;35;100
eilA101-2;0;803.373888;7.408683;1;866;1;867;100
eilB101;0;1075.247691;12.807028;1;20;0;20;100
eilC76-2;0;725.754458;7.780208;1;264;0;264;100
ej;0;1;0.243844;1;0;0;0;100
elitserienhandball11i;0;0;1421.352265;1;238;0;238;100
elitserienhandball13i;0;0;1357.692232;1;261;0;261;100
elitserienhandball14i;0;0;1543.7577;1;272;1;273;100
elitserienhandball3i;0;0;1525.315516;1;254;0;254;100
enlight13;0;0;0.5;1;0;0;0;100
enlight15;0;0;0.5;1;0;0;0;100
enlight8;0;0;0.5;1;0;0;0;100
enlight_hard;0;0;14.5;1;0;0;0;100
eva1aprime5x5opt;0;-497.247729;1.038251;1;440;0;440;100
eva1aprime6x6opt;0;-495.49243;7.017665;1;1629;0;1629;100
ex10;0;100;100;1;16726;1;16727;100
ex1010-pi;0;314;0;3;667;3;670;33.62
ex9;0;81;81;1;1636;1;1637;100
exp-1-500-5-5;0;97666.305541;4.045842;2;2;0;2;100
f2000;0;1383;1280;2;3533;0;3533;100
f2gap201600;0;76429.862296;1.402159;1;3;0;3;100
f2gap401600;0;82274.237434;1.19002;1;4;0;4;100
f2gap40400;0;20650.898154;3.25358;1;1;0;1;100
f2gap801600;0;86570.120867;5.266841;1;4;0;4;100
fast0507;0;221;0;3;577;9;586;27.01
fastxgemm-n2r6s0t2;0;27;9;1;31;0;31;100
fastxgemm-n2r7s4t1;0;27;9;1;33;0;33;100
fastxgemm-n3r21s3t6;0;84;27;1;2349;0;2349;100
fastxgemm-n3r22s4t6;0;84;27;1;2542;0;2542;100
fastxgemm-n3r23s5t6;0;84;27;1;2661;0;2661;100
fhnw-binpack4-48;0;0;333.285714;2;138;0;138;100
fhnw-binpack4-58;0;0;467.321429;2;132;1;133;100
fhnw-binpack4-77;0;0;207.310714;2;110;0;110;100
fhnw-binschedule0;0;12632.888779;685.581929;3;11331;15;11346;100
fhnw-binschedule2;0;1706.886254;166.224871;3;226;1;227;100
fhnw-schedule-paira100;0;-36.643681;5.147307;2;128;0;128;100
fhnw-schedule-paira200;0;-73.826479;8.938667;2;265;2;267;100
fhnw-schedule-paira400;0;-146.941079;19.26431;2;1169;10;1179;100
fhnw-schedule-pairb200;0;-73.826479;516.184695;2;1182;3;1185;100
fhnw-schedule-pairb400;0;-146.941079;2338.646383;2;7059;12;7071;100
fhnw-sq2;0;0;15.502573;1;4;0;4;100
fiball;0;137.069168;72.208175;1;120;0;120;100
fiber;0;1023943.76;9.839127;2;3;0;3;100
fillomino7x7-0i;0;0;0;1;27;0;27;0
fixnet6;0;12170;0;2;1;0;1;100
fjspeasy01i;0;216;0;1;38;0;38;0
flugpl;0;1167185.725592;3.538918;1;0;0;0;100
g200x740;0;45614;0;2;2;0;2;2.93
g200x740i;0;44069;0;2;2;0;2;46.48
gasprod1-1;0;4861.104633;51.656628;7885;807;2740;3547;100
gasprod1-2;0;1691.141291;51.497411;6853;539;876;1415;100
gasprod1-3;0;3682.336923;49.221179;8368;581;977;1558;100
gasprod2-1;0;1306101.609201;404.201103;19;1698;7;1705;100
gasprod2-2;0;1330631.091637;502.800224;36;1711;16;1727;100
gen-ip002;0;-511.036897;0;3;0;0;0;89.32
gen-ip016;0;-9505.628173;1.906914;1;0;0;0;100
gen-ip021;0;6642.05262;2.217259;4;0;0;0;100
gen-ip036;0;-2162.833562;0;3;0;0;0;53.05
gen-ip054;0;8365.610388;1.135203;5;0;0;0;100
gen;0;112130.040664;7.929263;1;3;0;3;100
genus-g31-8;0;-27;94.724138;1;1042;0;1042;100
genus-g61-25;0;-58;242.75455;1;797;0;797;100
genus-sym-g31-8;0;-27;154.805251;2;3683;1;3684;100
genus-sym-g62-2;0;-54;256.205696;2;24169;2;24171;100
genus-sym-grafo5708-48;0;-27;115.405493;1;1251;0;1251;100
ger50-17-ptp-pop-3t;0;3466.324873;45.213645;1;135;0;135;100
ger50-17-ptp-pop-6t;0;6804.447088;50.477969;1;84;0;84;100
ger50-17-trans-dfn-3t;0;3453.475245;37.741927;1;155;0;155;100
ger50-17-trans-pop-3t;0;3456.252922;49.487013;1;158;0;158;100
ger50_17_trans;0;6850.628623;48.22611;1;137;0;137;100
germanrr;0;46445702.956442;53.468182;2;643;0;643;100
germany50-DBM;0;438028;23.4;1;133;0;133;100
germany50-UUM;0;597932.5;24.4;1;32;0;32;100
gesa2-o;0;25748173.191117;13.380406;2;5;0;5;100
gesa2;0;25477017.874283;13.26737;2;7;0;7;100
gfd-schedulen180f7d50m30k18-16i;0;18;107.002753;1;5449;44;5493;100
gfd-schedulen180f7d50m30k18;0;1;5037.697107;2;3374;14;3388;100
gfd-schedulen25f5d20m10k3i;0;3;13.619895;1;60;0;60;100
gfd-schedulen55f2d50m30k3i;0;3;27.695911;1;153;1;154;100
ghoulomb4-9-10i;0;9;0;1;61;1;62;0
glass-sc;0;23;0;3;114;1;115;0
glass4;0;800002400;2.059524;1;1;0;1;100
gmu-35-40;0;-2400283.756506;1.911023;2;9;0;9;100
gmu-35-50;0;-2606307.146543;3.420099;2;20;0;20;100
gmut-75-50;0;-14182312.661731;4.988967;1;612;1;613;100
gmut-76-40;0;-14171086.316075;9.054451;1;212;0;212;100
gmut-76-50;0;-14173884.188063;4.201959;1;460;1;461;100
gmut-77-40;0;-14173396.636852;2.97325;1;222;0;222;100
go19;0;96;0;3;4;0;4;14.29
gr4x6;0;229.05;0;2;0;0;0;13.19
graph20-20-1rand;0;-37;48;1;38;0;38;100
graph20-80-1rand;0;-117;142;1;1554;1;1555;100
graph40-20-1rand;0;-157;181.5;1;4022;1;4023;100
graph40-40-1rand;0;-300;341.96929;1;95682;10;95692;100
graphdraw-domain;0;12672;21.206816;1;3;0;3;100
graphdraw-gemcutter;0;4310;10.986111;1;1;0;1;100
graphdraw-grafo2;0;35762;326.358342;1;776;1;777;100
graphdraw-mainerd;0;30496;107.642303;2;82;0;82;100
graphdraw-opmanager;0;54717;173.389041;1;400;0;400;100
gsvm2rl11;0;35640.343493;0;2;344;0;344;96.67
gsvm2rl12;0;50;0;2;672;0;672;100
gsvm2rl3;0;0.6;0;2;4;0;4;78.29
gsvm2rl5;0;10;0;2;8;0;8;84.4
gsvm2rl9;0;16356.825869;0;2;61;0;61;100
gt2;0;13460.233074;0.728107;1;0;0;0;100
h50x2450;0;11147.731511;3.696751;1;29;0;29;100
h80x6320;0;3700;0;1;24;0;24;0
h80x6320d;0;5325.160104;2.515625;1;42;0;42;100
hanoi5;0;1926;328;5;183;0;183;100
haprp;0;3665963.213506;96.940858;1;4;0;4;100
harp2;0;-74353341.5023;5.485338;1;10;0;10;100
hgms-det;0;-53824.391476;32.676364;1;211;0;211;100
hgms30;0;-53349.215497;60.694272;1;9181;0;9181;100
hgms62;0;-53416.649907;61.317531;1;26001;0;26001;100
hypothyroid-k1;0;-2902.852586;39.591978;1;6928;2;6930;100
ic97_potential;0;4077;55.066667;2;4;0;4;100
ic97_tension;0;3911;15.366667;2;2;0;2;100
icir97_potential;0;6587;169.25;2;39;0;39;100
icir97_tension;0;6302;97.366667;2;3;0;3;100
iis-100-0-cov;0;41;0;3;92;0;92;41.38
iis-bupa-cov;0;49;0;3;146;0;146;36.11
iis-glass-cov;0;28;0;3;131;1;132;33.33
iis-hc-cov;0;22;0;3;164;2;166;29.41
iis-pima-cov;0;41;0;3;213;1;214;24.24
irp;0;12123.530222;6;1;81;0;81;100
istanbul-no-cutoff;0;51.11;3.607411;1;392;0;392;100
ivu06-big;0;135.427718;95.799872;1;54495;46;54541;100
ivu06;0;135.901353;97.120377;1;15162;16;15178;100
ivu52;0;480.250438;82.244023;1;7132;3;7135;100
ivu59;0;884.456993;122.994949;1;110648;50;110698;100
janos-us-DDM;0;1488134.75;22.375;1;7;0;7;100
k16x240;0;11359;0;2;0;0;0;6.42
k16x240b;0;12874;0;2;0;0;0;13
k1mushroom;0;-4165.061224;43.877551;1;16702;7;16709;100
k1mushroomi;0;-4208;0;1;195;7;202;0
khb05250;0;126785464;0;2;1;0;1;18.56
l2p12;0;2;1073.407198;1;336;0;336;100
l2p1i;0;1;526.902668;1;804;7;811;100
l2p2i;0;1;375.07928;1;57;1;58;100
lectsched-1-obj;0;0;5.975758;2;263;3;266;100
lectsched-1;0;0;3.151515;2;207;3;210;100
lectsched-2;0;0;17.414394;3;120;2;122;100
lectsched-3;0;0;21.056818;4;231;4;235;100
lectsched-4-obj;0;0;15.216667;3;70;1;71;100
lectsched-5-obj;0;0;4.117424;2;200;2;202;100
leo1;0;6954610936.32001;0;4;80;2;82;100
leo2;0;7056077897.60001;0;4;168;3;171;100
liu;0;346;11.218228;2;6;0;6;100
loopha13;0;6.279;1.10216;2;194;0;194;100
lotsize;0;1335747.052789;7.405615;2;6;0;6;100
lr1dr02vc05v8a-t360;0;120706.326475;174.298112;1;1078;0;1078;100
lr1dr04vc05v17a-t360;0;247111.69248;335.090553;1;1886;0;1886;100
lr1dr12vc10v70b-t360;0;983950.247945;1069.593454;1;42658;5;42663;100
lr2-22dr3-333vc4v17a-t60;0;-72838.215835;239.748662;2;36780;3;36783;100
lrn;0;42701141.648089;65.099086;2;449;0;449;100
m100n500k4r1;0;-18;0;3;7;0;7;28
macrophage;0;0;339;1;30;0;30;100
mad;0;0;2.744433;1;1;0;1;100
manna81;0;-11868;0;3;39;0;39;9.85
map06;0;-406.181173;7.868443;1;2379;0;2379;100
map10;0;-602.176181;11.248146;1;2594;0;2594;100
map14;0;-778.549324;11.962355;1;2270;0;2270;100
map14860-20;0;-998.836419;10.400693;1;2695;0;2695;100
map16715-04;0;-296.267898;4.997036;1;2338;0;2338;100
map18;0;-932.782685;11.173489;1;2326;0;2326;100
map20;0;-998.836419;10.400693;1;2796;0;2796;100
mappingmesh3x3mpeg2i;0;87.555556;87.202393;1;40;0;40;100
mario-t-hard5i;0;-4482;4.134921;1;1306;1;1307;100
markshare1;0;230;0;2;0;0;0;100
markshare2;0;167;0;3;0;0;0;100
markshare_4_0;0;226;0;2;0;0;0;100
markshare_5_0;0;337;0;2;0;0;0;100
mas74;0;10482.79528;3.103514;1;1;0;1;100
mas76;0;38893.903641;2.555097;1;1;0;1;100
maxgasflow;0;-70929535.9;625.438243;2;60;0;60;100
mc11;0;13509;0;2;27;0;27;15.57
mc7;0;5796;0;2;35;0;35;69.62
mc8;0;1929;0;2;31;0;31;23.18
mcsched;0;193774.753707;340.221655;1;132;0;132;100
methanosarcina;0;0;313;1;113;0;113;100
mik-250-1-100-1;0;0;0;2;2;0;2;100
mik-250-20-75-1;0;0;0;2;3;0;3;100
mik-250-20-75-2;0;0;0;2;3;0;3;100
mik-250-20-75-3;0;0;0;2;3;0;3;100
mik-250-20-75-4;0;0;0;2;3;0;3;100
mik-250-20-75-5;0;0;0;2;3;0;3;100
milo-v12-6-r1-58-1;0;410986.648167;146.256423;1;146;0;146;100
milo-v12-6-r1-75-1;0;669700.757896;230.843427;1;186;0;186;100
milo-v12-6-r2-40-1;0;205532.322265;93.667967;1;60;0;60;100
milo-v13-4-3d-3-0;0;23359.288017;1.476277;1;12;0;12;100
milo-v13-4-3d-4-0;0;34031.171805;2.550972;1;22;0;22;100
mine-166-5;0;-821763677.673139;187.331384;1;197;0;197;100
mine-90-10;0;-887165318.510226;202.375368;1;158;0;158;100
mining;0;-880498833.080716;8459.469134;117;103624;1527;105151;100
minutedispatchstrategy;0;1898.391429;412.137934;2;1482;1;1483;100
misc07;0;1415;8;1;2;0;2;100
mitre;0;114740.518481;224.156743;1;97;0;97;100
mkc;0;-581.85;16.208843;3;33;0;33;100
mkc1;0;-611.85;3.942199;3;32;0;32;100
mod010;0;6532.083333;14.166667;1;14;0;14;100
modglob;0;20786787.016883;0;2;2;0;2;0.22
moj-mining;0;-1520532907.35018;566.626558;2;42412;0;42412;100
momentum1;0;134660.011921;48.045264;2;942;0;942;100
momentum2;0;61266.821316;84.616225;3;736;1;737;100
momentum3;0;107721.82427;144.721031;3;8467;0;8467;100
mrcpspj30-15-5i;0;23;93.58099;1;41;0;41;100
mrcpspj30-17-10i;0;25;28.677778;1;39;0;39;100
mrcpspj30-53-3i;0;30;45.456614;1;52;0;52;100
msc98-ip;0;19520966.151663;338.886443;2;4110;0;4110;100
mspp16;0;341;1.241379;1;26580;0;26580;100
mspsphard01i;0;16;0;2;46;1;47;0
mspsphard03i;0;20;0;2;83;2;85;0
mtest4ma;0;60342;0;2;3;0;3;15.71
mushroom-best;0;1.3e-05;0.0202;1;275;0;275;100
mzzv11;0;-22556.460829;174.328454;2;394;0;394;100
mzzv42z;0;-18842.814586;198.473995;2;282;0;282;100
n13-3;0;14401970;0;2;24;0;24;100
n15-3;0;71710891;0;2;3284;0;3284;0
n2seq36f;0;71600;0;3;34;1;35;37.16
n2seq36q;0;80431.821523;37.58358;3;156;0;156;100
n3-3;0;24603430;0;2;117;0;117;100
n3700;0;1342560;0;2;29;0;29;9.36
n3705;0;1342540;0;2;27;0;27;9.55
n3707;0;1301218;0;2;28;0;28;9.65
n3709;0;1324904;0;2;28;0;28;9.68
n370a;0;1353042;0;2;30;0;30;0
n370b;0;1373791;0;2;27;0;27;11.06
n3div36;0;174200;0;3;146;4;150;33.18
n3seq24;0;209033.068485;51.670786;3;2907;4;2911;100
n4-3;0;13501875;0;2;51;0;51;100
n5-3;0;12301325;0;2;15;0;15;100
n6-3;0;16502900;0;2;37;0;37;100
n7-3;0;14704310;0;2;40;0;40;100
n9-3;0;21603625;0;2;140;0;140;100
nag;0;465;14.526159;3;47;0;47;100
neos-1061020;0;-145860.370608;501.716216;1;933;0;933;100
neos-1067731;0;669053;81.272727;1;504;0;504;100
neos-1109824;0;278;22;1;57;0;57;100
neos-1112782;0;22000000110147.3;0;2;23;0;23;100
neos-1112787;0;19500000125389.7;0;2;22;0;22;100
neos-1122047;0;161;0.41219;2;483;0;483;100
neos-1171448;0;-309;0.936995;2;77;0;77;100
neos-1171692;0;-273;3.730892;2;41;0;41;100
neos-1171737;0;-195;8.004699;2;39;0;39;100
neos-1225589;0;5e+09;0;2;1;0;1;100
neos-1311124;0;-182;5;2;3;0;3;100
neos-1324574;0;4.5;144;1;40;0;40;100
neos-1330346;0;4.5;76.5;1;107;0;107;100
neos-1337307;0;-201272;272.493985;2;49;0;49;100
neos-1354092;0;46;238.398385;2;1003;0;1003;100
neos-1367061;0;31320456.264497;3.75;2;1447;0;1447;100
neos-1396125;0;3000.053717;12.531496;2;8;0;8;100
neos-1420546;0;22124.4;103.140678;1;368;0;368;100
neos-1420790;0;2942.750002;75.132359;1;49;0;49;100
neos-1423785;0;-1816.666667;311.9714;1;229;0;229;100
neos-1425699;0;3175204364.6353;5.264952;1;0;0;0;100
neos-1426635;0;-178;6.429182;2;2;0;2;100
neos-1426662;0;-52;10.501303;2;5;0;5;100
neos-1429212;0;30;721.879477;1;5100;2;5102;100
neos-1430701;0;-78;6.669599;2;2;0;2;100
neos-1436709;0;-129;3.502607;2;3;0;3;100
neos-1440225;0;36;33.72448;1;112;0;112;100
neos-1440460;0;-180;4.85975;2;5;0;5;100
neos-1442119;0;-182;2.580471;2;4;0;4;100
neos-1442657;0;-156;4.002933;2;3;0;3;100
neos-1445532;0;-22860;8.21746;2;83;0;83;100
neos-1445738;0;-24232.548846;16.302388;1;143;0;143;100
neos-1445743;0;-24579.832968;16.952539;1;144;0;144;100
neos-1445765;0;-24699.19766;17.625849;1;147;0;147;100
neos-1456979;0;154;8.434222;1;43;0;43;100
neos-1516309;0;34769.833333;9.166667;2;30;0;30;100
neos-1582420;0;88.428075;56.693409;5;84;0;84;100
neos-1593097;0;4424;55.795872;1;114;0;114;100
neos-1599274;0;32194.742857;6.464286;3;32;0;32;100
neos-1601936;0;1;158.376054;1;898;0;898;100
neos-1603965;0;619244367.662955;0.000913;1;602;0;602;100
neos-1605061;0;6.150735;151.705349;1;2217;0;2217;100
neos-1605075;0;3.214461;172.430143;1;1917;0;1917;100
neos-1616732;0;174;0;3;5;0;5;9.43
neos-1620770;0;22;35;2;38;0;38;100
neos-2294525-abba;0;156.177251;19.424787;1;84;0;84;100
neos-2328163-agri;0;26069;51.5;1;74;0;74;100
neos-2624317-amur;0;0;29.293934;1;3;0;3;100
neos-2629914-sudost;0;39622;5.983409;1;187;0;187;100
neos-2652786-brda;0;0;20.196086;2;1;0;1;100
neos-2657525-crna;0;0;29.542619;2;1;0;1;100
neos-2669500-cust;0;2221.9;230.19862;2;970;3;973;100
neos-2746589-doon;0;1985.75;129.965898;2;283;1;284;100
neos-2974461-ibar;0;473452396.770997;3364;2;208768;19;208787;100
neos-2978193-inde;0;-2.418518;7.4;1;62;0;62;100
neos-2978205-isar;0;-12.415307;30.2;1;186;0;186;100
neos-2987202-jeir;0;-1847551552.23661;1035.632796;2;62992;1;62993;100
neos-2987310-joes;0;-610797465.676974;19.875;2;1164;0;1164;100
neos-2991472-kalu;0;457.286985;4.008344;5;4201;2;4203;100
neos-3004026-krka;0;0;832;1;58;0;58;100
neos-3009394-lami;0;0.642857;216.628571;1;4;0;4;100
neos-3024952-loue;0;22882;103.3;1;244;0;244;100
neos-3025225-shelon;0;0.052574;323.690533;1;92861;10;92871;100
neos-3046601-motu;0;185;0.4492;1;1;0;1;100
neos-3046615-murg;0;192;0.3458;1;0;0;0;100
neos-3048764-nadi;0;-3883988306.36669;0;2;42;0;42;0
neos-3065804-namu;0;0;0;1;186;0;186;0
neos-3068746-nene;0;77427529.530929;55.412658;2;128;0;128;100
neos-3072252-nete;0;10593526;1.938794;2;1;0;1;100
neos-3075395-nile;0;54.924463;0.00048;1;143;0;143;100
neos-3083784-nive;0;0;12;1;27;0;27;100
neos-3083819-nubu;0;6290575.552807;13.541087;1;50;0;50;100
neos-3116779-oban;0;1359;0;2;24;0;24;100
neos-3118745-obra;0;297;0;3;3;0;3;16.47
neos-3148108-pahi;0;0;0;1;262;1;263;0
neos-3209462-rhin;0;0;49.45122;2;3794;1;3795;100
neos-3209519-ruhr;0;332.85;25.900482;1;53;0;53;100
neos-3214367-sovi;0;87802.732596;100.370721;1;2565;0;2565;100
neos-3216931-puriri;0;58817.353066;51.872979;1;1037;0;1037;100
neos-3226448-wkra;0;0;512.043709;1;751;0;751;100
neos-3237086-abava;0;0;96;1;275;0;275;100
neos-3322547-alsek;0;616;115.178534;2;10191;27;10218;100
neos-3352863-ancoa;0;84919300;0;3;757;19;776;100
neos-3354841-apure;0;48447.926267;4.235023;1;2523;1;2524;100
neos-3355120-tarago;0;-20453473.616781;80.899969;1;574;0;574;100
neos-3355323-arnon;0;0;21.818182;4;69;1;70;100
neos-3372571-onahau;0;0.57699;8.695953;2;1416;0;1416;100
neos-3373491-avoca;0;21687686014.0154;26.555947;1;6;0;6;100
neos-3381206-awhea;0;432;61.334767;2;5;0;5;100
neos-3402294-bobin;0;0;31.847179;1;962;2;964;100
neos-3426085-ticino;0;235;41.78747;3;30;0;30;100
neos-3426132-dieze;0;427;103.670666;2;69;0;69;100
neos-3437289-erdre;0;0;0;1;84;1;85;0
neos-3530903-gauja;0;170;33.253136;3;4;0;4;100
neos-3530905-gaula;0;153;29.042208;2;4;0;4;100
neos-3555904-turama;0;-41.45;24.388889;1;857;0;857;100
neos-3572885-glina;0;0;0;1;376;2;378;0
neos-3581454-haast;0;1640;52;1;102;0;102;100
neos-3592146-hawea;0;7237144.855333;13.694653;1;41;0;41;100
neos-3594536-henty;0;383205;2498;1;141;1;142;100
neos-3603137-hoteo;0;0;33.083333;3;43;0;43;100
neos-3610040-iskar;0;100;0;3;2;0;2;100
neos-3610051-istra;0;100;0;3;8;0;8;100
neos-3610173-itata;0;289;0;3;6;0;6;95.27
neos-3611447-jijia;0;310;0;3;2;0;2;100
neos-3611689-kaihu;0;322;0;3;2;0;2;100
neos-3615091-sutlej;0;-1506391.117177;170;1;1714;4;1718;100
neos-3627168-kasai;0;1589229.4;0;3;3;0;3;60.76
neos-3634244-kauru;0;0;152.72;1;4246;7;4253;100
neos-3636886-kereu;0;4092.95754;2e-05;2;54;0;54;100
neos-3656078-kumeu;0;-18774.7;91.708421;2;191;0;191;100
neos-3660371-kurow;0;286.534383;18.669345;1;37;0;37;100
neos-3661949-lesse;0;688975700;0.00026;2;51;0;51;100
neos-3665875-lesum;0;248.325;39.028367;3;73;0;73;100
neos-3682128-sandon;0;79915933.274829;141.641588;2;261;0;261;100
neos-3691541-lonja;0;-0.079271;1.110009;2;38;0;38;100
neos-3695882-vesdre;0;-145935.214286;38.934758;1;490;0;490;100
neos-3696678-lyvia;0;5.751893;310.554171;2;48;0;48;100
neos-3699377-maori;0;135877.224265;88.231293;2;99;0;99;100
neos-3703351-marne;0;317056.210386;69.800933;2;54;0;54;100
neos-3740487-motru;0;152.145486;83.106404;2;40382;12;40394;100
neos-3754480-nidda;0;-1216923.270104;12.186832;1;5;0;5;100
neos-3755335-nizao;0;50.030157;75.009695;2;572;0;572;100
neos-3759587-noosa;0;48.334468;2.61;2;338;0;338;100
neos-3761878-oglio;0;422769.022545;78.194778;2;46;0;46;100
neos-3762025-ognon;0;603955.746492;54.883004;2;40;0;40;100
neos-4165869-wannon;0;282.410166;124.185195;3;512;1;513;100
neos-4230265-orari;0;10055874880.8713;2982.245145;241;4157;113;4270;100
neos-4260495-otere;0;3336.109119;669.742339;2;854;6;860;100
neos-4264598-oueme;0;4322420611.77198;2932.943948;241;3520;127;3647;100
neos-4285819-pedja;0;9.198008;22.508326;2;125102;65;125167;100
neos-4290317-perth;0;6352398.05574;0;2;639;1;640;100
neos-4292145-piako;0;303343868.774658;3216.581456;241;3769;118;3887;100
neos-4295773-pissa;0;0;3220.505376;1;6189;2;6191;100
neos-4300652-rahue;0;0;49.333333;2;686;1;687;100
neos-4306827-ravan;0;-35696.901913;2170.794876;5;785;13;798;100
neos-4321076-ruwer;0;1880.558333;39.333333;1;16243;1;16244;100
neos-4322846-ryton;0;0.419848;25.715394;1;523;2;525;100
neos-4332801-seret;0;222328.384492;6081.508223;3;126956;1083;128039;100
neos-4332810-sesia;0;-33455.127882;4082.27211;11;128097;3084;131181;100
neos-4333464-siret;0;24.731464;0.125;2;63;0;63;100
neos-4333596-skien;0;-14653956.91493;0.180763;1;20;0;20;100
neos-4335793-snake;0;0;300.868689;2;1104;1;1105;100
neos-4338804-snowy;0;1447;0.3454;3;10;0;10;100
neos-4343293-stony;0;51.62736;0.5;2;80;0;80;100
neos-4355351-swalm;0;33.822611;0.094819;2;188;0;188;100
neos-4358725-tagus;0;6199.400001;198.082841;73;806;13;819;100
neos-4359986-taipa;0;0.296593;39.115369;1;1086;1;1087;100
neos-4360552-sangro;0;-29.5;600.333144;1;8804;1;8805;100
neos-4387871-tavua;0;36.445048;0.2;2;54;0;54;100
neos-4391920-timok;0;9e-06;37.747142;1;7464;1;7465;100
neos-4393408-tinui;0;340.267489;0.2;2;35;0;35;100
neos-4408804-prosna;0;914.483516;66.321429;1;3363;0;3363;100
neos-4409277-trave;0;0;347.723278;1;2125;0;2125;100
neos-4413714-turia;0;43.474651;377.046713;1;2077;5;2082;100
neos-4532248-waihi;0;0;23.666667;1;680;1;681;100
neos-4533806-waima;0;3063.318841;99;1;1332;2;1334;100
neos-4545615-waita;0;3606.59419;108.263827;1;14982;16;14998;100
neos-4555749-wards;0;3026.812121;69.872917;1;1201;2;1203;100
neos-4562542-watut;0;3743.304348;85.428571;1;4309;3;4312;100
neos-4647027-thurso;0;26911.641616;127.083433;1;2619;0;2619;100
neos-4647030-tutaki;0;26911.641616;130.175014;1;2933;0;2933;100
neos-4647032-veleka;0;26587.908699;174.815461;1;4045;0;4045;100
neos-4650160-yukon;0;-22688.54768;228.864;1;5;0;5;100
neos-4722843-widden;0;1841.255082;1452.768981;2;414;3;417;100
neos-4724674-aorere;0;3758.753179;59.078997;3;516;4;520;100
neos-4736745-arroux;0;653873224.676537;1.560199;2;38;0;38;100
neos-4738912-atrato;0;617323325.173629;52.400465;2;46;0;46;100
neos-4754521-awarau;0;0;0;5;1251;33;1284;0
neos-4760493-puerua;0;1908.243695;237.071976;1;41404;1;41405;100
neos-476283;0;406.244708;4.622056;2;4344;0;4344;100
neos-4763324-toguru;0;1120.986062;232.945926;1;34317;1;34318;100
neos-4797081-pakoka;0;0;843.65347;1;5675;0;5675;100
neos-4805882-barwon;0;4638.072751;212.668151;2;222;0;222;100
neos-480878;0;515.138796;1.008444;2;16;0;16;100
neos-4954274-beardy;0;18659.208282;301.285291;2;966;0;966;100
neos-4954672-berkel;0;3733961;4.007059;2;3;0;3;100
neos-4966258-blicks;0;354.545455;449.406152;3;1630;2;1632;100
neos-4971100-bodrog;0;0;0;2;78;0;78;100
neos-4972437-bojana;0;355.557128;28.473103;2;5497;1;5498;100
neos-4972461-bolong;0;465.045599;64.589276;2;5540;1;5541;100
neos-4976951-bunnoo;0;375.694372;28.497892;2;5994;1;5995;100
neos-4984115-canche;0;-10414620.716097;6.967648;1;17259;0;17259;100
neos-498623;0;16;42.880487;1;124;0;124;100
neos-5013590-toitoi;0;1064.447092;169;1;12477;1;12478;100
neos-5018451-chiese;0;-149772385.216405;18.530618;1;61423;0;61423;100
neos-503737;0;50;47.555718;1;30;0;30;100
neos-5041822-cockle;0;5696053.417116;2.418448;3;2601;9;2610;100
neos-5044663-wairoa;0;4653100;520.323884;1;20640;1;20641;100
neos-5045105-creuse;0;19.066672;20.05476;1;78;0;78;100
neos-5049753-cuanza;0;464;69.6;3;2458;1;2459;100
neos-5051588-culgoa;0;128.75;30.228278;1;101;0;101;100
neos-5052403-cygnet;0;230.201738;85.626509;5;36369;6;36375;100
neos-506422;0;0;6.525;1;42;0;42;100
neos-506428;0;145945;95.648936;1;511;1;512;100
neos-5075914-elvire;0;277.341888;1.833786;2;48;0;48;100
neos-5076235-embley;0;1930;0.115385;2;793;0;793;100
neos-5078479-escaut;0;7280.474567;0.468116;2;38;0;38;100
neos-5079731-flyers;0;2004;1.087912;2;763;0;763;100
neos-5083528-gimone;0;0;20.875;1;246;1;247;100
neos-5093327-huahum;0;3934;1.841667;2;810;0;810;100
neos-5100895-inster;0;2084;3.582418;2;591;0;591;100
neos-5102383-irwell;0;1740;2.483516;2;877;0;877;100
neos-5104907-jarama;0;639.917149;48.321066;2;8936;2;8938;100
neos-5106984-jizera;0;721;3.5;2;3664;1;3665;100
neos-5107597-kakapo;0;0;0.59125;2;42;0;42;100
neos-5108386-kalang;0;620.501637;51.720269;2;14034;2;14036;100
neos-5114902-kasavu;0;518;146.666667;3;12720;3;12723;100
neos-5115478-kaveri;0;0;0.529375;2;41;0;41;100
neos-5116085-kenana;0;452;134;3;5549;2;5551;100
neos-5118834-korana;0;569.216333;121.981431;2;9431;2;9433;100
neos-5118851-kowhai;0;1134;5.84;2;5495;2;5497;100
neos-5123665-limmat;0;652.42743;76.174025;2;17630;2;17632;100
neos-5125849-lopori;0;0;51.956886;1;49;0;49;100
neos-5129192-manaia;0;0;4.888889;1;3985;4;3989;100
neos-5138690-middle;0;605.364996;105.521522;2;16375;3;16378;100
neos-5140963-mincio;0;8877;2.142857;1;1;0;1;100
neos-5149806-wieprz;0;0.027694;5.467711;3;400;4;404;100
neos-5151569-mologa;0;686023627.750363;27.702234;2;2142;1;2143;100
neos-5178119-nalagi;0;8.569859;18.677141;2;74;0;74;100
neos-5182409-nasivi;0;0;18.744405;1;7;0;7;100
neos-5188808-nattai;0;0;14;1;337;0;337;100
neos-5189128-totara;0;330131.390743;21.863581;1;923;0;923;100
neos-5192052-neckar;0;-11980000;0.333333;3;0;0;0;100
neos-5193246-nerang;0;0;682.884923;1;1020;0;1020;100
neos-5195221-niemur;0;0;693.911578;1;767;0;767;100
neos-5196530-nuhaka;0;0;717.082935;1;563;0;563;100
neos-520729;0;-1391291.666667;11.576667;1;520;0;520;100
neos-5221106-oparau;0;0;63.787338;1;264;0;264;100
neos-5223573-tarwin;0;0.1058;0.258185;1;15703;1;15704;100
neos-5251015-ogosta;0;0.1058;0.226665;1;12891;0;12891;100
neos-525149;0;60;11.2;1;247;0;247;100
neos-5260764-orauea;0;58748.022532;10.633838;1;63;0;63;100
neos-5261882-treska;0;22721.328;8.134322;1;13;0;13;100
neos-5266653-tugela;0;20969.906674;15.508215;1;155;0;155;100
neos-5273874-yomtsa;0;0;0.2152;1;16872;0;16872;100
neos-555001;0;910619.201473;185.329242;1;52;0;52;100
neos-555343;0;1241512.54944;273.503416;1;40;0;40;100
neos-555424;0;1196312.54944;237.883186;1;35;0;35;100
neos-555884;0;1026121.836055;271.3209;1;42;0;42;100
neos-565672;0;43884.639336;66.477422;3;15797;8;15805;100
neos-574665;0;4948073.456141;10.746401;1;35;0;35;100
neos-578379;0;0;133.932682;1;1149;0;1149;100
neos-585192;0;-1999690.155301;98.986618;2;198;0;198;100
neos-585467;0;-1999711.795869;82.239088;2;25;0;25;100
neos-595904;0;61134.474995;16.114622;2;68;0;68;100
neos-619167;0;1.481241;35.779031;1;100;0;100;100
neos-631517;0;6494999.999936;63.264599;1;7;0;7;100
neos-631710;0;509;180.857887;2;5884;6;5890;100
neos-633273;0;4678552871.15256;377.739286;1;191;0;191;100
neos-662469;0;184340.629649;94.654114;1;453;0;453;100
neos-686190;0;5134.81383;17.515957;1;105;0;105;100
neos-691058;0;234;83.448532;1;175;0;175;100
neos-693347;0;234;76.436508;1;619;0;619;100
neos-738098;0;-1099;218.517759;1;131;0;131;100
neos-777800;0;-80;63.202189;1;43;0;43;100
neos-780889;0;3421500;0;1;617;9;626;0
neos-787933;0;300;0;3;224;22;246;100
neos-799711;0;-11228065.153797;0.983265;1;1094;0;1094;100
neos-799716;0;4932670.661692;0.58713;1;118;0;118;100
neos-807639;0;492.688889;1.37037;2;8;0;8;100
neos-820879;0;24874.267857;62.867619;1;114;0;114;100
neos-824661;0;65;60.642857;2;239;0;239;100
neos-824695;0;62;33.8;2;96;0;96;100
neos-826224;0;153;70;2;198;0;198;100
neos-826650;0;32;109.347222;2;42;0;42;100
neos-826694;0;84;92.333333;2;81;0;81;100
neos-826812;0;86.011;151.137255;2;106;0;106;100
neos-826841;0;32.0082;110.679849;2;41;0;41;100
neos-827015;0;2.098071;332.649497;1;1707;1;1708;100
neos-827175;0;121.00152;83.555556;2;156;0;156;100
neos-829552;0;2.098071;250.649497;1;1510;1;1511;100
neos-831188;0;1.76772;215.733333;1;71;0;71;100
neos-847302;0;0;52.50154;1;62;0;62;100
neos-848198;0;168781;0;2;134;0;134;100
neos-848589;0;0;0.075873;1;1346;1;1347;100
neos-849702;0;0;90.561492;1;20;0;20;100
neos-850681;0;2087;47.991071;1;74;0;74;100
neos-860300;0;1666.068586;9;1;57;0;57;100
neos-872648;0;52.570282;0;2;1120;5;1125;8.15
neos-873061;0;152.530404;0;2;1058;5;1063;34.2
neos-876808;0;10030.533833;259.649605;2;6031;3;6034;100
neos-885086;0;-243;13.945733;2;168;0;168;100
neos-885524;0;11771.55529;9.581376;2;165;2;167;100
neos-911880;0;23.26;16.065242;1;2;0;2;100
neos-911970;0;23.26;17.457173;1;2;0;2;100
neos-913984;0;1000;33.37245;1;147;1;148;100
neos-914441;0;5660364.28377;78.177859;1;1984;0;1984;100
neos-916792;0;26.203596;16.256328;2;80;0;80;100
neos-932721;0;513000;0;4;99;3;102;100
neos-932816;0;507025;0;3;210;6;216;100
neos-933562;0;0;237.810567;1;56;0;56;100
neos-933638;0;410039;0;3;206;4;210;100
neos-933966;0;414037;0;3;158;4;162;100
neos-934278;0;446011;0;3;304;3;307;100
neos-935234;0;420082;0;3;320;1;321;100
neos-935627;0;23430;0;3;367;1;368;100
neos-935769;0;23430;0;3;363;1;364;100
neos-937511;0;52830;0;3;465;1;466;100
neos-937815;0;53700;0;3;490;1;491;100
neos-941262;0;52113;0;3;359;1;360;100
neos-941313;0;9361;305.563636;1;555;3;558;100
neos-942830;0;12;65.46896;1;26;0;26;100
neos-948126;0;51842;0;3;384;1;385;100
neos-948346;0;-76.259687;4.145726;4;528;3;531;100
neos-950242;0;2;94;2;156;0;156;100
neos-953928;0;-97.806667;0;4;237;3;240;2.1
neos-954925;0;-197.766667;0;5;1027;21;1048;16.82
neos-956971;0;-71.74;2.884533;3;712;2;714;100
neos-957143;0;-175.669492;48.100823;4;507;3;510;100
neos-957323;0;-187.827788;20.862876;3;336;2;338;100
neos-957389;0;1.5;33.433333;1;105;0;105;100
neos-960392;0;-238;280.998182;1;261;1;262;100
neos-983171;0;52602;0;3;395;1;396;100
neos-984165;0;52002;0;3;424;1;425;100
neos13;0;-126.178378;41.501658;2;223;0;223;100
neos15;0;144796.909577;0;2;2;0;2;79.65
neos16;0;429;11.142857;2;4;0;4;100
neos17;0;0.222688;0;2;7;0;7;48.46
neos18;0;11;57.75;3;66;0;66;100
neos2;0;-4717.666848;6.724359;1;8;0;8;100
neos22;0;413700;227;1;32;0;32;100
neos5;0;17.25;0;2;1;0;1;15
neos6;0;116.604289;27.902196;4;103;0;103;100
neos8;0;-2885.143864;21.860834;3;697;1;698;100
neos808444;0;0;246.264287;1;282;0;282;100
neos9;0;780;44.25;1;302;0;302;100
net12;0;47.514236;132.660069;3;1203;0;1203;100
netdiversion;0;454.8;783.8;2;7402;4;7406;100
newdano;0;11.724138;8.447296;1;2;0;2;100
nexp-150-20-1-5;0;84;0;2;38;0;38;27.27
nexp-150-20-8-5;0;656;0;2;84;0;84;100
nexp-50-20-1-1;0;34;0;2;1;0;1;17.24
nexp-50-20-4-2;0;120;0;2;2;0;2;69.01
nh97_potential;0;1462;74.9;2;5;0;5;100
nh97_tension;0;1438;81.583333;2;2;0;2;100
nj1;0;0;607;1;519;1;520;100
nj2;0;0;607;1;637;1;638;100
nj3;0;0;607;1;65086;1;65087;100
nobel-eu-DBE;0;7285051.5;1.398889;2;95;0;95;100
noswot;0;-9;0;3;0;0;0;78.05
ns1111636;0;96.25;19.25;1;610;1;611;100
ns1116954;0;0;161.808346;1;945;0;945;100
ns1208400;0;0;82.641509;1;64;0;64;100
ns1430538;0;73.621609;10.390804;1;536;0;536;100
ns1456591;0;361.939022;19;1;108;0;108;100
ns1606230;0;13.225;182.892472;1;1735;0;1735;100
ns1631475;0;817.193748;716.662243;1;1277;0;1277;100
ns1663818;0;1;9.141146;1;5804;3;5807;100
ns1679495;0;3337055.001914;100.246101;2;47964;1;47965;100
ns1685374;0;-51.800913;96.218654;1;49477;1;49478;100
ns1688347;0;2;8.278489;1;53;0;53;100
ns1690781;0;-1022.785697;17.664172;2;201;0;201;100
ns1696083;0;2;13.288374;1;171;0;171;100
ns1758913;0;-1501.183256;125.476622;1;8745;0;8745;100
ns1760995;0;-1379.173237;142;1;20126;1;20127;100
ns1778858;0;-22635740;227.465047;2;285;0;285;100
ns1828997;0;0;75;2;817;1;818;100
ns1830653;0;6153;57.514255;1;142;0;142;100
ns1849932;0;546;5.620915;1;1054;2;1056;100
ns1853823;0;1172000;1386;2;48027;10;48037;100
ns1854840;0;1.432e+11;1139.47326;2;6826;6;6832;100
ns1856153;0;0;255.683145;1;160;0;160;100
ns1904248;0;0;854.146124;14;2498;19;2517;100
ns1905797;0;11.75098;19.65;1;209;0;209;100
ns1905800;0;6.4366;16.364665;1;45;0;45;100
ns1952667;0;0;9.995738;1;209;0;209;100
ns2017839;0;77026281754033.4;1.017799;2;7610;0;7610;100
ns2034125;0;0;796.623735;2;1823;0;1823;100
ns2071214;0;0;12.477;1;106;0;106;100
ns2081729;0;4.6;0.926;2;3;0;3;100
ns2122698;0;62785.622771;194.641858;1;559;0;559;100
ns2124243;0;53998.333333;195.416667;1;457;0;457;100
ns2137859;0;24629;42.075016;1;714;1;715;100
ns4-pr3;0;36073;12;1;99;0;99;100
ns4-pr6;0;29145.75;8.875;1;36;0;36;100
ns4-pr9;0;35175;8.5;1;76;0;76;100
ns894236;0;18;200.447471;2;370;0;370;100
ns894244;0;16;346.579338;2;1279;0;1279;100
ns894786;0;14;209.541645;2;1306;0;1306;100
ns894788;0;7;91.946694;2;168;0;168;100
ns903616;0;22;385.982498;2;1098;1;1099;100
nsa;0;91.44794;7.482504;1;6;0;6;100
nsr8k;0;17500809.511815;639.929911;1;8594;1;8595;100
nsrand-ipx;0;754880;0;3;62;2;64;100
nu120-pr12;0;38070;13.695833;1;41;0;41;100
nu120-pr3;0;21306.442308;42.751022;1;106;0;106;100
nu120-pr9;0;19062.5;28.652083;1;72;0;72;100
nu25-pr12;0;52757.5;11.9;1;44;0;44;100
nu4-pr9;0;35175;18.213333;1;75;0;75;100
nu60-pr9;0;22850;28.383333;1;78;0;78;100
nucorsav;0;29.0461;81.089972;2;62587;6;62593;100
nursesched-medium-hint03;0;33.468485;460.316255;1;1190;0;1190;100
nursesched-medium04;0;366;231.738095;2;768;0;768;100
nursesched-sprint-hidden09;0;580.911765;177.875;2;301;0;301;100
nursesched-sprint-late03;0;34.254806;178.177416;1;361;0;361;100
nursesched-sprint02;0;96.416667;144.916667;2;204;0;204;100
nw04;0;16310.666667;2;1;297;1;298;100
ofi;0;6131846109.62063;1781.999298;135;9449;96;9545;100
ofi2;0;6124829152.73116;3158.688481;133;7021;144;7165;100
oocsp-racks030e6cci;0;0;0;1;213;2;215;0
opm2-z10-s2;0;-19912;0;5;22466;9;22475;41.13
opm2-z10-s4;0;-17801;0;5;22721;9;22730;46.49
opm2-z11-s8;0;-24071;0;5;54247;12;54259;44.65
opm2-z12-s14;0;-37765;0;6;115858;20;115878;41.26
opm2-z12-s7;0;-38383;0;5;110731;22;110753;41.41
opm2-z12-s8;0;-34399;0;6;107469;26;107495;41.24
opm2-z6-s1;0;-2356;0;3;335;1;336;62.01
opm2-z7-s2;0;-7107;0;5;860;2;862;30.87
opm2-z7-s8;0;-6856;0;5;753;2;755;39.01
opm2-z8-s0;0;-7776;0;4;3688;3;3691;50.71
opt1217;0;-20.02139;8.22549;1;1;0;1;100
osorio-cta;0;0;3.5e-05;1;58;0;58;100
p0201;0;6875;20;1;1;0;1;100
p100x588b;0;58977;0;2;1;0;1;23.18
p200x1188c;0;15747;0;2;2;0;2;4.44
p2756;0;2763;2.212891;2;6;0;6;100
p500x2988;0;72594;0;2;29;0;29;1.06
p500x2988c;0;17212;0;2;28;0;28;13.13
p500x2988d;0;6;0;2;32;0;32;0
p6b;0;-53;0;3;40;0;40;15.87
p80x400b;0;45896;0;2;1;0;1;15.7
pb-fit2d;0;-22372.476239;842.898884;1;6939;3;6942;100
pb-gfrd-pnc;0;8316.011268;30.700616;1;125;0;125;100
pb-grow22;0;-449681.200587;122.632175;1;408;0;408;100
pb-market-split8-70-4;0;0;2.197219;1;0;0;0;100
pb-simp-nonunif;0;6;513.5;2;3702;21;3723;100
peg-solitaire-a3;0;1;289.311002;1;346;0;346;100
pg;0;-11098.657382;17.215049;2;4;0;4;100
pg5_34;0;-16012.248077;18.476238;2;5;0;5;100
physiciansched3-3;0;2432694.766159;1286.212272;17;50249;25;50274;100
physiciansched3-4;0;1124678.224456;1159.305049;3;36662;5;36667;100
physiciansched5-3;0;5180;1105.727341;3;1347;1;1348;100
physiciansched6-1;0;7500;666.252778;2;595;4;599;100
physiciansched6-2;0;43012.5;698.196528;2;587;4;591;100
pigeon-08;0;-8000;8.25974;1;2;0;2;100
pigeon-10;0;-10000;13.559596;1;2;0;2;100
pigeon-11;0;-11000;16.690909;1;2;0;2;100
pigeon-12;0;-12000;21.818182;1;4;0;4;100
pigeon-13;0;-13000;24;1;3;0;3;100
pigeon-16;0;-16000;74.018182;1;5;0;5;100
pigeon-19;0;-19000;59.036364;1;33;0;33;100
pigeon-20;0;-20000;62.509091;1;30;0;30;100
piperout-03;0;68814.99759;437.705308;6;299;1;300;100
piperout-08;0;99128.924471;555.254611;38;440;9;449;100
piperout-27;0;6970;1154.464464;12;532;4;536;100
piperout-d20;0;25533.842105;676.796097;2;998;1;999;100
piperout-d27;0;7083.116279;1022.542306;2;1420;1;1421;100
pk1;0;0;2.782038;1;0;0;0;100
polygonpack3-15;0;-96519350.40932;29.662451;3;1346;1;1347;100
polygonpack4-10;0;-93676953.4701;19.421532;3;454;0;454;100
polygonpack4-15;0;-114052801.79086;41.802079;3;1417;1;1418;100
polygonpack4-7;0;-75324958.8742;9.351219;3;182;0;182;100
polygonpack5-15;0;-42382234.50354;23.093558;3;1534;1;1535;100
pp08a;0;15000;0;2;0;0;0;100
pp08aCUTS;0;16630.402442;0;2;2;0;2;100
probportfolio;0;5;15.184084;2;2;0;2;100
prod1;0;-100;6.72495;2;0;0;0;100
prod2;0;-100;4.433874;2;1;0;1;100
proteindesign121hz512p19;0;3197.772133;67.38213;1;17600;52;17652;100
proteindesign121hz512p9;0;1423.904449;61.920249;1;770;3;773;100
proteindesign121pgb11p9;0;1173.710433;49.777201;1;543;2;545;100
proteindesign122trx11p8;0;1720.461105;46.268597;1;509;2;511;100
protfold;0;0;35;2;15;0;15;100
pw-myciel4;0;0;55.252164;11;37;0;37;100
pythago7824;0;0;580.777778;6;694;2;696;100
pythago7825;0;0;586.777778;8;750;2;752;100
qap10;0;332.566228;55;1;345;0;345;100
qiu;0;1805.177143;0;2;3;0;3;100
qnet1;0;98035.87;7.221868;2;15;0;15;100
qnet1_o;0;108535.94;0;3;6;0;6;100
queens-30;0;-30;0;3;192;2;194;25
r4l4-02-tree-bounds-50;0;510876207;651.016667;2;49;0;49;100
r50x360;0;2016;0;2;1;0;1;21.96
r80x800;0;5520;0;2;1;0;1;3.53
radiationm18-12-05;0;17554.5;195.797325;1;211;0;211;100
radiationm40-10-02;0;155306.7;932.506;1;1124;3;1127;100
rail01;0;-92.0873;2556.210517;1;10743;3;10746;100
rail02;0;-206.6102;2995.655556;1;122681;8;122689;100
rail03;0;-920.273762;12424.501007;1;155274;21;155295;100
rail507;0;216;0;3;627;10;637;24.14
railway_8_1_0;0;397;57.091932;3;12;0;12;100
ramos3;0;440;0;3;1387;1;1388;100
ran12x21;0;4080;0;2;0;0;0;11.35
ran13x13;0;3521;0;2;0;0;0;8.27
ran14x18-disj-8;0;12451.012696;0;2;22;0;22;100
ran14x18;0;4265;0;2;0;0;0;14.9
ran16x16;0;4333;0;2;0;0;0;13.34
rd-rplusc-21;0;100;4.122871;1;519;0;519;100
reblock115;0;-39365983.337347;271.565472;1;176;0;176;100
reblock166;0;-886882876.965829;382.279623;1;444;0;444;100
reblock354;0;-39640995.765204;569.832903;3;791;1;792;100
reblock420;0;-886535897.522137;986.979676;1;2494;0;2494;100
reblock67;0;-39339910.923037;159.950504;1;53;0;53;100
rfds-4-days;0;-1158940.978167;54.2;1;66169;9;66178;100
rlp1;0;13.244444;9.961905;1;1;0;1;100
rmatr100-p10;0;360.593308;9.692735;1;187;0;187;100
rmatr100-p5;0;762.040054;5;1;441;0;441;100
rmatr200-p10;0;1550.620783;10;1;10411;0;10411;100
rmatr200-p20;0;688.357943;19.982266;1;4325;0;4325;100
rmatr200-p5;0;3283.653831;5;1;10586;0;10586;100
rmine10;0;-1926.821009;886.351115;2;3971;1;3972;100
rmine11;0;-2500.979506;1242.12491;263;10283;186;10469;100
rmine13;0;-3504.619914;1108.274293;2;44412;2;44414;100
rmine14;0;-4303.775099;2185.33618;6151;91262;9053;100315;100
rmine15;0;-5041.160176;4256.942532;4;171771;10;171781;100
rmine6;0;-437.471884;60.131684;5;126;0;126;100
rocI-3-11;0;-111086.671772;561.026391;1;48;0;48;100
rocI-4-11;0;-11111086.671772;777.743465;1;62;0;62;100
rocII-10-11;0;-11.974865;294.327643;1;473;0;473;100
rocII-4-11;0;-11.937162;82.5;1;137;0;137;100
rocII-5-11;0;-11.94973;122.235744;1;173;0;173;100
rocII-7-11;0;-11.964093;214.470392;1;365;0;365;100
rocII-8-11;0;-11.968581;241.290622;1;492;0;492;100
rocII-9-11;0;-11.972072;280.93054;1;425;0;425;100
rococoB10-011000;0;8350.199468;49.840978;1;132;0;132;100
rococoC10-001000;0;7515.271029;14.905897;1;48;0;48;100
rococoC11-010100;0;8773.206543;49.89581;1;157;0;157;100
rococoC11-011100;0;9024.205406;56.60339;1;117;0;117;100
rococoC12-010001;0;26787.292147;50.829414;1;198;0;198;100
rococoC12-111000;0;27337.357381;53.501346;1;262;0;262;100
roi2alpha3n4;0;-80.526722;7.807845;2;666;0;666;100
roi5alpha10n8;0;-87.787142;16;2;2108;2;2110;100
roll3000;0;11097.127677;46.77651;3;39;0;39;100
rout;0;981.864286;9.898077;1;1;0;1;100
rpp22falsei;0;0;0;2;40;1;41;0
rvb-sub;0;11.206514;4.571429;1;648;0;648;100
s100;0;-0.171097;43.317795;1;28331;8;28339;100
s1234;0;0.361925;1.578294;6;1736;1;1737;100
s250r10;0;-0.167732;144.624718;2;9663;8;9671;100
s55;0;-22.151773;0;1;1614;4;1618;0
s82;0;-33.833613;710.326157;2;184628;47;184675;100
satellites1-25;0;-20;56.544916;1;252;0;252;100
satellites2-25;0;-30;407.221093;1;21905;0;21905;100
satellites2-40;0;-30;67.162241;1;11718;0;11718;100
satellites2-60-fs;0;-30;516.985048;1;2474;1;2475;100
satellites2-60;0;-30;87.159446;1;4395;0;4395;100
satellites3-25;0;-39;972.947677;1;198143;2;198145;100
satellites3-40-fs;0;-39;958.442288;1;26458;2;26460;100
satellites3-40;0;-39;977.959854;1;199194;2;199196;100
savsched1;0;7043.734243;0;3;113177;40;113217;100
scpj4scip;0;183;0;3;1151;24;1175;41.86
scpk4;0;389;0;3;2585;21;2606;21.18
scpl4;0;360;0;3;4571;43;4614;36.88
scpm1;0;774;0;3;43441;139;43580;37.97
scpn2;0;741;0;3;68134;251;68385;38.76
sct1;0;-218.139003;92.140138;1;1437;0;1437;100
sct2;0;-231.116964;17.2744;1;60;0;60;100
sct31;0;-31.962662;30.130308;1;168;0;168;100
sct32;0;-62.990833;53.144038;1;782;0;782;100
sct5;0;-228.176552;31.156928;2;248;0;248;100
seqsolve1;0;4376.282987;371.073706;19;3996;41;4037;100
seqsolve2short4288;0;0;430.323729;4;2808;10;2818;100
seqsolve3short4288excess384;0;-46401.234768;425.509375;7;13857;16;13873;100
set1ch;0;110241.5;0;2;1;0;1;100
set3-09;0;1263.077974;49.748593;3;39;0;39;100
set3-10;0;788.890655;50.61299;3;38;0;38;100
set3-15;0;8364.040745;53.876403;3;41;0;41;100
set3-16;0;9916.808562;58.149187;3;44;0;44;100
set3-20;0;10347.381087;53.849605;3;44;0;44;100
seymour-disj-10;0;435.000001;2e-06;2;1586;0;1586;100
seymour;0;454;0;3;206;0;206;7.33
seymour1;0;422.819841;0;3;198;0;198;2.94
shiftreg1-4;0;131.656032;300.178571;1;45;0;45;100
shiftreg2-7;0;206.733052;241.553825;1;77;0;77;100
shiftreg5-1;0;520.839888;728.895607;1;348;0;348;100
shipsched;0;0;2.147365;5;126;1;127;100
shipschedule3shipsi;0;-265650;0;1;35;0;35;0
shipschedule6shipsmixi;0;-301650;0;1;54;0;54;0
shipschedule8shipsmixuci;0;-401100;0;1;67;0;67;0
shs1014;0;22137.410363;389.865942;1;175821;10;175831;100
shs1042;0;9455.525826;684.883411;1;66155;11;66166;100
siena1;0;10163179.229002;146.859338;1;1768;0;1768;100
sing11;0;18640171.224643;331.879469;1;7952;4;7956;100
sing161;0;19071259.113927;996.464534;1;62747;18;62765;100
sing17;0;35483848.876514;554.751047;1;29008;12;29020;100
sing2;0;17150914.71694;252.506822;1;1508;0;1508;100
sing245;0;25024015.754083;519.079791;1;10986;5;10991;100
sing326;0;7717674.801189;203.886687;1;2528;1;2529;100
sing359;0;22534478.962498;1259.613224;1;80503;16;80519;100
sing44;0;8102513.2194;177.330369;1;3002;1;3003;100
sing5;0;18418516.013137;272.410096;1;3501;3;3504;100
snip10x10-35r1budget17;0;30;2.7;1;496;0;496;100
snp-02-004-104;0;548044802.97509;10.217187;2;4083;0;4083;100
snp-04-052-052;0;728196432.049806;735.582559;2;3484;1;3485;100
snp-06-004-052;0;1787138156.58097;33.734354;2;6013;1;6014;100
snp-10-004-052;0;5842625068.20526;48.106063;2;13858;1;13859;100
snp-10-052-052;0;5842626434.04626;1694.316668;2;15784;3;15787;100
sorrell3;0;-11;0;3;655;8;663;31.25
sorrell4;0;-16;0;3;2838;30;2868;33.33
sorrell7;0;-138;0;3;381;4;385;29.59
sorrell8;0;-259;0;3;71;1;72;26
sp150x300d;0;71;0;2;1;0;1;2.9
sp97ar;0;972940668.52016;1.064266;3;475;0;475;100
sp97ic;0;693946430.807546;1.277104;3;369;0;369;100
sp98ar;0;708064186.862341;1.533328;16;656;2;658;100
sp98ic;0;749699665.216431;1.781976;4;357;0;357;100
sp98ir;0;270542181.322102;8.206982;4;62;0;62;100
splice1k1;0;-1646.777979;8.512635;1;16656;7;16663;100
splice1k1i;0;-1654;0;1;193;7;200;0
square23;0;8.333333;12.444444;1;138;0;138;100
square31;0;8.5;13.75;1;811;0;811;100
square37;0;8.666667;13.666667;1;2279;1;2280;100
square41;0;8.839612;15.068891;1;3742;1;3743;100
square47;0;8.755814;15.976744;1;6459;1;6460;100
stoch-vrpvrp-s5v2c8vrp-v2c8i;0;0;114.363636;1;31;0;31;100
stockholm;0;173;0;2;496;0;496;38.4
stp3d;0;604.886283;537.229946;2;24476;6;24482;100
sts405;0;357;0;2;509;1;510;0
sts729;0;665;0;2;3041;4;3045;0
supportcase1;0;20078;0.020624;2;269;3;272;100
supportcase10;0;3.383924;2427.713951;2;9078;4;9082;100
supportcase11;0;-25.979452;762069;1;290388;323;290711;100
supportcase12;0;-7609.533054;54.777672;1;1501;2;1503;100
supportcase14;0;272;9.894737;1;2;0;2;100
supportcase16;0;272;9;1;2;0;2;100
supportcase17;0;0;45.488491;2;9;0;9;100
supportcase18;0;87;9.141806;2;52;0;52;100
supportcase19;0;12677206;370.390975;1;25571;30;25601;100
supportcase2;0;0;7.75;1;8942;0;8942;100
supportcase20;0;2442.144012;4.88286;1;22;0;22;100
supportcase23;0;-12952;674.436182;1;1625;0;1625;100
supportcase25;0;0.036932;11.225052;1;104;0;104;100
supportcase26;0;1288.102161;0.009948;2;2;0;2;100
supportcase27i;0;0;0.028235;1;2;0;2;100
supportcase3;0;0;754.600046;3;221;0;221;100
supportcase30;0;0;102.85702;1;63;0;63;100
supportcase31;0;-1614891.103398;0;4;1848;66;1914;56.59
supportcase33;0;-463.421212;67.102214;2;477;0;477;100
supportcase34;0;72.664116;343.748454;1;1282;0;1282;100
supportcase35;0;77847.333333;96;2;125;0;125;100
supportcase37;0;-5865.764096;28.04048;2;924;0;924;100
supportcase39;0;-1062330.369524;22.808785;5;112;1;113;100
supportcase4;0;0;537.153071;3;172;0;172;100
supportcase40;0;22536.483379;19;1;232;0;232;100
supportcase41;0;28;25.515887;5;287;0;287;100
supportcase42;0;7.343539;48.081295;1;1546;0;1546;100
supportcase43;0;0;48.147044;2;50221;3;50224;100
supportcase6;0;45090.732163;30.107438;1;1522;2;1524;100
supportcase7;0;-2396.218213;53.14731;2;1718;0;1718;100
swath;0;334.496858;2.2;1;39;0;39;100
swath1;0;334.496858;0.6;1;38;0;38;100
swath2;0;334.496858;0.7;1;35;0;35;100
swath3;0;334.496858;0.8;1;36;0;36;100
t1717;0;134531.021428;79.098998;1;276;1;277;100
t1722;0;98815.407611;52.399108;1;149;0;149;100
ta1-UUM;0;3693674.556772;4.190418;1;4;0;4;100
ta2-UUE;0;41427354.755773;0.680983;2;178;0;178;100
tanglegram1;0;0;146;1;245;1;246;100
tanglegram2;0;0;74;1;37;0;37;100
tanglegram4;0;0;214;1;795;2;797;100
tanglegram6;0;0;100;1;60;0;60;100
tbfp-bigm;0;-178.153988;30;1;275;0;275;100
tbfp-network;0;23.261535;31;1;883;1;884;100
Test3;0;2669532.692462;22.368722;2;236;0;236;100
thor50dday;0;204179;0;2;223;3;226;100
timtab1;0;1234325.333333;18.45;2;0;0;0;100
timtab1CUTS;0;613590.095426;35.885811;2;3;0;3;100
timtab2;0;1487304.333333;29.783333;2;1;0;1;100
tokyometro;0;11100;244.805246;2;65;0;65;100
toll-like;0;0;339.5;1;37;0;37;100
tpl-tub-ss16;0;767142.06434;2148.906605;2;86778;25;86803;100
tpl-tub-ws1617;0;648834.718392;2262.455897;2;116756;31;116787;100
tr12-30;0;188435.464884;3.580258;2;2;0;2;100
traininstance2;0;0;641.686234;2;52;0;52;100
traininstance6;0;0;381.122112;2;45;0;45;100
transportmoment;0;-70929535815.38;783.890174;2;200;0;200;100
trento1;0;5182758.848056;80.357739;1;597;0;597;100
triptim1;0;22.868087;2087.419346;1;8859;1;8860;100
triptim2;0;10.866359;801.595268;1;10241;1;10242;100
triptim3;0;13.511741;809.069096;1;9786;1;9787;100
triptim4;0;9.207022;591.583434;1;10949;0;10949;100
triptim7;0;2336.732602;590.375308;2;11057;2;11059;100
triptim8;0;2336.754853;583.67257;2;12081;2;12083;100
tw-myciel4;0;3.838028;125.544014;6;187;0;187;100
uc-case11;0;611267.013003;123.092075;1;2459;0;2459;100
uc-case3;0;7181.264177;95.341586;1;1874;0;1874;100
uccase10;0;38988.693469;403.985961;1;2620;1;2621;100
uccase12;0;11507.285324;38.32;1;2099;0;2099;100
uccase7;0;26527.789654;162.379998;1;3468;0;3468;100
uccase8;0;11142.163196;63.982247;1;2698;0;2698;100
uccase9;0;10819.582997;76.021209;1;4234;0;4234;100
uct-subprob;0;242;57.775663;1;45;0;45;100
umts;0;91618146.215272;77.667697;2;49;0;49;100
unitcal_7;0;19387712.348556;143.074673;2;790;0;790;100
usAbbrv-8-25_70;0;95;138.522583;3;33;0;33;100
usafa;0;11.961749;2930.074494;2;47296;26;47322;100
v150d30-2hopcds;0;52;0;3;105;1;106;26.83
van;0;1.72352;5.404444;1;2595;0;2595;100
var-smallemery-m6j6;0;-156.056268;90.190835;2;1083;1;1084;100
vpm2;0;13.372866;5.698001;2;0;0;0;100
vpphard;0;0;128.390476;1;216;1;217;100
vpphard2;0;0;224.687229;1;624;10;634;100
wachplan;0;-9;59.344774;1;37;0;37;100
wnq-n100-mw99-14;0;198.394737;81.157895;3;4755;1;4756;100
xmas10-2;0;-548.904684;180.189643;1;212;0;212;100
xmas10;0;-449.063962;131.814139;7;182;0;182;100
z26;0;-971;0;3;2582;33;2615;18.2
zeil;0;813.510308;818.357568;2;80581;8;80589;100
zib54-UUE;0;19164366;0;2;56;0;56;85.45
10teams;37029;917;36.681642;1;30;0;30;100
22433;37029;21552.708079;24.962328;5;6;0;6;100
23588;37029;8342.863244;17.617619;4;3;0;3;100
2club200v15p5scn;37029;-96.055556;38.611111;7;129;3;132;100
30n20b8;37029;5530;15.589981;2;108;0;108;100
30_70_45_05_100;37029;97;0;6;847;2;849;100
30_70_45_095_100;37029;59;0;6;823;2;825;100
30_70_45_095_98;37029;298;0;7;880;3;883;100
50v-10;37029;1493601.476062;0;2;4;0;4;100
a1c1s1;37029;20912.873333;0.041667;2;34;0;34;100
a2c1s1;37029;20866.0825;0;2;34;0;34;91.62
ab51-40-100;37029;-6524184260;0;3;862;1;863;37.39
ab67-40-100;37029;-7141459514;0;3;2476;1;2477;36.16
ab69-40-100;37029;-7136789852.99999;0;3;2081;1;2082;36.2
ab71-20-100;37029;-6522821227;0;3;229;0;229;37.4
ab72-40-100;37029;-7018756084.00001;0;3;797;1;798;37.26
academictimetablebig;37029;57;2027.119953;2;3204;8;3212;100
academictimetablesmall;37029;0;327.222248;2;234;1;235;100
acc-tight2;37029;0;129.034401;1;32;0;32;100
acc-tight4;37029;0;133.878393;1;58;0;58;100
acc-tight5;37029;0;121.269585;1;245;0;245;100
acc-tight6;37029;0;120.058761;1;240;0;240;100
adult-max5features;37029;0.081316;0.266955;1;909;3;912;100
adult-regularized;37029;0.077684;0.234052;1;1996;1;1997;100
aflow30a;37029;983.167425;6.510845;1;4;0;4;100
aflow40b;37029;1005.664817;8.247724;1;19;0;19;100
air03;37029;338864.25;11.875;1;65;0;65;100
air04;37029;55535.436388;52.288553;1;307;0;307;100
air05;37029;25877.609268;46.215654;1;159;0;159;100
aligninq;37029;2755;40.921868;7;16;0;16;100
allcolor10;37029;6;755.781169;2;151;1;152;100
allcolor58;37029;42;3660.566767;1;1220;3;1223;100
amaze22012-03-15i;37029;0;0;1;39;1;40;0
amaze22012-06-28i;37029;0;0;1;21;0;21;0
amaze22012-07-04i;37029;0;0;1;26;0;26;0
app1-1;37029;-2;0.179678;3;56;0;56;100
app1-2;37029;-23;1e-06;2;3959;0;3959;100
app2-1;37029;19298.5;0;2;32;0;32;0.02
app2-2;37029;219402.5;0;3;1;0;1;3.47
app3;37029;5627412.287938;3.142492;1;36;0;36;100
arki001;37029;7579599.807787;17.164714;1;32;0;32;100
assign1-10-4;37029;353.992926;52;1;37;0;37;100
assign1-5-8;37029;183.362555;24;1;3;0;3;100
atlanta-ip;37029;81.243206;325.689509;3;4407;2;4409;100
atm20-100;37029;2141734.684878;124.301066;2;106;0;106;100
australia-abs-cta;37029;0;38.750723;1;94;0;94;100
b-ball;37029;-1.818182;4.818182;1;0;0;0;100
b1c1s1;37029;69966.45;0;2;34;0;34;100
b2c1s1;37029;70651.01;0;2;43;0;43;100
bab1;37029;-286923.824223;50.52;1;264;1;265;100
bab2;37029;-353606.266494;534.575488;2;8477;4;8481;100
bab3;37029;-557391.946196;518.63538;2;31369;11;31380;100
bab5;37029;-111176.514726;175.63525;2;526;0;526;100
bab6;37029;-224575.783183;661.616846;2;6752;3;6755;100
bc;37029;13.063318;0.063318;2;97;0;97;100
bc1;37029;6.45558;0.016336;2;97;0;97;100
beasleyC1;37029;102;0;2;2;0;2;20
beasleyC2;37029;232;0;2;2;0;2;61.11
beasleyC3;37029;958;0;2;3;0;3;27.06
beavma;37029;407840.4;0;3;1;0;1;6.41
berlin;37029;1741;0;2;26;0;26;66.76
berlin_5_8_0;37029;52;64.959947;3;5;0;5;100
bg512142;37029;323992.007013;52.989642;3;26;0;26;100
biella1;37029;3060037.430763;98.771008;1;234;0;234;100
bienst1;37029;11.724138;4.390524;1;2;0;2;100
bienst2;37029;11.724138;5.390524;1;2;0;2;100
binkar10_1;37029;6637.188027;9.084811;1;7;0;7;100
blend2;37029;7.489992;0.492283;2;0;0;0;100
bley_xl1;37029;265.571332;336.926676;6;21278;4;21282;100
bley_xs1;37029;213538830.272187;107.27048;3;144;0;144;100
bley_xs1noM;37029;251120149.512445;78.38821;8;114;0;114;100
bley_xs2;37029;48593009.277766;66.02141;2;21;0;21;100
blp-ar98;37029;14303.194003;9.189386;9;98;1;99;100
blp-ic97;37029;6123.238237;3.473359;16;84;2;86;100
blp-ic98;37029;14141.050706;0.1;4;125;0;125;100
blp-ir98;37029;5639.818879;2.497817;2;39;0;39;100
bmocbd;37029;-32041010095048.5;0;1;771;6;777;0
bmocbd2;37029;-31953009810558.2;0;1;703;6;709;0
bmocbd3;37029;45423160355.8175;0;2;16188;9;16197;100
bmoipr2;37029;-46628940.711141;0.160693;3;84;0;84;100
bnatt350;37029;0;91.914943;4;73;0;73;100
bnatt400;37029;0;98.918149;7;74;0;74;100
bppc4-08;37029;51.59;8.850948;1;18;0;18;100
bppc6-02;37029;108.34;11.886994;1;134;0;134;100
bppc6-06;37029;200.633333;14.947367;1;140;0;140;100
bppc8-02;37029;486.5;3.204377;1;1;0;1;100
bppc8-09;37029;444.436047;5.98123;1;4;0;4;100
brasil;37029;31819;0;2;27;0;27;100
brazil3;37029;2;656.675844;1;1051;0;1051;100
breastcancer-regularized;37029;0.00046;0.002809;1;7;0;7;100
bts4-cta;37029;33524.637606;1130;1;614;0;614;100
buildingenergy;37029;33246.215059;1468.85;2;16521;3;16524;100
cap6000;37029;-2444651;0;3;41;0;41;0.27
cbs-cta;37029;0;28.754656;1;117;0;117;100
cdc7-4-3-2;37029;-231;0;3;36676;4;36680;19.79
chromaticindex1024-7;37029;4;16002.682953;2;2375;8;2383;100
chromaticindex128-5;37029;4;2021.163699;2;130;1;131;100
chromaticindex256-8;37029;4;4069.477083;2;385;2;387;100
chromaticindex32-8;37029;4;504.8875;2;17;0;17;100
chromaticindex512-7;37029;4;8183.527137;2;1103;3;1106;100
ci-s4;37029;4.963809;19.526141;2;60;0;60;100
circ10-3;37029;140;154.207692;1;174;0;174;100
cmflsp40-24-10-7;37029;52605868.952858;70.70093;3;335;0;335;100
cmflsp40-36-2-10;37029;72898024.959478;295.649246;3;788;0;788;100
cmflsp50-24-10-4;37029;64492612.641644;81.236085;3;387;0;387;100
cmflsp50-24-8-8;37029;59814378.749021;131.86946;3;341;0;341;100
cmflsp60-36-2-6;37029;97887903.946142;370.689759;3;1651;0;1651;100
CMS750_4;37029;250;258.046726;3;124;0;124;100
co-100;37029;1250429.774879;9.799423;2;260;1;261;100
cod105;37029;-8;0;3;468;1;469;33.33
comp07-2idx;37029;0;139.65;2;1282;0;1282;100
comp08-2idx;37029;0;183.178592;3;225;0;225;100
comp12-2idx;37029;16;249.122949;3;1379;1;1380;100
comp16-3idx;37029;4;722.299516;1;8355;1;8356;100
comp21-2idx;37029;0;197.95;2;768;0;768;100
control30-3-2-3;37029;-20763026.787568;27.97054;1;4;0;4;100
core2536-691;37029;797;0;3;1433;2;1435;15.67
core2586-950;37029;1164;0;3;858;2;860;22.78
core4284-1064;37029;1303;0;3;4991;4;4995;22.58
core4872-1529;37029;1837;0;3;3245;5;3250;20.07
cost266-UUE;37029;42001606.28;0;2;77;0;77;67.01
cov1075;37029;35;0;2;7;0;7;75
cryptanalysiskb128n5obj16;37029;0;7174.215397;2;947;11;958;100
csched007;37029;269.251587;22.185714;1;49;0;49;100
csched008;37029;171;19.809478;1;16;0;16;100
csched010;37029;332.422727;20.035354;1;43;0;43;100
cvrpa-n64k9vrpi;37029;0;211.276596;1;357;1;358;100
cvrpb-n45k5vrpi;37029;0;153.312977;1;162;0;162;100
cvrpp-n16k8vrpi;37029;0;50.625;1;31;0;31;100
cvrpsimple2i;37029;0;25.8;1;2;0;2;100
cvs08r139-94;37029;-24;0;3;17;0;17;79.31
cvs16r106-72;37029;-10;0;3;32;0;32;87.65
cvs16r128-89;37029;-11;0;3;38;0;38;88.66
cvs16r70-62;37029;-5;0;3;32;0;32;88.1
cvs16r89-60;37029;-7;0;3;28;0;28;89.23
d10200;37029;12425.583005;34.236879;1;54;0;54;100
d20200;37029;12229.625788;62.339279;1;337;0;337;100
dale-cta;37029;0;0.00473;1;321;0;321;100
dano3mip;37029;576.23162;15.294513;1;2033;0;2033;100
dano3_3;37029;576.23162;1.932181;1;2137;0;2137;100
dano3_5;37029;576.23162;2.871834;1;2019;0;2019;100
danoint;37029;62.63728;5.819184;1;19;0;19;100
dc1c;37029;1754946.863638;139.779852;1;313;0;313;100
dc1l;37029;203610672.021484;0;3;1401;13;1414;100
dcmulti;37029;184858.396836;12.823814;3;3;0;3;100
decomp1;37029;-120;98.888889;1;56;0;56;100
decomp2;37029;-160;93.138889;1;57;1;58;100
dfn-bwin-DBE;37029;797567.4;0;2;34;0;34;100
dfn-gwin-UUM;37029;27467.257235;5.653537;1;1;0;1;100
dg012142;37029;5895516.340434;39.442147;5;223;0;223;100
diameterc-mstc-v20a190d5i;37029;291;62;1;46;0;46;100
diameterc-msts-v40a100d5i;37029;324;100.621212;1;40;0;40;100
disctom;37029;-5000;51.166667;1;261;0;261;100
disktom;37029;-5000;51.166667;1;218;0;218;100
dolom1;37029;6556066.068315;110.72091;1;576;0;576;100
drayage-100-12;37029;21458.311901;43.599962;1;72;0;72;100
drayage-100-23;37029;11714.141979;43.32781;1;150;0;150;100
drayage-25-23;37029;11714.141979;42.142735;1;145;0;145;100
drayage-25-27;37029;26785.797043;43.712602;1;61;0;61;100
drayage-25-32;37029;32519.997253;43.268141;1;62;0;62;100
ds-big;37029;86.820068;30.669231;1;7839;3;7842;100
ds;37029;57.234565;33.463549;1;1082;1;1083;100
dws008-01;37029;708.876687;16.484655;2;55;0;55;100
dws008-03;37029;716.047081;7.806469;2;119;0;119;100
dws012-01;37029;3473.575073;26.230322;2;118;0;118;100
dws012-02;37029;2128.039491;19.344808;2;219;0;219;100
dws012-03;37029;2125.884828;18.678617;2;326;1;327;100
eil33-2;37029;811.278996;3.61563;1;36;0;36;100
eilA101-2;37029;803.373888;7.408683;1;861;1;862;100
eilB101;37029;1075.247691;12.807028;1;21;0;21;100
eilC76-2;37029;725.754458;7.780208;1;273;0;273;100
ej;37029;1;0.243844;1;0;0;0;100
elitserienhandball11i;37029;0;1421.352265;1;240;0;240;100
elitserienhandball13i;37029;0;1357.692232;1;263;0;263;100
elitserienhandball14i;37029;0;1543.7577;1;263;0;263;100
elitserienhandball3i;37029;0;1525.315516;1;257;0;257;100
enlight13;37029;0;0.5;1;0;0;0;100
enlight15;37029;0;0.5;1;0;0;0;100
enlight8;37029;0;0.5;1;0;0;0;100
enlight_hard;37029;0;14.5;1;0;0;0;100
eva1aprime5x5opt;37029;-497.247729;0.844656;1;388;0;388;100
eva1aprime6x6opt;37029;-495.49243;7.714269;1;2004;0;2004;100
ex10;37029;100;100;1;16277;1;16278;100
ex1010-pi;37029;314;0;3;694;3;697;33.62
ex9;37029;81;81;1;1669;1;1670;100
exp-1-500-5-5;37029;97666.305541;4.045842;2;2;0;2;100
f2000;37029;1383;1280;2;3540;0;3540;100
f2gap201600;37029;76429.862296;1.402159;1;3;0;3;100
f2gap401600;37029;82274.237434;1.19002;1;4;0;4;100
f2gap40400;37029;20650.898154;3.25358;1;1;0;1;100
f2gap801600;37029;86570.120867;5.266841;1;5;0;5;100
fast0507;37029;221;0;3;547;9;556;27.01
fastxgemm-n2r6s0t2;37029;27;9;1;29;0;29;100
fastxgemm-n2r7s4t1;37029;27;9;1;32;0;32;100
fastxgemm-n3r21s3t6;37029;84;27;1;2340;0;2340;100
fastxgemm-n3r22s4t6;37029;84;27;1;2618;0;2618;100
fastxgemm-n3r23s5t6;37029;84;27;1;2510;0;2510;100
fhnw-binpack4-48;37029;0;333.285714;2;139;0;139;100
fhnw-binpack4-58;37029;0;467.321429;2;145;1;146;100
fhnw-binpack4-77;37029;0;207.310714;2;108;0;108;100
fhnw-binschedule0;37029;12632.888779;685.581929;3;11825;14;11839;100
fhnw-binschedule2;37029;1706.886254;185.026392;3;184;1;185;100
fhnw-schedule-paira100;37029;-36.643681;5.147307;2;117;0;117;100
fhnw-schedule-paira200;37029;-73.826479;8.938667;2;257;2;259;100
fhnw-schedule-paira400;37029;-146.941079;19.26431;2;1416;10;1426;100
fhnw-schedule-pairb200;37029;-73.826479;516.184695;2;1160;2;1162;100
fhnw-schedule-pairb400;37029;-146.941079;2338.646383;2;7067;12;7079;100
fhnw-sq2;37029;0;14.298419;1;4;0;4;100
fiball;37029;137.069168;82.028566;1;123;0;123;100
fiber;37029;1023943.76;9.839127;2;3;0;3;100
fillomino7x7-0i;37029;0;0;1;27;0;27;0
fixnet6;37029;12170;0;2;1;0;1;100
fjspeasy01i;37029;216;0;1;36;1;37;0
flugpl;37029;1167185.725592;3.538918;1;0;0;0;100
g200x740;37029;45614;0;2;2;0;2;2.93
g200x740i;37029;44069;0;2;2;0;2;46.48
gasprod1-1;37029;4861.104633;51.656628;7885;759;2612;3371;100
gasprod1-2;37029;1691.141291;51.497411;6853;586;801;1387;100
gasprod1-3;37029;3682.336923;49.221179;8368;550;962;1512;100
gasprod2-1;37029;1306101.609201;404.201103;19;1824;7;1831;100
gasprod2-2;37029;1330631.091637;502.800224;36;1781;16;1797;100
gen-ip002;37029;-511.036897;0;3;0;0;0;89.32
gen-ip016;37029;-9505.628173;1.906914;1;0;0;0;100
gen-ip021;37029;6642.05262;2.217259;4;0;0;0;100
gen-ip036;37029;-2162.833562;0;3;0;0;0;53.05
gen-ip054;37029;8365.610388;1.135203;5;0;0;0;100
gen;37029;112130.040664;7.929263;1;3;0;3;100
genus-g31-8;37029;-27;83;1;1082;0;1082;100
genus-g61-25;37029;-58;249.312678;1;720;0;720;100
genus-sym-g31-8;37029;-27;154.805251;2;3685;1;3686;100
genus-sym-g62-2;37029;-54;251.108763;2;23504;2;23506;100
genus-sym-grafo5708-48;37029;-27;115.061005;1;1307;0;1307;100
ger50-17-ptp-pop-3t;37029;3466.324873;45.213645;1;101;0;101;100
ger50-17-ptp-pop-6t;37029;6804.447088;50.477969;1;92;0;92;100
ger50-17-trans-dfn-3t;37029;3453.475245;37.741927;1;148;0;148;100
ger50-17-trans-pop-3t;37029;3456.252922;49.487013;1;154;0;154;100
ger50_17_trans;37029;6850.628623;48.22611;1;138;0;138;100
germanrr;37029;46445702.956442;53.468182;2;710;0;710;100
germany50-DBM;37029;438028;23.4;1;132;0;132;100
germany50-UUM;37029;597932.5;24.4;1;33;0;33;100
gesa2-o;37029;25748173.191117;13.380406;2;4;0;4;100
gesa2;37029;25477017.874283;13.26737;2;6;0;6;100
gfd-schedulen180f7d50m30k18-16i;37029;18;108.864749;1;5889;44;5933;100
gfd-schedulen180f7d50m30k18;37029;1;4971.136881;2;3392;15;3407;100
gfd-schedulen25f5d20m10k3i;37029;3;13.619895;1;60;0;60;100
gfd-schedulen55f2d50m30k3i;37029;3;27.695911;1;166;1;167;100
ghoulomb4-9-10i;37029;9;0;1;60;1;61;0
glass-sc;37029;23;0;3;121;1;122;0
glass4;37029;800002400;2.059524;1;1;0;1;100
gmu-35-40;37029;-2400283.756506;1.911023;2;9;0;9;100
gmu-35-50;37029;-2606307.146543;3.420099;2;19;0;19;100
gmut-75-50;37029;-14182312.661731;4.988967;1;592;1;593;100
gmut-76-40;37029;-14171086.316075;9.054451;1;221;0;221;100
gmut-76-50;37029;-14173884.188063;4.201959;1;469;1;470;100
gmut-77-40;37029;-14173396.636852;2.97325;1;235;0;235;100
go19;37029;96;0;3;4;0;4;14.29
gr4x6;37029;229.05;0;2;0;0;0;13.19
graph20-20-1rand;37029;-37;48.5;1;47;0;47;100
graph20-80-1rand;37029;-117;142;1;1719;1;1720;100
graph40-20-1rand;37029;-157;183.5;1;3814;2;3816;100
graph40-40-1rand;37029;-300;327;1;89211;8;89219;100
graphdraw-domain;37029;12672;18.037296;1;2;0;2;100
graphdraw-gemcutter;37029;4310;10.690226;1;1;0;1;100
graphdraw-grafo2;37029;35762;325.965485;1;734;2;736;100
graphdraw-mainerd;37029;30496;102.656285;1;86;0;86;100
graphdraw-opmanager;37029;54717;178.181738;1;421;0;421;100
gsvm2rl11;37029;35640.343493;0;2;347;0;347;96.67
gsvm2rl12;37029;50;0;2;569;0;569;100
gsvm2rl3;37029;0.6;0;2;3;0;3;78.29
gsvm2rl5;37029;10;0;2;10;0;10;84.4
gsvm2rl9;37029;16356.825869;0;2;56;0;56;100
gt2;37029;13460.233074;0.728107;1;0;0;0;100
h50x2450;37029;11147.731511;3.696751;1;33;0;33;100
h80x6320;37029;3700;0;1;24;0;24;0
h80x6320d;37029;5325.160104;2.515625;1;39;0;39;100
hanoi5;37029;1931;324;4;151;0;151;100
haprp;37029;3665963.213506;96.940858;1;4;0;4;100
harp2;37029;-74353341.5023;5.485338;1;6;0;6;100
hgms-det;37029;-53824.391476;32.676364;1;228;0;228;100
hgms30;37029;-53349.215497;60.694272;1;9099;0;9099;100
hgms62;37029;-53416.649907;61.317531;1;26943;0;26943;100
hypothyroid-k1;37029;-2902.852586;39.591978;1;7321;2;7323;100
ic97_potential;37029;4060;54.466667;2;4;0;4;100
ic97_tension;37029;3911;15.366667;2;2;0;2;100
icir97_potential;37029;6620;169.333333;2;43;0;43;100
icir97_tension;37029;6302;97.366667;2;4;0;4;100
iis-100-0-cov;37029;41;0;3;110;0;110;41.38
iis-bupa-cov;37029;49;0;3;156;0;156;36.11
iis-glass-cov;37029;28;0;3;119;1;120;33.33
iis-hc-cov;37029;22;0;3;176;2;178;29.41
iis-pima-cov;37029;41;0;3;201;1;202;24.24
irp;37029;12123.530222;6;1;77;0;77;100
istanbul-no-cutoff;37029;51.11;3.607411;1;443;0;443;100
ivu06-big;37029;135.427718;95.799872;1;55220;43;55263;100
ivu06;37029;135.901353;97.120377;1;15727;15;15742;100
ivu52;37029;480.250439;83.13028;1;7055;3;7058;100
ivu59;37029;884.456993;122.834601;1;106708;59;106767;100
janos-us-DDM;37029;1488134.75;22.375;1;5;0;5;100
k16x240;37029;11359;0;2;0;0;0;6.42
k16x240b;37029;12874;0;2;0;0;0;13
k1mushroom;37029;-4165.061224;43.877551;1;17047;7;17054;100
k1mushroomi;37029;-4208;0;1;199;7;206;0
khb05250;37029;126785464;0;2;1;0;1;18.56
l2p12;37029;2;1084.341227;1;382;0;382;100
l2p1i;37029;1;186.848182;1;865;7;872;100
l2p2i;37029;1;9.888081;1;57;1;58;100
lectsched-1-obj;37029;0;5.975758;2;271;3;274;100
lectsched-1;37029;0;3.151515;2;227;3;230;100
lectsched-2;37029;0;17.32803;5;124;3;127;100
lectsched-3;37029;0;25.257576;6;262;5;267;100
lectsched-4-obj;37029;0;12.074242;4;65;1;66;100
lectsched-5-obj;37029;0;4.117424;2;195;2;197;100
leo1;37029;1181219706.24;0;3;82;1;83;100
leo2;37029;1344214233.44;0;3;179;2;181;100
liu;37029;346;10.938399;2;8;0;8;100
loopha13;37029;6.279;1.10216;2;227;0;227;100
lotsize;37029;1335747.052789;7.405615;2;6;0;6;100
lr1dr02vc05v8a-t360;37029;120706.326475;174.298112;1;965;0;965;100
lr1dr04vc05v17a-t360;37029;247111.69248;335.090553;1;2057;1;2058;100
lr1dr12vc10v70b-t360;37029;983950.247945;1069.593454;1;42994;5;42999;100
lr2-22dr3-333vc4v17a-t60;37029;-72838.215835;239.748662;2;36257;9;36266;100
lrn;37029;42701141.648089;65.099086;2;508;0;508;100
m100n500k4r1;37029;-20;0;3;7;0;7;20
macrophage;37029;0;339;1;32;0;32;100
mad;37029;0;3.084841;1;1;0;1;100
manna81;37029;-11868;0;3;40;0;40;9.85
map06;37029;-406.181173;7.868443;1;2455;0;2455;100
map10;37029;-602.176181;11.248146;1;2401;0;2401;100
map14;37029;-778.549324;11.962355;1;2163;0;2163;100
map14860-20;37029;-998.836419;10.400693;1;2632;0;2632;100
map16715-04;37029;-296.267898;4.997036;1;2341;0;2341;100
map18;37029;-932.782685;11.173489;1;4142;0;4142;100
map20;37029;-998.836419;10.400693;1;2682;0;2682;100
mappingmesh3x3mpeg2i;37029;87.555556;87.202393;1;32;0;32;100
mario-t-hard5i;37029;-4482;10.942559;1;1451;1;1452;100
markshare1;37029;230;0;2;0;0;0;100
markshare2;37029;454;0;2;0;0;0;100
markshare_4_0;37029;226;0;2;0;0;0;100
markshare_5_0;37029;337;0;2;0;0;0;100
mas74;37029;10482.79528;3.103514;1;1;0;1;100
mas76;37029;38893.903641;2.555097;1;1;0;1;100
maxgasflow;37029;-70929535.9;647.128713;2;54;0;54;100
mc11;37029;13509;0;2;27;0;27;15.57
mc7;37029;5796;0;2;27;0;27;69.62
mc8;37029;1929;0;2;27;0;27;23.18
mcsched;37029;193774.753707;340.221655;1;125;0;125;100
methanosarcina;37029;0;313;1;97;0;97;100
mik-250-1-100-1;37029;0;0;2;2;0;2;100
mik-250-20-75-1;37029;0;0;2;3;0;3;100
mik-250-20-75-2;37029;0;0;2;3;0;3;100
mik-250-20-75-3;37029;0;0;2;3;0;3;100
mik-250-20-75-4;37029;0;0;2;3;0;3;100
mik-250-20-75-5;37029;0;0;2;3;0;3;100
milo-v12-6-r1-58-1;37029;410986.648167;146.256423;1;156;0;156;100
milo-v12-6-r1-75-1;37029;669700.757896;230.843427;1;173;0;173;100
milo-v12-6-r2-40-1;37029;205532.322265;97.799498;1;63;0;63;100
milo-v13-4-3d-3-0;37029;23359.288017;1.476277;1;11;0;11;100
milo-v13-4-3d-4-0;37029;34031.171805;2.550972;1;19;0;19;100
mine-166-5;37029;-821763677.673139;187.331384;1;192;0;192;100
mine-90-10;37029;-887165318.510226;202.375368;1;163;0;163;100
mining;37029;-880498833.080716;8459.469134;117;106542;1505;108047;100
minutedispatchstrategy;37029;1898.391429;412.137934;2;1143;1;1144;100
misc07;37029;1415;8;1;2;0;2;100
mitre;37029;114740.518481;224.156743;1;106;0;106;100
mkc;37029;-581.85;16.208843;3;33;0;33;100
mkc1;37029;-611.85;3.942199;3;33;0;33;100
mod010;37029;6532.083333;14.166667;1;14;0;14;100
modglob;37029;20786787.016883;0;2;1;0;1;0.22
moj-mining;37029;-1520532907.35018;566.626558;2;46804;0;46804;100
momentum1;37029;134660.011921;48.045264;2;1167;0;1167;100
momentum2;37029;61266.821316;84.616225;3;803;1;804;100
momentum3;37029;107721.82427;144.721031;3;8550;0;8550;100
mrcpspj30-15-5i;37029;23;136.179484;1;46;0;46;100
mrcpspj30-17-10i;37029;25;28.677778;1;37;0;37;100
mrcpspj30-53-3i;37029;30;39.081217;1;37;0;37;100
msc98-ip;37029;19520966.151663;338.886443;2;4057;0;4057;100
mspp16;37029;341;1.241379;1;27472;0;27472;100
mspsphard01i;37029;16;0;1;46;0;46;0
mspsphard03i;37029;20;0;1;85;1;86;0
mtest4ma;37029;60342;0;2;2;0;2;15.71
mushroom-best;37029;1.3e-05;0.0192;1;315;0;315;100
mzzv11;37029;-22556.460829;174.328454;2;405;0;405;100
mzzv42z;37029;-18842.814586;198.473995;2;283;0;283;100
n13-3;37029;14401970;0;2;28;0;28;100
n15-3;37029;71710891;0;2;3287;0;3287;0
n2seq36f;37029;71600;0;3;40;1;41;37.16
n2seq36q;37029;103637.6;28.84;2;165;0;165;100
n3-3;37029;24003430;0;2;154;0;154;100
n3700;37029;1342560;0;2;26;0;26;9.36
n3705;37029;1342540;0;2;28;0;28;9.55
n3707;37029;1301218;0;2;28;0;28;9.65
n3709;37029;1324904;0;2;29;0;29;9.68
n370a;37029;1353042;0;2;34;0;34;0
n370b;37029;1373791;0;2;31;0;31;11.06
n3div36;37029;174200;0;3;153;4;157;33.18
n3seq24;37029;209033.068485;51.670786;3;2923;4;2927;100
n4-3;37029;13501875;0;2;50;0;50;100
n5-3;37029;12301325;0;2;16;0;16;100
n6-3;37029;16502900;0;2;39;0;39;100
n7-3;37029;14704310;0;2;42;0;42;100
n9-3;37029;21603625;0;2;141;0;141;100
nag;37029;465;14.734996;3;50;0;50;100
neos-1061020;37029;-145860.370608;501.179054;1;1037;0;1037;100
neos-1067731;37029;669053;81.272727;1;490;0;490;100
neos-1109824;37029;278;22;1;56;0;56;100
neos-1112782;37029;22000000110147.3;0;2;22;0;22;100
neos-1112787;37029;19500000125389.7;0;2;25;0;25;100
neos-1122047;37029;162.181757;1.265657;2;459;0;459;100
neos-1171448;37029;-309;0.936995;2;81;0;81;100
neos-1171692;37029;-273;3.730892;2;44;0;44;100
neos-1171737;37029;-195;8.004699;2;40;0;40;100
neos-1225589;37029;5e+09;0;2;1;0;1;100
neos-1311124;37029;-182;5;2;3;0;3;100
neos-1324574;37029;4.5;144;1;37;0;37;100
neos-1330346;37029;4.5;76.5;1;127;0;127;100
neos-1337307;37029;-201272;272.493985;2;50;0;50;100
neos-1354092;37029;46;238.398385;2;1101;0;1101;100
neos-1367061;37029;31320456.264497;4.625;2;2125;0;2125;100
neos-1396125;37029;3000.053717;12.531496;2;7;0;7;100
neos-1420546;37029;22124.4;103.140678;1;389;0;389;100
neos-1420790;37029;2942.750002;75.132359;1;47;0;47;100
neos-1423785;37029;-1816.666667;311.9714;1;228;0;228;100
neos-1425699;37029;3175204364.6353;5.264952;1;0;0;0;100
neos-1426635;37029;-178;6.429182;2;2;0;2;100
neos-1426662;37029;-52;10.501303;2;4;0;4;100
neos-1429212;37029;30;702.979352;1;5766;3;5769;100
neos-1430701;37029;-78;6.669599;2;2;0;2;100
neos-1436709;37029;-129;3.502607;2;3;0;3;100
neos-1440225;37029;36;32.95203;1;117;0;117;100
neos-1440460;37029;-180;4.85975;2;2;0;2;100
neos-1442119;37029;-182;2.580471;2;3;0;3;100
neos-1442657;37029;-156;4.002933;2;2;0;2;100
neos-1445532;37029;-22860;8.21746;2;85;0;85;100
neos-1445738;37029;-24232.548846;16.549339;1;138;0;138;100
neos-1445743;37029;-24579.832968;16.952539;1;163;0;163;100
neos-1445765;37029;-24699.19766;17.463301;1;152;0;152;100
neos-1456979;37029;154;8.434222;1;38;0;38;100
neos-1516309;37029;34769.833333;9.166667;2;28;0;28;100
neos-1582420;37029;88.469527;56.693409;5;85;0;85;100
neos-1593097;37029;4424;55.795872;1;132;1;133;100
neos-1599274;37029;32194.742857;6.464286;3;48;0;48;100
neos-1601936;37029;1;160.240666;1;753;0;753;100
neos-1603965;37029;619244367.662955;0.000913;1;610;0;610;100
neos-1605061;37029;6.150735;155.194245;1;2220;0;2220;100
neos-1605075;37029;3.214461;172.430143;1;1851;0;1851;100
neos-1616732;37029;174;0;3;5;0;5;9.43
neos-1620770;37029;22;35;2;33;0;33;100
neos-2294525-abba;37029;156.177251;16.374339;1;77;0;77;100
neos-2328163-agri;37029;26069;48.333333;1;58;0;58;100
neos-2624317-amur;37029;0;24.102739;1;2;0;2;100
neos-2629914-sudost;37029;39622;6.805742;1;238;0;238;100
neos-2652786-brda;37029;0;23.382167;2;1;0;1;100
neos-2657525-crna;37029;0;28.348834;2;1;0;1;100
neos-2669500-cust;37029;2221.9;230.19862;2;912;3;915;100
neos-2746589-doon;37029;1985.75;129.965898;2;296;1;297;100
neos-2974461-ibar;37029;473452396.770997;3364;2;217691;16;217707;100
neos-2978193-inde;37029;-2.418518;7.4;1;67;0;67;100
neos-2978205-isar;37029;-12.415307;28.8;1;209;0;209;100
neos-2987202-jeir;37029;-1847551552.23661;1035.632796;2;66656;1;66657;100
neos-2987310-joes;37029;-610797465.676974;19.875;2;1126;0;1126;100
neos-2991472-kalu;37029;441.200405;3.938339;5;4395;2;4397;100
neos-3004026-krka;37029;0;832;1;54;0;54;100
neos-3009394-lami;37029;0.642857;216.285714;1;4;0;4;100
neos-3024952-loue;37029;22882;103.3;1;273;0;273;100
neos-3025225-shelon;37029;0.052574;323.690533;1;99352;12;99364;100
neos-3046601-motu;37029;185;0.4492;1;1;0;1;100
neos-3046615-murg;37029;192;0.3458;1;1;0;1;100
neos-3048764-nadi;37029;-3883988306.36669;0;2;42;0;42;0
neos-3065804-namu;37029;0;0;1;219;0;219;0
neos-3068746-nene;37029;77427529.530929;55.412658;2;134;0;134;100
neos-3072252-nete;37029;10593526;1.938794;2;1;0;1;100
neos-3075395-nile;37029;54.924463;0.00048;1;168;0;168;100
neos-3083784-nive;37029;0;12;1;27;0;27;100
neos-3083819-nubu;37029;6290575.552807;13.541087;1;46;0;46;100
neos-3116779-oban;37029;0;0;1;23;0;23;0
neos-3118745-obra;37029;357;0;2;3;0;3;40
neos-3148108-pahi;37029;0;0;1;268;1;269;0
neos-3209462-rhin;37029;0;49.45122;2;4289;1;4290;100
neos-3209519-ruhr;37029;332.85;25.900482;1;59;0;59;100
neos-3214367-sovi;37029;87802.732596;100.08443;1;1883;0;1883;100
neos-3216931-puriri;37029;58817.353066;51.40019;1;1182;0;1182;100
neos-3226448-wkra;37029;0;512.043709;1;799;0;799;100
neos-3237086-abava;37029;0;96;1;272;0;272;100
neos-3322547-alsek;37029;616;115.178534;2;10365;28;10393;100
neos-3352863-ancoa;37029;495300;0;2;819;7;826;100
neos-3354841-apure;37029;48447.926267;4.407066;1;2760;2;2762;100
neos-3355120-tarago;37029;-20453473.616781;80.899969;1;649;0;649;100
neos-3355323-arnon;37029;0;33.818182;4;89;2;91;100
neos-3372571-onahau;37029;0.57699;8.695953;2;1734;0;1734;100
neos-3373491-avoca;37029;21687686014.0154;26.555947;1;7;0;7;100
neos-3381206-awhea;37029;432;61.334767;2;6;0;6;100
neos-3402294-bobin;37029;0;39.298587;1;1051;2;1053;100
neos-3426085-ticino;37029;235;41.78747;3;32;0;32;100
neos-3426132-dieze;37029;427;103.670666;2;56;0;56;100
neos-3437289-erdre;37029;0;0;1;81;1;82;0
neos-3530903-gauja;37029;170;33.253136;3;4;0;4;100
neos-3530905-gaula;37029;153;29.042208;2;4;0;4;100
neos-3555904-turama;37029;-41.45;29;1;885;0;885;100
neos-3572885-glina;37029;0;0;1;372;2;374;0
neos-3581454-haast;37029;1640;52;1;101;0;101;100
neos-3592146-hawea;37029;7237144.855333;13.694653;1;42;0;42;100
neos-3594536-henty;37029;383205;2498;1;140;1;141;100
neos-3603137-hoteo;37029;0;38.166667;3;44;0;44;100
neos-3610040-iskar;37029;46;0;2;3;0;3;24.32
neos-3610051-istra;37029;64;0;2;10;0;10;30.61
neos-3610173-itata;37029;180;0;2;7;0;7;21.62
neos-3611447-jijia;37029;129;0;2;3;0;3;20.56
neos-3611689-kaihu;37029;151;0;2;3;0;3;26.89
neos-3615091-sutlej;37029;-1506391.117177;170;1;1887;4;1891;100
neos-3627168-kasai;37029;1020229.4;0;2;4;0;4;3.2
neos-3634244-kauru;37029;0;152.72;1;4621;6;4627;100
neos-3636886-kereu;37029;4092.95754;2e-05;2;58;0;58;100
neos-3656078-kumeu;37029;-18774.7;92.164195;2;183;0;183;100
neos-3660371-kurow;37029;286.534383;17.739294;1;36;0;36;100
neos-3661949-lesse;37029;688975700;0.00026;2;50;0;50;100
neos-3665875-lesum;37029;248.325;41.380444;2;65;0;65;100
neos-3682128-sandon;37029;79915933.274829;141.641588;2;265;0;265;100
neos-3691541-lonja;37029;-0.079271;1.110009;2;42;0;42;100
neos-3695882-vesdre;37029;-145935.214286;38.466278;1;531;0;531;100
neos-3696678-lyvia;37029;5.599133;305.182559;2;51;0;51;100
neos-3699377-maori;37029;135877.224265;86.475608;2;98;0;98;100
neos-3703351-marne;37029;317056.210386;71.850613;2;52;0;52;100
neos-3740487-motru;37029;152.145486;225.379322;2;40406;24;40430;100
neos-3754480-nidda;37029;-1216923.270104;12.186832;1;3;0;3;100
neos-3755335-nizao;37029;50.030157;76.942384;2;543;0;543;100
neos-3759587-noosa;37029;48.334468;2.274444;2;338;0;338;100
neos-3761878-oglio;37029;422769.022545;74.732087;2;43;0;43;100
neos-3762025-ognon;37029;603955.746492;53.791954;2;34;0;34;100
neos-4165869-wannon;37029;282.410166;126.294292;3;477;1;478;100
neos-4260495-otere;37029;3336.109119;244.496957;2;795;6;801;100
neos-4264598-oueme;37029;4322420655.77198;2999.342361;241;3891;111;4002;100
neos-4285819-pedja;37029;9.198008;18.083988;2;128568;48;128616;100
neos-4290317-perth;37029;6352398.05574;0;2;652;1;653;100
neos-4292145-piako;37029;203285265.067233;3216.29981;241;3551;112;3663;100
neos-4295773-pissa;37029;0;3220.505376;1;5398;2;5400;100
neos-4300652-rahue;37029;0;52.333333;2;694;1;695;100
neos-4306827-ravan;37029;-35696.901913;771.837676;2;1152;7;1159;100
neos-4321076-ruwer;37029;1880.558333;39.333333;1;15393;1;15394;100
neos-4322846-ryton;37029;0.419848;25.388427;1;527;2;529;100
neos-4332801-seret;37029;222328.384492;5750.571985;4;121400;1397;122797;100
neos-4332810-sesia;37029;-33455.127882;4060.356957;11;123571;2957;126528;100
neos-4333464-siret;37029;24.731464;0.125;2;58;0;58;100
neos-4333596-skien;37029;-14653956.91493;0.180763;1;16;0;16;100
neos-4335793-snake;37029;0;300.868689;2;1040;1;1041;100
neos-4338804-snowy;37029;1447;0.3136;3;7;0;7;100
neos-4343293-stony;37029;51.62736;0.5;2;73;0;73;100
neos-4355351-swalm;37029;33.822611;0.094819;2;177;0;177;100
neos-4358725-tagus;37029;6199.400001;197.672071;73;714;10;724;100
neos-4359986-taipa;37029;0.296593;39.671142;1;1545;2;1547;100
neos-4360552-sangro;37029;-29.5;572.086779;1;10468;0;10468;100
neos-4387871-tavua;37029;36.445048;0.2;2;73;0;73;100
neos-4391920-timok;37029;9e-06;37.747142;1;7136;1;7137;100
neos-4393408-tinui;37029;340.267489;0.2;2;46;0;46;100
neos-4408804-prosna;37029;914.483516;66.321429;1;2961;0;2961;100
neos-4409277-trave;37029;0;347.723278;1;2298;0;2298;100
neos-4413714-turia;37029;43.474651;370.587709;1;2022;5;2027;100
neos-4532248-waihi;37029;0;26.808725;1;718;2;720;100
neos-4533806-waima;37029;3063.318841;99;1;1204;2;1206;100
neos-4545615-waita;37029;3606.59419;108.263827;1;15297;12;15309;100
neos-4555749-wards;37029;3026.812121;70;1;930;3;933;100
neos-4562542-watut;37029;3743.304348;85.428571;1;2987;3;2990;100
neos-4647027-thurso;37029;26911.641616;127.083433;1;2531;0;2531;100
neos-4647030-tutaki;37029;26911.641616;130.175014;1;2748;0;2748;100
neos-4647032-veleka;37029;26587.908699;174.815461;1;3857;0;3857;100
neos-4650160-yukon;37029;-22688.54768;228.864;1;4;0;4;100
neos-4722843-widden;37029;1841.255082;1452.768981;2;436;2;438;100
neos-4724674-aorere;37029;3758.753179;59.078997;3;470;4;474;100
neos-4736745-arroux;37029;653873224.676537;1.560199;2;51;0;51;100
neos-4738912-atrato;37029;617323325.173629;52.400465;2;45;0;45;100
neos-4754521-awarau;37029;0;0;1;1144;6;1150;0
neos-4760493-puerua;37029;1908.243695;237.071976;1;40839;1;40840;100
neos-476283;37029;406.244708;4.622056;2;4450;0;4450;100
neos-4763324-toguru;37029;1120.986062;232.945926;1;32810;1;32811;100
neos-4797081-pakoka;37029;0;821.218711;1;4769;0;4769;100
neos-4805882-barwon;37029;1603.90283;209.539059;1;223;0;223;100
neos-480878;37029;515.138796;1.008444;2;16;0;16;100
neos-4954274-beardy;37029;18659.208282;301.285291;2;920;0;920;100
neos-4954672-berkel;37029;3733961;4.007059;2;5;0;5;100
neos-4966258-blicks;37029;354.545455;449.137117;3;1443;2;1445;100
neos-4971100-bodrog;37029;0;0;2;73;0;73;100
neos-4972437-bojana;37029;355.557128;29.484099;2;8938;1;8939;100
neos-4972461-bolong;37029;465.045599;63.71069;2;5683;1;5684;100
neos-4976951-bunnoo;37029;375.694372;27.122883;2;5817;1;5818;100
neos-4984115-canche;37029;-10414620.716097;6.967648;1;18566;0;18566;100
neos-498623;37029;16;43.578586;1;141;0;141;100
neos-5013590-toitoi;37029;1064.447092;169;1;12148;1;12149;100
neos-5018451-chiese;37029;-149772385.216405;18.530618;1;63374;1;63375;100
neos-503737;37029;50;47.555718;1;36;0;36;100
neos-5041822-cockle;37029;5696053.417116;2.418448;3;2635;9;2644;100
neos-5044663-wairoa;37029;4653100;578.73613;1;23657;1;23658;100
neos-5045105-creuse;37029;19.06667;19.669391;1;87;0;87;100
neos-5049753-cuanza;37029;464;69.6;3;2542;1;2543;100
neos-5051588-culgoa;37029;128.75;32.57449;1;124;0;124;100
neos-5052403-cygnet;37029;225.7871;83.839163;9;36704;9;36713;100
neos-506422;37029;0;6.6;1;38;0;38;100
neos-506428;37029;145945;95.648936;1;532;0;532;100
neos-5075914-elvire;37029;277.341888;1.484053;2;47;0;47;100
neos-5076235-embley;37029;1930;0.115385;2;835;0;835;100
neos-5078479-escaut;37029;7280.474567;0.468278;2;43;0;43;100
neos-5079731-flyers;37029;2004;1.087912;2;905;0;905;100
neos-5083528-gimone;37029;0;20.875;1;264;1;265;100
neos-5093327-huahum;37029;3934;1.841667;2;773;0;773;100
neos-5100895-inster;37029;2084;3.582418;2;566;0;566;100
neos-5102383-irwell;37029;1740;2.483516;2;977;0;977;100
neos-5104907-jarama;37029;639.917149;47.86104;2;9488;2;9490;100
neos-5106984-jizera;37029;721;3.5;2;3880;1;3881;100
neos-5107597-kakapo;37029;0;0.59125;2;40;0;40;100
neos-5108386-kalang;37029;620.501637;53.159082;2;14543;2;14545;100
neos-5114902-kasavu;37029;518;141.333333;3;13110;3;13113;100
neos-5115478-kaveri;37029;0;0.529375;2;47;0;47;100
neos-5116085-kenana;37029;452;142;3;5741;2;5743;100
neos-5118834-korana;37029;569.216333;121.434394;2;9819;2;9821;100
neos-5118851-kowhai;37029;1134;5.86;2;5584;2;5586;100
neos-5123665-limmat;37029;652.42743;72.359737;2;17534;2;17536;100
neos-5125849-lopori;37029;0;51.956886;1;42;0;42;100
neos-5129192-manaia;37029;0;10;1;3909;5;3914;100
neos-5138690-middle;37029;605.364996;107.846299;2;16811;2;16813;100
neos-5140963-mincio;37029;8877;2.142857;1;1;0;1;100
neos-5149806-wieprz;37029;0.027694;5.467604;3;476;5;481;100
neos-5151569-mologa;37029;686023627.750363;27.702234;2;2327;1;2328;100
neos-5178119-nalagi;37029;8.569859;18.674756;2;111;0;111;100
neos-5182409-nasivi;37029;0;18.341185;1;8;0;8;100
neos-5188808-nattai;37029;0;10.715654;1;508;0;508;100
neos-5189128-totara;37029;330131.390743;21.863581;1;942;0;942;100
neos-5192052-neckar;37029;-11980000;0.333333;3;0;0;0;100
neos-5193246-nerang;37029;0;707.729862;1;1032;0;1032;100
neos-5195221-niemur;37029;0;722.524895;1;847;0;847;100
neos-5196530-nuhaka;37029;0;698.361784;1;705;0;705;100
neos-520729;37029;-1391291.666667;7.783333;1;589;0;589;100
neos-5221106-oparau;37029;0;51.816243;1;285;0;285;100
neos-5223573-tarwin;37029;0.1058;0.258185;1;15343;1;15344;100
neos-5251015-ogosta;37029;0.1058;0.226665;1;11972;0;11972;100
neos-525149;37029;60;12.153846;1;321;0;321;100
neos-5260764-orauea;37029;58748.022532;10.633838;1;64;0;64;100
neos-5261882-treska;37029;22721.328;7.770659;1;14;0;14;100
neos-5266653-tugela;37029;20969.906674;15.508215;1;149;0;149;100
neos-5273874-yomtsa;37029;0;0.2152;1;14373;0;14373;100
neos-555001;37029;910619.201473;185.329242;1;39;0;39;100
neos-555343;37029;1241512.54944;273.503416;1;36;0;36;100
neos-555424;37029;1196312.54944;237.883186;1;36;0;36;100
neos-555884;37029;1026121.836055;271.3209;1;42;0;42;100
neos-565672;37029;43884.639336;66.477422;3;16998;6;17004;100
neos-574665;37029;4948073.456141;10.746401;1;38;0;38;100
neos-578379;37029;0;134.076115;1;1364;1;1365;100
neos-585192;37029;-1999690.155301;98.986682;2;214;0;214;100
neos-585467;37029;-1999711.795869;82.239088;2;23;0;23;100
neos-595904;37029;61134.474995;16.114622;2;62;0;62;100
neos-619167;37029;1.481241;35.984608;1;123;0;123;100
neos-631517;37029;6494999.999936;64.357845;1;9;0;9;100
neos-631710;37029;515;243.082736;2;6000;7;6007;100
neos-633273;37029;4678552871.15256;377.739286;1;195;0;195;100
neos-662469;37029;184340.629649;94.654114;1;447;0;447;100
neos-686190;37029;5134.81383;17.515957;1;112;0;112;100
neos-691058;37029;234;83.756531;1;217;0;217;100
neos-693347;37029;234;78.950927;1;733;0;733;100
neos-738098;37029;-1099;222.818437;1;127;0;127;100
neos-777800;37029;-80;67.656924;1;44;0;44;100
neos-780889;37029;3421500;0;1;622;9;631;0
neos-787933;37029;300;0;2;232;13;245;100
neos-799711;37029;-11228065.153797;0.946665;1;1237;0;1237;100
neos-799716;37029;4932670.661692;0.575059;1;129;0;129;100
neos-807639;37029;492.688889;1.37037;2;10;0;10;100
neos-820879;37029;24874.267857;62.867619;1;93;0;93;100
neos-824661;37029;65;60.642857;2;248;0;248;100
neos-824695;37029;62;33.8;2;92;0;92;100
neos-826224;37029;153;70;2;214;0;214;100
neos-826650;37029;32;109.347222;2;46;0;46;100
neos-826694;37029;84;92.333333;2;95;0;95;100
neos-826812;37029;86.011;151.137255;2;110;0;110;100
neos-826841;37029;32.0082;110.679849;2;42;0;42;100
neos-827015;37029;2.098071;332.649497;1;1792;2;1794;100
neos-827175;37029;121.00152;83.555556;2;168;0;168;100
neos-829552;37029;2.098071;250.649497;1;1650;1;1651;100
neos-831188;37029;1.76772;215.733333;1;73;0;73;100
neos-847302;37029;0;51.325978;1;65;0;65;100
neos-848198;37029;168781;0;2;204;0;204;100
neos-848589;37029;0;0.075873;1;1503;1;1504;100
neos-849702;37029;0;88.550656;1;27;0;27;100
neos-850681;37029;2087;55.075614;1;169;0;169;100
neos-860300;37029;1666.068586;9;1;51;0;51;100
neos-872648;37029;52.674788;0;2;1394;6;1400;8.37
neos-873061;37029;152.429202;0;2;1248;6;1254;34.11
neos-876808;37029;10030.533833;259.649605;2;6269;3;6272;100
neos-885086;37029;-243;13.945733;2;181;0;181;100
neos-885524;37029;11771.55529;9.581376;2;148;2;150;100
neos-911880;37029;23.26;17.220292;1;2;0;2;100
neos-911970;37029;23.26;20.048919;1;2;0;2;100
neos-913984;37029;1000;37.312893;1;154;1;155;100
neos-914441;37029;5660364.28377;78.177859;1;1721;0;1721;100
neos-916792;37029;26.203596;16.256328;2;84;0;84;100
neos-932721;37029;513000;0;4;103;3;106;100
neos-932816;37029;513000;0;3;209;6;215;100
neos-933562;37029;0;237.810567;1;52;0;52;100
neos-933638;37029;444022;0;3;202;4;206;100
neos-933966;37029;450019;0;3;153;3;156;100
neos-934278;37029;446011;0;3;302;2;304;100
neos-935234;37029;420082;0;3;327;1;328;100
neos-935627;37029;23250;0;3;349;1;350;100
neos-935769;37029;23430;0;3;376;1;377;100
neos-937511;37029;53020;0;3;461;1;462;100
neos-937815;37029;53700;0;3;478;1;479;100
neos-941262;37029;52113;0;3;355;1;356;100
neos-941313;37029;9431.37037;215.962963;2;590;5;595;100
neos-942830;37029;12;68.088474;1;31;0;31;100
neos-948126;37029;51842;0;3;401;1;402;100
neos-948346;37029;-76.259687;4.145726;4;542;3;545;100
neos-950242;37029;2;94;2;123;0;123;100
neos-953928;37029;-97.806667;0;4;252;3;255;2.1
neos-954925;37029;-221.766667;0;5;1075;18;1093;6.73
neos-956971;37029;-71.74;2.884533;3;794;2;796;100
neos-957143;37029;-175.669492;48.100823;4;488;2;490;100
neos-957323;37029;-186.828617;24.255853;3;346;2;348;100
neos-957389;37029;1.5;37.849369;1;106;0;106;100
neos-960392;37029;-238;290.178312;1;244;1;245;100
neos-983171;37029;52602;0;3;406;1;407;100
neos-984165;37029;52002;0;3;441;1;442;100
neos13;37029;-126.178378;42.587671;3;223;0;223;100
neos15;37029;144796.909577;0;2;1;0;1;79.65
neos16;37029;429;14.5;2;3;0;3;100
neos17;37029;0.222688;0;2;6;0;6;48.46
neos18;37029;11;56.166667;3;71;0;71;100
neos2;37029;-4717.666848;6.724359;1;7;0;7;100
neos22;37029;413700;227;1;42;0;42;100
neos5;37029;17.25;0;2;1;0;1;15
neos6;37029;116.604289;27.902196;4;107;0;107;100
neos8;37029;-2885.143864;22.041691;3;757;1;758;100
neos808444;37029;0;213.399502;1;275;0;275;100
neos9;37029;780;44.25;1;316;0;316;100
net12;37029;47.514236;175.350347;3;839;0;839;100
netdiversion;37029;455.8;769.6;2;8462;4;8466;100
newdano;37029;11.724138;8.447296;1;2;0;2;100
nexp-150-20-1-5;37029;84;0;2;34;0;34;27.27
nexp-150-20-8-5;37029;600;0;2;81;1;82;100
nexp-50-20-1-1;37029;34;0;2;1;0;1;17.24
nexp-50-20-4-2;37029;120;0;2;3;0;3;69.01
nh97_potential;37029;1462;73.2;2;5;0;5;100
nh97_tension;37029;1438;81.583333;2;2;0;2;100
nj1;37029;0;607;1;528;1;529;100
nj2;37029;0;607;1;657;1;658;100
nj3;37029;0;607;1;68788;1;68789;100
nobel-eu-DBE;37029;7426411.5;1.365;2;92;0;92;100
noswot;37029;-9;0;2;1;0;1;78.05
ns1111636;37029;96.25;19.25;1;610;1;611;100
ns1116954;37029;0;155.073174;1;894;0;894;100
ns1208400;37029;0;93.553865;1;72;0;72;100
ns1430538;37029;73.621609;9.970024;1;565;0;565;100
ns1456591;37029;361.939022;19;1;119;0;119;100
ns1606230;37029;13.225;179.971152;1;1796;0;1796;100
ns1631475;37029;817.193748;716.662243;1;1374;0;1374;100
ns1663818;37029;1;9.141146;1;5934;3;5937;100
ns1679495;37029;3337055.001914;100.246101;2;49764;2;49766;100
ns1685374;37029;-51.800913;96.218654;1;53339;1;53340;100
ns1688347;37029;2;7.363183;1;53;0;53;100
ns1690781;37029;-1022.785697;17.664172;2;190;0;190;100
ns1696083;37029;2;12.504268;1;173;0;173;100
ns1758913;37029;-1501.183256;121.987025;1;9834;0;9834;100
ns1760995;37029;-1379.173237;142;1;21356;1;21357;100
ns1778858;37029;-22635740;227.465047;2;307;0;307;100
ns1828997;37029;0;75;2;1188;1;1189;100
ns1830653;37029;6153;56.373873;1;137;0;137;100
ns1849932;37029;546;5.42577;1;1070;2;1072;100
ns1853823;37029;1172000;1386;2;54248;10;54258;100
ns1854840;37029;1.432e+11;1139.47326;2;6668;7;6675;100
ns1856153;37029;0;248.911984;1;155;0;155;100
ns1904248;37029;0;854.146124;14;2664;18;2682;100
ns1905797;37029;11.75098;19.65;1;213;0;213;100
ns1905800;37029;6.4366;16.364665;1;43;0;43;100
ns1952667;37029;0;10.112982;1;203;0;203;100
ns2017839;37029;77026281754033.4;1.017799;2;8324;0;8324;100
ns2034125;37029;0;796.623735;2;1926;0;1926;100
ns2071214;37029;0;2.208125;1;115;0;115;100
ns2081729;37029;4.6;1.04;2;4;0;4;100
ns2122698;37029;62785.622771;194.641858;1;595;0;595;100
ns2124243;37029;53998.333333;195.416667;1;474;1;475;100
ns2137859;37029;24629;42.075016;1;766;2;768;100
ns4-pr3;37029;36073;12;1;95;0;95;100
ns4-pr6;37029;29145.75;8.875;1;36;0;36;100
ns4-pr9;37029;35175;9;1;73;0;73;100
ns894236;37029;18;199.499882;2;332;0;332;100
ns894244;37029;16;342.075798;2;1184;0;1184;100
ns894786;37029;14;210.864769;2;1288;0;1288;100
ns894788;37029;7;91.946694;2;161;0;161;100
ns903616;37029;22;385.201946;2;994;0;994;100
nsa;37029;91.44794;7.482504;1;8;0;8;100
nsr8k;37029;17500809.511815;639.929911;1;8191;1;8192;100
nsrand-ipx;37029;646400;0;2;65;1;66;100
nu120-pr12;37029;38070;13.695833;1;42;0;42;100
nu120-pr3;37029;21306.442308;42.751022;1;121;0;121;100
nu120-pr9;37029;19062.5;28.652083;1;77;0;77;100
nu25-pr12;37029;52757.5;11.9;1;48;0;48;100
nu4-pr9;37029;35175;21.713333;1;72;0;72;100
nu60-pr9;37029;22850;28.383333;1;80;0;80;100
nucorsav;37029;29.0461;81.214406;2;59844;8;59852;100
nursesched-medium-hint03;37029;33.468485;460.316255;1;1255;0;1255;100
nursesched-medium04;37029;398;286.520833;2;862;1;863;100
nursesched-sprint-hidden09;37029;580.911765;177.875;2;375;0;375;100
nursesched-sprint-late03;37029;34.254806;178.177416;1;384;0;384;100
nursesched-sprint02;37029;170.416667;127.291667;2;220;0;220;100
nw04;37029;16310.666667;2;1;243;1;244;100
ofi;37029;6131846109.62063;1781.999298;135;9449;95;9544;100
ofi2;37029;6124829152.73116;3158.688481;133;6838;139;6977;100
oocsp-racks030e6cci;37029;0;0;1;213;2;215;0
opm2-z10-s2;37029;-19912;0;5;22861;9;22870;41.13
opm2-z10-s4;37029;-17801;0;5;25440;9;25449;46.49
opm2-z11-s8;37029;-24071;0;5;51538;12;51550;44.65
opm2-z12-s14;37029;-37765;0;6;112355;31;112386;41.26
opm2-z12-s7;37029;-38383;0;5;105670;18;105688;41.41
opm2-z12-s8;37029;-34399;0;6;112699;23;112722;41.24
opm2-z6-s1;37029;-2356;0;3;325;1;326;62.01
opm2-z7-s2;37029;-7107;0;5;800;2;802;30.87
opm2-z7-s8;37029;-6856;0;5;785;2;787;39.01
opm2-z8-s0;37029;-7776;0;4;3644;3;3647;50.71
opt1217;37029;-20.02139;8.22549;1;2;0;2;100
osorio-cta;37029;0;3.5e-05;1;56;0;56;100
p0201;37029;6875;20;1;1;0;1;100
p100x588b;37029;58977;0;2;1;0;1;23.18
p200x1188c;37029;15747;0;2;2;0;2;4.44
p2756;37029;2763;2.212891;2;6;0;6;100
p500x2988;37029;72594;0;2;27;0;27;1.06
p500x2988c;37029;17212;0;2;31;0;31;13.13
p500x2988d;37029;6;0;2;27;0;27;0
p6b;37029;-53;0;3;37;0;37;15.87
p80x400b;37029;45896;0;2;1;0;1;15.7
pb-fit2d;37029;-22372.476239;842.898884;1;7083;4;7087;100
pb-gfrd-pnc;37029;8316.011268;30.700616;1;128;0;128;100
pb-grow22;37029;-449681.200587;122.632175;1;409;0;409;100
pb-market-split8-70-4;37029;0;2.197219;1;1;0;1;100
pb-simp-nonunif;37029;6;513.5;2;3714;21;3735;100
peg-solitaire-a3;37029;1;289.311002;1;357;0;357;100
pg;37029;-11098.657382;17.215049;2;4;0;4;100
pg5_34;37029;-16012.248077;18.476238;2;5;0;5;100
physiciansched3-3;37029;2432694.766159;1308.126367;17;55666;32;55698;100
physiciansched3-4;37029;1124678.224456;1173.049171;9;35871;14;35885;100
physiciansched5-3;37029;5180;1133.735241;4;1185;2;1187;100
physiciansched6-1;37029;7500;799.143056;2;706;4;710;100
physiciansched6-2;37029;43012.5;744.696528;2;610;4;614;100
pigeon-08;37029;-8000;8.25974;1;2;0;2;100
pigeon-10;37029;-10000;13.559596;1;2;0;2;100
pigeon-11;37029;-11000;16.690909;1;2;0;2;100
pigeon-12;37029;-12000;21.818182;1;3;0;3;100
pigeon-13;37029;-13000;24;1;3;0;3;100
pigeon-16;37029;-16000;74.018182;1;6;0;6;100
pigeon-19;37029;-19000;59.036364;1;32;0;32;100
pigeon-20;37029;-20000;62.509091;1;31;0;31;100
piperout-03;37029;68814.99759;424.596014;17;363;6;369;100
piperout-08;37029;99128.924471;558.127794;17;280;4;284;100
piperout-27;37029;6970;1154.464464;12;556;4;560;100
piperout-d20;37029;25533.842105;676.796097;2;1048;1;1049;100
piperout-d27;37029;7083.116279;1022.542306;2;1294;1;1295;100
pk1;37029;0;2.791536;1;0;0;0;100
polygonpack3-15;37029;-96519350.40932;31.158333;3;1385;1;1386;100
polygonpack4-10;37029;-93676953.4701;20.073813;3;445;0;445;100
polygonpack4-15;37029;-114052801.79086;42.642788;3;1516;1;1517;100
polygonpack4-7;37029;-75324958.8742;9.351219;3;224;0;224;100
polygonpack5-15;37029;-42382234.50354;24.00431;3;1615;1;1616;100
pp08a;37029;15000;0;2;0;0;0;100
pp08aCUTS;37029;16630.402442;0;2;2;0;2;100
probportfolio;37029;5;15.184084;2;2;0;2;100
prod1;37029;-100;6.72495;2;1;0;1;100
prod2;37029;-100;4.433874;2;1;0;1;100
proteindesign121hz512p19;37029;3197.772133;67.38213;1;17546;49;17595;100
proteindesign121hz512p9;37029;1423.904449;61.920249;1;707;3;710;100
proteindesign121pgb11p9;37029;1173.710433;49.777201;1;584;3;587;100
proteindesign122trx11p8;37029;1720.461105;46.268597;1;573;2;575;100
protfold;37029;0;35;2;14;0;14;100
pw-myciel4;37029;0;51.865481;6;33;0;33;100
pythago7824;37029;0;580.777778;6;844;2;846;100
pythago7825;37029;0;586.777778;8;820;3;823;100
qap10;37029;332.566228;55;1;548;0;548;100
qiu;37029;1805.177143;0;2;5;0;5;100
qnet1;37029;98035.87;7.221868;2;23;0;23;100
qnet1_o;37029;96705.12;0;2;8;0;8;100
queens-30;37029;-30;0;3;223;2;225;25
r4l4-02-tree-bounds-50;37029;510876207;651.016667;2;53;0;53;100
r50x360;37029;2016;0;2;1;0;1;21.96
r80x800;37029;5520;0;2;1;0;1;3.53
radiationm18-12-05;37029;17554.5;196.264403;1;216;0;216;100
radiationm40-10-02;37029;155306.7;933.01825;1;1202;4;1206;100
rail01;37029;-92.0873;2555.841711;1;11471;3;11474;100
rail02;37029;-206.6102;3014.501667;1;131602;7;131609;100
rail03;37029;-920.273763;12441.976674;1;166475;22;166497;100
rail507;37029;216;0;3;752;11;763;24.14
railway_8_1_0;37029;397;59.076317;3;12;0;12;100
ramos3;37029;440;0;3;1532;1;1533;100
ran12x21;37029;4080;0;2;0;0;0;11.35
ran13x13;37029;3521;0;2;0;0;0;8.27
ran14x18-disj-8;37029;12451.012696;0;2;23;0;23;100
ran14x18;37029;4265;0;2;1;0;1;14.9
ran16x16;37029;4333;0;2;1;0;1;13.34
rd-rplusc-21;37029;100;4.122871;1;548;0;548;100
reblock115;37029;-39365983.337347;271.565472;1;204;0;204;100
reblock166;37029;-886882876.965829;382.279623;1;573;0;573;100
reblock354;37029;-39640995.765204;569.832903;3;978;1;979;100
reblock420;37029;-886535897.522137;986.979676;1;2614;1;2615;100
reblock67;37029;-39339910.923037;159.950504;1;64;0;64;100
rfds-4-days;37029;-1158940.978167;68.027009;1;72089;8;72097;100
rlp1;37029;13.244444;9.961905;1;1;0;1;100
rmatr100-p10;37029;360.593308;9.692735;1;227;0;227;100
rmatr100-p5;37029;762.040054;5;1;437;0;437;100
rmatr200-p10;37029;1550.620783;10;1;10728;0;10728;100
rmatr200-p20;37029;688.357943;19.982266;1;3505;0;3505;100
rmatr200-p5;37029;3283.653831;5;1;11041;0;11041;100
rmine10;37029;-1926.821009;886.351115;2;3976;1;3977;100
rmine11;37029;-2500.979506;1242.12491;263;10678;168;10846;100
rmine13;37029;-3504.619914;1108.274293;2;44371;2;44373;100
rmine14;37029;-4303.775099;2185.33618;6151;91063;8664;99727;100
rmine15;37029;-5041.160176;4256.942532;4;173859;11;173870;100
rmine6;37029;-437.471884;60.131684;5;131;0;131;100
rocI-3-11;37029;-111086.671772;567.73396;1;45;0;45;100
rocI-4-11;37029;-11111086.671772;800.875467;1;68;0;68;100
rocII-10-11;37029;-11.974865;290.286693;1;514;0;514;100
rocII-4-11;37029;-11.937162;82.5;1;144;0;144;100
rocII-5-11;37029;-11.94973;122.235744;1;173;0;173;100
rocII-7-11;37029;-11.964093;212.677972;1;306;0;306;100
rocII-8-11;37029;-11.968581;244.764303;1;405;0;405;100
rocII-9-11;37029;-11.972072;279.075237;1;499;0;499;100
rococoB10-011000;37029;8350.199468;49.840978;1;106;0;106;100
rococoC10-001000;37029;7515.271029;14.894221;1;50;0;50;100
rococoC11-010100;37029;8773.206543;49.89581;1;164;0;164;100
rococoC11-011100;37029;9024.205406;56.60339;1;113;0;113;100
rococoC12-010001;37029;26787.292147;50.829414;1;226;0;226;100
rococoC12-111000;37029;27337.357381;53.501346;1;225;0;225;100
roi2alpha3n4;37029;-80.526722;7.807845;2;691;0;691;100
roi5alpha10n8;37029;-87.787142;16;2;2138;2;2140;100
roll3000;37029;11097.127677;46.77651;3;42;0;42;100
rout;37029;981.864286;9.898077;1;1;0;1;100
rpp22falsei;37029;0;0;1;42;0;42;0
rvb-sub;37029;11.206514;4.571429;1;673;0;673;100
s100;37029;-0.171097;39.317795;1;25021;8;25029;100
s1234;37029;0.361925;1.578587;3;634;0;634;100
s250r10;37029;-0.165732;55.381636;2;10047;8;10055;100
s55;37029;-22.151773;0;1;1830;3;1833;0
s82;37029;-33.833613;482.284414;2;202612;53;202665;100
satellites1-25;37029;-20;68.01912;1;158;0;158;100
satellites2-25;37029;-30;356.7768;1;26327;0;26327;100
satellites2-40;37029;-30;133.152561;1;4556;0;4556;100
satellites2-60-fs;37029;-30;507.455315;1;2645;1;2646;100
satellites2-60;37029;-30;133.152561;1;4974;0;4974;100
satellites3-25;37029;-39;966.359942;1;230065;3;230068;100
satellites3-40-fs;37029;-39;942.263869;1;24037;2;24039;100
satellites3-40;37029;-39;963.231625;1;232196;2;232198;100
savsched1;37029;22586.49862;0;2;122564;25;122589;100
scpj4scip;37029;183;0;3;1260;25;1285;41.86
scpk4;37029;389;0;3;2725;26;2751;21.18
scpl4;37029;360;0;3;4763;44;4807;36.88
scpm1;37029;774;0;3;45814;124;45938;37.97
scpn2;37029;741;0;3;70994;246;71240;38.76
sct1;37029;-218.139003;91.32546;1;1571;0;1571;100
sct2;37029;-231.116964;14.501214;1;55;0;55;100
sct31;37029;-31.962662;30.054226;1;174;0;174;100
sct32;37029;-62.990833;53.144038;1;617;0;617;100
sct5;37029;-228.176552;35.395811;2;212;0;212;100
seqsolve1;37029;4376.282987;371.073706;19;4266;35;4301;100
seqsolve2short4288;37029;0;419.969766;4;2740;9;2749;100
seqsolve3short4288excess384;37029;-46401.234768;425.509375;7;13267;17;13284;100
set1ch;37029;110241.5;0;2;1;0;1;100
set3-09;37029;1263.077974;49.748593;3;45;0;45;100
set3-10;37029;788.890655;50.61299;3;39;0;39;100
set3-15;37029;8364.040745;53.876403;3;42;0;42;100
set3-16;37029;9916.808562;58.149187;3;40;0;40;100
set3-20;37029;10347.381087;53.849605;3;40;0;40;100
seymour-disj-10;37029;435.000001;2e-06;2;1924;0;1924;100
seymour;37029;454;0;3;253;0;253;7.33
seymour1;37029;422.819841;0;3;206;0;206;2.94
shiftreg1-4;37029;131.656032;300.178571;1;51;0;51;100
shiftreg2-7;37029;206.733052;286.044999;1;70;0;70;100
shiftreg5-1;37029;520.839888;630.584408;1;344;0;344;100
shipsched;37029;0;2.147365;5;161;1;162;100
shipschedule3shipsi;37029;-265650;0;1;46;0;46;0
shipschedule6shipsmixi;37029;-301650;0;1;66;0;66;0
shipschedule8shipsmixuci;37029;-401100;0;1;74;1;75;0
shs1014;37029;22137.410363;391.180556;1;174455;9;174464;100
shs1042;37029;9455.525826;684.883411;1;67871;10;67881;100
siena1;37029;10163179.229002;146.859338;1;1643;0;1643;100
sing11;37029;18640171.224643;331.879469;1;7916;4;7920;100
sing161;37029;19071259.113927;996.464534;1;63179;17;63196;100
sing17;37029;35483848.876514;554.751047;1;29172;11;29183;100
sing2;37029;17150914.71694;252.506822;1;1583;0;1583;100
sing245;37029;25024015.754083;519.079791;1;11797;5;11802;100
sing326;37029;7717674.801189;203.886687;1;2704;1;2705;100
sing359;37029;22534478.962498;1259.613224;1;83437;16;83453;100
sing44;37029;8102513.2194;177.330369;1;3401;1;3402;100
sing5;37029;18418516.013137;272.410096;1;3533;3;3536;100
snip10x10-35r1budget17;37029;30;2.340909;1;485;0;485;100
snp-02-004-104;37029;548044802.97509;10.217187;2;4069;0;4069;100
snp-04-052-052;37029;728196432.049806;735.582559;2;3702;1;3703;100
snp-06-004-052;37029;1787138156.58097;33.734354;2;6107;1;6108;100
snp-10-004-052;37029;5842625068.20526;48.106063;2;14482;2;14484;100
snp-10-052-052;37029;5842626434.04626;1694.316668;2;16431;4;16435;100
sorrell3;37029;-11;0;3;665;10;675;31.25
sorrell4;37029;-16;0;3;2839;35;2874;33.33
sorrell7;37029;-138;0;3;437;4;441;29.59
sorrell8;37029;-259;0;3;86;1;87;26
sp150x300d;37029;71;0;2;1;0;1;2.9
sp97ar;37029;972940668.52016;1.064266;3;510;0;510;100
sp97ic;37029;693946430.807546;1.277104;3;422;0;422;100
sp98ar;37029;708064186.862341;1.533328;16;801;2;803;100
sp98ic;37029;749699665.216431;1.781976;4;385;0;385;100
sp98ir;37029;270542181.322102;8.206982;4;72;0;72;100
splice1k1;37029;-1646.777979;8.512635;1;16921;7;16928;100
splice1k1i;37029;-1654;0;1;191;6;197;0
square23;37029;8.333333;12.444444;1;146;0;146;100
square31;37029;8.5;13.75;1;777;0;777;100
square37;37029;8.666667;15;1;2210;1;2211;100
square41;37029;8.839612;15.068891;1;3571;1;3572;100
square47;37029;8.755814;15.976744;1;6212;2;6214;100
stoch-vrpvrp-s5v2c8vrp-v2c8i;37029;0;107;1;31;0;31;100
stockholm;37029;175;0;2;479;0;479;40
stp3d;37029;604.886283;537.229946;2;24700;7;24707;100
sts405;37029;357;0;2;546;2;548;0
sts729;37029;665;0;2;3449;6;3455;0
supportcase1;37029;20078;0.020624;2;332;4;336;100
supportcase10;37029;3.383924;1850.997936;1;10422;3;10425;100
supportcase12;37029;-7609.533054;54.777672;1;1468;1;1469;100
supportcase14;37029;272;9.894737;1;2;0;2;100
supportcase16;37029;272;9;1;1;0;1;100
supportcase17;37029;0;88.508268;2;8;0;8;100
supportcase18;37029;87;9.141806;2;44;0;44;100
supportcase19;37029;12677206;370.390975;1;26183;28;26211;100
supportcase2;37029;0;7.75;1;9026;0;9026;100
supportcase20;37029;2442.144012;4.88286;1;21;0;21;100
supportcase23;37029;-12952;674.436182;1;1676;0;1676;100
supportcase25;37029;0.036932;11.225059;1;96;0;96;100
supportcase26;37029;1288.102161;0.009948;2;2;0;2;100
supportcase27i;37029;0;0.028235;1;2;0;2;100
supportcase3;37029;0;754.600046;3;241;0;241;100
supportcase30;37029;0;102.85702;1;61;0;61;100
supportcase31;37029;-1120655.076;0;3;1996;59;2055;69.88
supportcase33;37029;-450.933468;67.82818;2;488;1;489;100
supportcase34;37029;72.664116;339.350876;1;1240;0;1240;100
supportcase35;37029;77847.333333;96;2;117;0;117;100
supportcase37;37029;-5865.764096;28.04048;2;897;0;897;100
supportcase39;37029;-1062330.369524;22.808785;5;100;1;101;100
supportcase4;37029;0;537.153071;3;175;0;175;100
supportcase40;37029;22536.483379;19;1;233;0;233;100
supportcase41;37029;28;23.62447;5;305;0;305;100
supportcase42;37029;7.343539;48.081295;1;1572;0;1572;100
supportcase43;37029;0;48.147044;2;45222;3;45225;100
supportcase6;37029;45090.732163;30.239669;1;1597;3;1600;100
supportcase7;37029;-2396.218213;53.14731;2;1958;0;1958;100
swath;37029;334.496858;2.2;1;45;0;45;100
swath1;37029;334.496858;0.6;1;39;0;39;100
swath2;37029;334.496858;0.7;1;37;0;37;100
swath3;37029;334.496858;0.8;1;36;0;36;100
t1717;37029;134531.021428;79.098998;1;326;2;328;100
t1722;37029;98815.407611;52.399108;1;163;1;164;100
ta1-UUM;37029;3693674.556772;4.190418;1;4;0;4;100
ta2-UUE;37029;41427354.755773;0.680983;2;199;0;199;100
tanglegram1;37029;0;146;1;265;1;266;100
tanglegram2;37029;0;74;1;41;0;41;100
tanglegram4;37029;0;214;1;857;2;859;100
tanglegram6;37029;0;100;1;63;0;63;100
tbfp-bigm;37029;-178.153988;30;1;290;0;290;100
tbfp-network;37029;23.261535;31;1;967;1;968;100
Test3;37029;2669532.692462;22.368722;2;254;0;254;100
thor50dday;37029;204179;0;2;232;4;236;100
timtab1;37029;1234325.333333;18.45;2;1;0;1;100
timtab1CUTS;37029;613590.095426;35.885811;2;4;0;4;100
timtab2;37029;1487304.333333;29.783333;2;1;0;1;100
tokyometro;37029;11100;243.797433;2;65;0;65;100
toll-like;37029;0;339.5;1;40;0;40;100
tpl-tub-ss16;37029;767142.06434;2148.906605;2;90093;23;90116;100
tpl-tub-ws1617;37029;648834.718392;2262.455897;2;119747;37;119784;100
tr12-30;37029;188435.464884;3.580258;2;1;0;1;100
traininstance2;37029;0;641.688695;2;55;0;55;100
traininstance6;37029;0;381.122112;2;42;0;42;100
transportmoment;37029;-70929535815.38;783.890174;2;206;0;206;100
trento1;37029;5182758.848056;76.426737;1;570;0;570;100
triptim1;37029;22.868088;2111.393837;1;9391;1;9392;100
triptim2;37029;10.866359;800.023299;1;11758;2;11760;100
triptim3;37029;13.511741;803.795145;1;9873;1;9874;100
triptim4;37029;9.207022;602.920956;1;10397;0;10397;100
triptim7;37029;2336.732602;589.654105;2;11690;2;11692;100
triptim8;37029;2336.754853;582.63451;2;14450;2;14452;100
tw-myciel4;37029;3.838028;125.746479;6;205;0;205;100
uc-case11;37029;611267.013003;118.157436;1;2898;0;2898;100
uc-case3;37029;7181.264177;95.341586;1;1942;0;1942;100
uccase10;37029;38988.693469;403.985961;1;2688;0;2688;100
uccase12;37029;11507.285324;38.32;1;2135;0;2135;100
uccase7;37029;26527.789654;162.379998;1;3567;0;3567;100
uccase8;37029;11142.163196;63.982247;1;2738;0;2738;100
uccase9;37029;10819.582997;76.021209;1;4050;0;4050;100
uct-subprob;37029;242;56.400387;1;50;0;50;100
umts;37029;91618146.215272;77.667697;2;51;0;51;100
unitcal_7;37029;19387712.348556;143.515421;2;831;0;831;100
usAbbrv-8-25_70;37029;95;142.568932;3;28;0;28;100
usafa;37029;11.961749;2930.074494;2;50552;28;50580;100
v150d30-2hopcds;37029;52;0;3;124;1;125;26.83
van;37029;1.72352;5.404444;1;2613;0;2613;100
var-smallemery-m6j6;37029;-156.056268;90.190835;2;1115;0;1115;100
vpm2;37029;13.372866;5.698001;2;0;0;0;100
vpphard;37029;0;126.795208;1;221;1;222;100
vpphard2;37029;0;224.687229;1;643;4;647;100
wachplan;37029;-9;59.730159;1;37;0;37;100
wnq-n100-mw99-14;37029;194.184211;80.973684;3;4765;1;4766;100
xmas10-2;37029;-548.904684;180.189643;1;217;0;217;100
xmas10;37029;-449.063962;131.814139;7;227;0;227;100
z26;37029;-971;0;3;2683;34;2717;18.2
zeil;37029;813.510308;818.357568;2;84903;9;84912;100
zib54-UUE;37029;19164366;0;2;50;0;50;85.45
10teams;1206151;917;36.45783;1;31;0;31;100
22433;1206151;21552.708079;24.962328;5;5;0;5;100
23588;1206151;8342.863244;17.617619;4;3;0;3;100
2club200v15p5scn;1206151;-96.055556;38.611111;7;134;3;137;100
30n20b8;1206151;5530;16.175931;2;94;0;94;100
30_70_45_05_100;1206151;97;0;6;916;2;918;100
30_70_45_095_100;1206151;59;0;6;847;2;849;100
30_70_45_095_98;1206151;309;0;7;790;3;793;100
50v-10;1206151;1493601.476062;0;2;4;0;4;100
a1c1s1;1206151;20912.873333;0.041667;2;33;0;33;100
a2c1s1;1206151;20866.0825;0;2;34;0;34;91.62
ab51-40-100;1206151;-6524184260;0;3;875;1;876;37.39
ab67-40-100;1206151;-7141459514;0;3;2616;1;2617;36.16
ab69-40-100;1206151;-7136789853;0;3;2173;1;2174;36.2
ab71-20-100;1206151;-6522821227;0;3;222;0;222;37.4
ab72-40-100;1206151;-7018756084.00001;0;3;786;1;787;37.26
academictimetablebig;1206151;32;1997.079231;2;3197;6;3203;100
academictimetablesmall;1206151;0;324.85601;2;243;1;244;100
acc-tight2;1206151;0;129.034401;1;34;0;34;100
acc-tight4;1206151;0;135.271717;1;57;0;57;100
acc-tight5;1206151;0;121.269585;1;252;0;252;100
acc-tight6;1206151;0;123.251301;1;249;0;249;100
adult-max5features;1206151;0.081316;0.266955;1;900;2;902;100
adult-regularized;1206151;0.077684;0.234052;1;1977;1;1978;100
aflow30a;1206151;983.167425;6.510845;1;4;0;4;100
aflow40b;1206151;1005.664817;8.247724;1;19;0;19;100
air03;1206151;338864.25;11.875;1;69;0;69;100
air04;1206151;55535.436388;52.288553;1;225;0;225;100
air05;1206151;25877.609268;46.215654;1;169;0;169;100
aligninq;1206151;2755;40.921868;7;18;0;18;100
allcolor10;1206151;6;749.769481;2;145;1;146;100
allcolor58;1206151;42;3883.60245;1;1211;4;1215;100
amaze22012-03-15i;1206151;0;0;1;46;1;47;0
amaze22012-06-28i;1206151;0;0;1;23;0;23;0
amaze22012-07-04i;1206151;0;0;1;28;0;28;0
app1-1;1206151;-2;0.179678;3;57;0;57;100
app1-2;1206151;-23;1e-06;2;3840;0;3840;100
app2-1;1206151;19298.5;0;2;32;0;32;0.02
app2-2;1206151;219402.5;0;3;1;0;1;3.47
app3;1206151;5627412.287938;3.142492;1;38;0;38;100
arki001;1206151;7579599.807787;17.164714;1;33;0;33;100
assign1-10-4;1206151;353.992926;52;1;36;0;36;100
assign1-5-8;1206151;183.362555;24;1;2;0;2;100
atlanta-ip;1206151;81.243206;325.689509;3;4477;2;4479;100
atm20-100;1206151;2141734.684878;124.301066;2;99;0;99;100
australia-abs-cta;1206151;0;39.202778;1;86;0;86;100
b-ball;1206151;-1.818182;4.818182;1;0;0;0;100
b1c1s1;1206151;69966.45;0;2;33;0;33;100
b2c1s1;1206151;70651.01;0;2;37;0;37;100
bab1;1206151;-286923.824223;50.52;1;287;1;288;100
bab2;1206151;-350926.440227;560.525267;2;8775;4;8779;100
bab3;1206151;-579370.271196;518.325237;2;33344;12;33356;100
bab5;1206151;-111134.599976;185.90025;2;530;0;530;100
bab6;1206151;-224575.783183;667.210836;2;5864;3;5867;100
bc;1206151;13.063318;0.063318;2;99;0;99;100
bc1;1206151;6.45558;0.016336;2;107;0;107;100
beasleyC1;1206151;102;0;2;2;0;2;20
beasleyC2;1206151;232;0;2;2;0;2;61.11
beasleyC3;1206151;958;0;2;3;0;3;27.06
beavma;1206151;407840.4;0;3;1;0;1;6.41
berlin;1206151;1741;0;2;27;0;27;66.76
berlin_5_8_0;1206151;52;70.73383;3;5;0;5;100
bg512142;1206151;323992.007013;52.989642;3;27;0;27;100
biella1;1206151;3060037.430763;98.771008;1;248;0;248;100
bienst1;1206151;11.724138;4.390524;1;2;0;2;100
bienst2;1206151;11.724138;5.390524;1;2;0;2;100
binkar10_1;1206151;6637.188027;9.084811;1;7;0;7;100
blend2;1206151;7.489992;0.492283;2;0;0;0;100
bley_xl1;1206151;265.699568;343.861165;6;21954;5;21959;100
bley_xs1;1206151;213538830.272187;107.27048;3;153;0;153;100
bley_xs1noM;1206151;251120149.512445;78.38821;8;128;0;128;100
bley_xs2;1206151;48593009.277766;66.02141;2;20;0;20;100
blp-ar98;1206151;14303.194003;9.189386;9;102;1;103;100
blp-ic97;1206151;6123.238237;3.473359;16;95;1;96;100
blp-ic98;1206151;14141.050706;0.1;4;146;0;146;100
blp-ir98;1206151;5639.818879;2.497817;2;43;0;43;100
bmocbd;1206151;-32041010095048.5;0;1;730;7;737;0
bmocbd2;1206151;-31953009810558.2;0;1;768;6;774;0
bmocbd3;1206151;45423160355.8175;0;2;16465;9;16474;100
bmoipr2;1206151;-46628940.711141;0.184434;3;85;0;85;100
bnatt350;1206151;0;93.793362;6;67;0;67;100
bnatt400;1206151;0;109.069591;9;79;1;80;100
bppc4-08;1206151;51.59;9.776528;1;15;0;15;100
bppc6-02;1206151;108.34;11.886994;1;141;0;141;100
bppc6-06;1206151;200.633333;14.947367;1;179;0;179;100
bppc8-02;1206151;486.5;3.204377;1;1;0;1;100
bppc8-09;1206151;444.436047;5.98123;1;4;0;4;100
brasil;1206151;31819;0;2;27;0;27;100
brazil3;1206151;2;656.675844;1;951;0;951;100
breastcancer-regularized;1206151;0.00046;0.002809;1;8;0;8;100
bts4-cta;1206151;33524.637606;1130;1;641;0;641;100
buildingenergy;1206151;33246.215059;1468.85;2;16091;2;16093;100
cap6000;1206151;-2444651;0;3;41;0;41;0.27
cbs-cta;1206151;0;27.74603;1;110;0;110;100
cdc7-4-3-2;1206151;-231;0;3;37354;4;37358;19.79
chromaticindex1024-7;1206151;4;16002.682953;2;2384;8;2392;100
chromaticindex128-5;1206151;4;2021.163699;2;144;0;144;100
chromaticindex256-8;1206151;4;4069.477083;2;371;2;373;100
chromaticindex32-8;1206151;4;504.8875;2;17;0;17;100
chromaticindex512-7;1206151;4;8183.527137;2;1023;3;1026;100
ci-s4;1206151;4.963809;19.526141;2;70;0;70;100
circ10-3;1206151;140;155.071429;1;184;0;184;100
cmflsp40-24-10-7;1206151;52605868.952858;70.70093;3;376;0;376;100
cmflsp40-36-2-10;1206151;72898024.959478;295.649246;3;785;0;785;100
cmflsp50-24-10-4;1206151;64492612.641644;81.236085;3;337;0;337;100
cmflsp50-24-8-8;1206151;59814378.749021;131.86946;3;326;0;326;100
cmflsp60-36-2-6;1206151;97887903.946142;370.689759;3;1751;0;1751;100
CMS750_4;1206151;250;258.584847;3;130;0;130;100
co-100;1206151;1250429.774879;9.799423;2;263;1;264;100
cod105;1206151;-8;0;3;489;1;490;33.33
comp07-2idx;1206151;0;139.65;2;1322;0;1322;100
comp08-2idx;1206151;0;189.588538;3;164;0;164;100
comp12-2idx;1206151;16;251.466598;3;1233;1;1234;100
comp16-3idx;1206151;4;720.391848;1;8517;1;8518;100
comp21-2idx;1206151;0;197.95;2;892;1;893;100
control30-3-2-3;1206151;-20763026.787568;27.97054;1;5;0;5;100
core2536-691;1206151;803;0;3;1510;3;1513;16.55
core2586-950;1206151;1162;0;3;989;2;991;22.57
core4284-1064;1206151;1300;0;3;5429;4;5433;22.3
core4872-1529;1206151;1844;0;3;2850;4;2854;20.52
cost266-UUE;1206151;42001606.28;0;2;64;0;64;67.01
cov1075;1206151;35;0;2;5;0;5;75
cryptanalysiskb128n5obj16;1206151;0;7174.215397;2;828;5;833;100
csched007;1206151;269.251587;22.185714;1;40;0;40;100
csched008;1206151;171;19.560203;1;10;0;10;100
csched010;1206151;332.422727;19.770202;1;36;0;36;100
cvrpa-n64k9vrpi;1206151;0;206.143617;1;441;1;442;100
cvrpb-n45k5vrpi;1206151;0;154.740458;1;583;0;583;100
cvrpp-n16k8vrpi;1206151;0;50.204545;1;34;0;34;100
cvrpsimple2i;1206151;0;19.85;1;2;0;2;100
cvs08r139-94;1206151;-24;0;3;14;0;14;79.31
cvs16r106-72;1206151;-10;0;3;32;0;32;87.65
cvs16r128-89;1206151;-11;0;3;37;0;37;88.66
cvs16r70-62;1206151;-5;0;3;31;0;31;88.1
cvs16r89-60;1206151;-7;0;3;30;0;30;89.23
d10200;1206151;12425.583005;34.236879;1;49;0;49;100
d20200;1206151;12229.625788;62.339279;1;339;0;339;100
dale-cta;1206151;0;0.004764;1;306;0;306;100
dano3mip;1206151;576.23162;15.294513;1;1891;0;1891;100
dano3_3;1206151;576.23162;1.932181;1;1641;0;1641;100
dano3_5;1206151;576.23162;2.871834;1;1683;0;1683;100
danoint;1206151;62.63728;5.819184;1;12;0;12;100
dc1c;1206151;1754946.863638;139.834191;1;287;0;287;100
dc1l;1206151;203554787.784329;0;3;1327;13;1340;100
dcmulti;1206151;184858.396836;12.823814;3;3;0;3;100
decomp1;1206151;-120;98;1;49;0;49;100
decomp2;1206151;-160;93.138889;1;56;0;56;100
dfn-bwin-DBE;1206151;797567.4;0;2;34;0;34;100
dfn-gwin-UUM;1206151;27467.257235;5.653537;1;1;0;1;100
dg012142;1206151;5895516.340434;39.442147;5;199;0;199;100
diameterc-mstc-v20a190d5i;1206151;291;56.7;1;34;0;34;100
diameterc-msts-v40a100d5i;1206151;324;100.121212;1;35;0;35;100
disctom;1206151;-5000;51.166667;1;229;0;229;100
disktom;1206151;-5000;51.166667;1;208;0;208;100
dolom1;1206151;6556066.068315;110.606017;1;508;0;508;100
drayage-100-12;1206151;21458.311901;45.375525;1;69;0;69;100
drayage-100-23;1206151;11714.141979;44.659861;1;158;0;158;100
drayage-25-23;1206151;11714.141979;44.421956;1;158;0;158;100
drayage-25-27;1206151;26785.797043;41.335416;1;61;0;61;100
drayage-25-32;1206151;32519.997253;41.203921;1;69;0;69;100
ds-big;1206151;86.820068;30.669231;1;8589;4;8593;100
ds;1206151;57.234565;33.463549;1;1005;2;1007;100
dws008-01;1206151;708.876687;16.484655;2;57;0;57;100
dws008-03;1206151;717.896796;9.217365;2;140;0;140;100
dws012-01;1206151;3450.401707;26.235704;2;128;0;128;100
dws012-02;1206151;1584.690892;16.166549;2;221;1;222;100
dws012-03;1206151;1998.123968;18.170643;2;295;1;296;100
eil33-2;1206151;811.278996;3.61563;1;35;0;35;100
eilA101-2;1206151;803.373888;7.408683;1;919;1;920;100
eilB101;1206151;1075.247691;12.807028;1;20;0;20;100
eilC76-2;1206151;725.754458;7.780208;1;279;0;279;100
ej;1206151;1;0.243844;1;0;0;0;100
elitserienhandball11i;1206151;0;1421.352265;1;250;0;250;100
elitserienhandball13i;1206151;0;1357.692232;1;295;0;295;100
elitserienhandball14i;1206151;0;1543.7577;1;258;1;259;100
elitserienhandball3i;1206151;0;1525.315516;1;255;0;255;100
enlight13;1206151;0;0.5;1;0;0;0;100
enlight15;1206151;0;0.5;1;0;0;0;100
enlight8;1206151;0;0.5;1;0;0;0;100
enlight_hard;1206151;0;14.5;1;0;0;0;100
eva1aprime5x5opt;1206151;-497.247729;0.959853;1;346;0;346;100
eva1aprime6x6opt;1206151;-495.49243;9.408398;1;1647;0;1647;100
ex10;1206151;100;100;1;17322;1;17323;100
ex1010-pi;1206151;314;0;3;674;3;677;33.62
ex9;1206151;81;81;1;1740;1;1741;100
exp-1-500-5-5;1206151;97666.305541;4.045842;2;2;0;2;100
f2000;1206151;1383;1280;2;3483;0;3483;100
f2gap201600;1206151;76429.862296;1.402159;1;3;0;3;100
f2gap401600;1206151;82274.237434;1.19002;1;4;0;4;100
f2gap40400;1206151;20650.898154;3.25358;1;1;0;1;100
f2gap801600;1206151;86570.120867;5.266841;1;4;0;4;100
fast0507;1206151;221;0;3;540;9;549;27.01
fastxgemm-n2r6s0t2;1206151;27;9;1;28;0;28;100
fastxgemm-n2r7s4t1;1206151;27;9;1;37;0;37;100
fastxgemm-n3r21s3t6;1206151;84;27;1;2359;0;2359;100
fastxgemm-n3r22s4t6;1206151;84;27;1;2647;0;2647;100
fastxgemm-n3r23s5t6;1206151;84;27;1;2680;0;2680;100
fhnw-binpack4-48;1206151;0;333.285714;2;136;0;136;100
fhnw-binpack4-58;1206151;0;467.321429;2;131;1;132;100
fhnw-binpack4-77;1206151;0;207.310714;2;129;0;129;100
fhnw-binschedule0;1206151;12632.888779;685.581929;3;12653;14;12667;100
fhnw-binschedule2;1206151;1706.886254;154.751416;3;192;1;193;100
fhnw-schedule-paira100;1206151;-36.643681;5.147307;2;131;0;131;100
fhnw-schedule-paira200;1206151;-73.826479;8.938667;2;264;2;266;100
fhnw-schedule-paira400;1206151;-146.941079;19.26431;2;1142;10;1152;100
fhnw-schedule-pairb200;1206151;-73.826479;516.184695;2;1098;2;1100;100
fhnw-schedule-pairb400;1206151;-146.941079;2338.646383;2;7809;12;7821;100
fhnw-sq2;1206151;0;15.527645;1;4;0;4;100
fiball;1206151;137.069168;68.996028;1;125;0;125;100
fiber;1206151;1023943.76;9.839127;2;3;0;3;100
fillomino7x7-0i;1206151;0;0;1;28;0;28;0
fixnet6;1206151;12170;0;2;1;0;1;100
fjspeasy01i;1206151;216;0;1;37;0;37;0
flugpl;1206151;1167185.725592;3.538918;1;0;0;0;100
g200x740;1206151;45614;0;2;3;0;3;2.93
g200x740i;1206151;44069;0;2;3;0;3;46.48
gasprod1-1;1206151;4861.104633;51.656628;7885;821;2837;3658;100
gasprod1-2;1206151;1691.141291;51.497411;6853;572;862;1434;100
gasprod1-3;1206151;3682.336923;49.221179;8368;576;1084;1660;100
gasprod2-1;1206151;1306101.609201;404.201103;19;1797;8;1805;100
gasprod2-2;1206151;1330631.091637;502.800224;36;1773;16;1789;100
gen-ip002;1206151;-511.036897;0;3;0;0;0;89.32
gen-ip016;1206151;-9505.628173;1.906914;1;0;0;0;100
gen-ip021;1206151;6642.05262;2.217259;4;0;0;0;100
gen-ip036;1206151;-2162.833562;0;3;0;0;0;53.05
gen-ip054;1206151;8365.610388;1.135203;5;0;0;0;100
gen;1206151;112130.040664;7.929263;1;3;0;3;100
genus-g31-8;1206151;-27;112.333333;1;1060;0;1060;100
genus-g61-25;1206151;-58;262.979034;1;851;0;851;100
genus-sym-g31-8;1206151;-27;154.805251;2;4365;1;4366;100
genus-sym-g62-2;1206151;-54;255.080518;2;21820;2;21822;100
genus-sym-grafo5708-48;1206151;-27;115.165439;1;1244;0;1244;100
ger50-17-ptp-pop-3t;1206151;3466.324873;45.213645;1;97;0;97;100
ger50-17-ptp-pop-6t;1206151;6804.447088;50.477969;1;91;0;91;100
ger50-17-trans-dfn-3t;1206151;3453.475245;37.741927;1;145;0;145;100
ger50-17-trans-pop-3t;1206151;3456.252922;49.487013;1;156;0;156;100
ger50_17_trans;1206151;6850.628623;48.22611;1;139;0;139;100
germanrr;1206151;46445702.956442;53.468182;2;632;0;632;100
germany50-DBM;1206151;438028;23.4;1;145;0;145;100
germany50-UUM;1206151;597932.5;24.4;1;33;0;33;100
gesa2-o;1206151;25748173.191117;13.380406;2;4;0;4;100
gesa2;1206151;25477017.874283;13.26737;2;6;0;6;100
gfd-schedulen180f7d50m30k18-16i;1206151;18;108.385679;1;5863;39;5902;100
gfd-schedulen180f7d50m30k18;1206151;1;5019.413851;2;3492;14;3506;100
gfd-schedulen25f5d20m10k3i;1206151;3;13.619895;1;65;0;65;100
gfd-schedulen55f2d50m30k3i;1206151;3;27.695911;1;149;1;150;100
ghoulomb4-9-10i;1206151;9;0;1;65;1;66;0
glass-sc;1206151;23;0;3;134;1;135;0
glass4;1206151;800002400;2.059524;1;1;0;1;100
gmu-35-40;1206151;-2400283.756506;1.911023;2;9;0;9;100
gmu-35-50;1206151;-2606307.146543;3.420099;2;26;0;26;100
gmut-75-50;1206151;-14182312.661731;4.988967;1;583;2;585;100
gmut-76-40;1206151;-14171086.316075;9.054451;1;203;1;204;100
gmut-76-50;1206151;-14173884.188063;4.201959;1;512;1;513;100
gmut-77-40;1206151;-14173396.636852;2.97325;1;247;0;247;100
go19;1206151;96;0;3;4;0;4;14.29
gr4x6;1206151;229.05;0;2;0;0;0;13.19
graph20-20-1rand;1206151;-37;48;1;40;0;40;100
graph20-80-1rand;1206151;-117;142;1;1517;1;1518;100
graph40-20-1rand;1206151;-157;185.5;1;4391;2;4393;100
graph40-40-1rand;1206151;-300;341.96929;1;91419;9;91428;100
graphdraw-domain;1206151;12672;21.071817;1;2;0;2;100
graphdraw-gemcutter;1206151;4310;15.521554;1;1;0;1;100
graphdraw-grafo2;1206151;35762;368.152985;1;758;1;759;100
graphdraw-mainerd;1206151;30496;97.975651;1;89;0;89;100
graphdraw-opmanager;1206151;54717;207.745488;1;413;0;413;100
gsvm2rl11;1206151;35640.343493;0;2;384;0;384;96.67
gsvm2rl12;1206151;50;0;2;494;0;494;100
gsvm2rl3;1206151;0.6;0;2;3;0;3;78.29
gsvm2rl5;1206151;10;0;2;8;0;8;84.4
gsvm2rl9;1206151;16356.825869;0;2;58;0;58;100
gt2;1206151;13460.233074;0.728107;1;0;0;0;100
h50x2450;1206151;11147.731511;3.696751;1;27;0;27;100
h80x6320;1206151;3700;0;1;27;0;27;0
h80x6320d;1206151;5325.160104;2.515625;1;39;0;39;100
hanoi5;1206151;1926;332;4;159;1;160;100
haprp;1206151;3665963.213506;96.940858;1;5;0;5;100
harp2;1206151;-74353341.5023;5.485338;1;6;0;6;100
hgms-det;1206151;-53824.391476;32.676364;1;206;0;206;100
hgms30;1206151;-53349.215497;60.694272;1;8965;0;8965;100
hgms62;1206151;-53416.649907;61.317531;1;26516;0;26516;100
hypothyroid-k1;1206151;-2902.852586;39.591978;1;7903;2;7905;100
ic97_potential;1206151;4089;54.966667;2;4;0;4;100
ic97_tension;1206151;3911;15.366667;2;2;0;2;100
icir97_potential;1206151;6612;166.866667;2;39;0;39;100
icir97_tension;1206151;6302;97.366667;2;4;0;4;100
iis-100-0-cov;1206151;41;0;3;100;0;100;41.38
iis-bupa-cov;1206151;49;0;3;162;0;162;36.11
iis-glass-cov;1206151;28;0;3;127;1;128;33.33
iis-hc-cov;1206151;22;0;3;203;3;206;29.41
iis-pima-cov;1206151;41;0;3;263;1;264;24.24
irp;1206151;12123.530222;6;1;91;0;91;100
istanbul-no-cutoff;1206151;51.11;3.607411;1;474;0;474;100
ivu06-big;1206151;135.427718;95.799872;1;56192;46;56238;100
ivu06;1206151;135.901353;97.120377;1;16336;16;16352;100
ivu52;1206151;480.250439;81.742183;1;7142;3;7145;100
ivu59;1206151;884.456993;122.893682;1;107201;55;107256;100
janos-us-DDM;1206151;1488134.75;22.375;1;4;0;4;100
k16x240;1206151;11359;0;2;0;0;0;6.42
k16x240b;1206151;12874;0;2;0;0;0;13
k1mushroom;1206151;-4165.061224;43.877551;1;16374;7;16381;100
k1mushroomi;1206151;-4208;0;1;182;6;188;0
khb05250;1206151;126785464;0;2;1;0;1;18.56
l2p12;1206151;2;1091.539196;1;340;0;340;100
l2p1i;1206151;1;333.207461;1;824;8;832;100
l2p2i;1206151;1;616.41646;1;63;1;64;100
lectsched-1-obj;1206151;0;5.975758;2;253;3;256;100
lectsched-1;1206151;0;3.151515;2;212;3;215;100
lectsched-2;1206151;0;17.149242;5;121;3;124;100
lectsched-3;1206151;0;21.203788;6;232;5;237;100
lectsched-4-obj;1206151;0;12.853788;6;72;1;73;100
lectsched-5-obj;1206151;0;4.117424;2;217;2;219;100
leo1;1206151;1181219706.24;0;3;85;1;86;100
leo2;1206151;1344214233.44;0;3;184;2;186;100
liu;1206151;346;11.003653;2;7;0;7;100
loopha13;1206151;6.279;1.10216;2;233;0;233;100
lotsize;1206151;1335747.052789;7.405615;2;7;0;7;100
lr1dr02vc05v8a-t360;1206151;120706.326475;174.298112;1;1041;0;1041;100
lr1dr04vc05v17a-t360;1206151;247111.69248;335.090553;1;1974;1;1975;100
lr1dr12vc10v70b-t360;1206151;983950.247945;1069.593454;1;46746;4;46750;100
lr2-22dr3-333vc4v17a-t60;1206151;-72838.215835;239.748662;2;36310;3;36313;100
lrn;1206151;42701141.648089;65.099086;2;522;0;522;100
m100n500k4r1;1206151;-17;0;3;9;0;9;32
macrophage;1206151;0;339;1;32;0;32;100
mad;1206151;0;3.254396;1;2;0;2;100
manna81;1206151;-11868;0;3;38;0;38;9.85
map06;1206151;-406.181173;7.868443;1;2371;1;2372;100
map10;1206151;-602.176181;11.248146;1;2695;0;2695;100
map14;1206151;-778.549324;11.962355;1;2181;1;2182;100
map14860-20;1206151;-998.836419;10.400693;1;2471;0;2471;100
map16715-04;1206151;-296.267898;4.997036;1;2297;1;2298;100
map18;1206151;-932.782685;11.173489;1;2358;0;2358;100
map20;1206151;-998.836419;10.400693;1;2475;0;2475;100
mappingmesh3x3mpeg2i;1206151;87.555556;87.202393;1;40;0;40;100
mario-t-hard5i;1206151;-4482;20.339623;1;1622;1;1623;100
markshare1;1206151;230;0;2;0;0;0;100
markshare2;1206151;454;0;2;0;0;0;100
markshare_4_0;1206151;226;0;2;0;0;0;100
markshare_5_0;1206151;337;0;2;0;0;0;100
mas74;1206151;10482.79528;3.103514;1;1;0;1;100
mas76;1206151;38893.903641;2.555097;1;1;0;1;100
maxgasflow;1206151;-70929535.9;662.35764;2;57;0;57;100
mc11;1206151;13509;0;2;30;0;30;15.57
mc7;1206151;5796;0;2;28;0;28;69.62
mc8;1206151;1929;0;2;32;0;32;23.18
mcsched;1206151;193774.753707;340.221655;1;125;0;125;100
methanosarcina;1206151;0;313;1;110;0;110;100
mik-250-1-100-1;1206151;0;0;2;2;0;2;100
mik-250-20-75-1;1206151;0;0;2;3;0;3;100
mik-250-20-75-2;1206151;0;0;2;3;0;3;100
mik-250-20-75-3;1206151;0;0;2;3;0;3;100
mik-250-20-75-4;1206151;0;0;2;3;0;3;100
mik-250-20-75-5;1206151;0;0;2;3;0;3;100
milo-v12-6-r1-58-1;1206151;410986.648167;129.9058;1;96;0;96;100
milo-v12-6-r1-75-1;1206151;669700.757896;208.836475;1;106;0;106;100
milo-v12-6-r2-40-1;1206151;205532.322265;97.329375;1;56;0;56;100
milo-v13-4-3d-3-0;1206151;23359.288017;1.476277;1;12;0;12;100
milo-v13-4-3d-4-0;1206151;34031.171805;2.550972;1;36;0;36;100
mine-166-5;1206151;-821763677.673139;187.331384;1;208;0;208;100
mine-90-10;1206151;-887165318.510226;202.375368;1;166;0;166;100
mining;1206151;-880498833.080716;8459.469134;117;125223;1616;126839;100
minutedispatchstrategy;1206151;1898.391429;412.137934;2;1359;1;1360;100
misc07;1206151;1415;8;1;2;0;2;100
mitre;1206151;114740.518481;224.156743;1;117;0;117;100
mkc;1206151;-581.85;16.208843;3;33;0;33;100
mkc1;1206151;-611.85;3.942199;3;34;0;34;100
mod010;1206151;6532.083333;14.166667;1;14;0;14;100
modglob;1206151;20786787.016883;0;2;1;0;1;0.22
moj-mining;1206151;-1520532907.35018;566.626558;2;47991;0;47991;100
momentum1;1206151;134660.011921;48.045264;2;975;0;975;100
momentum2;1206151;61266.821316;84.616225;3;751;1;752;100
momentum3;1206151;107721.82427;144.721031;3;8459;0;8459;100
mrcpspj30-15-5i;1206151;23;189.992887;1;42;0;42;100
mrcpspj30-17-10i;1206151;25;28.677778;1;41;0;41;100
mrcpspj30-53-3i;1206151;30;43.135185;1;55;0;55;100
msc98-ip;1206151;19520966.151663;393.288169;2;2780;0;2780;100
mspp16;1206151;341;1.241379;1;27926;0;27926;100
mspsphard01i;1206151;16;0;1;45;0;45;0
mspsphard03i;1206151;20;0;1;89;1;90;0
mtest4ma;1206151;60342;0;2;2;0;2;15.71
mushroom-best;1206151;1.3e-05;0.0202;1;574;0;574;100
mzzv11;1206151;-22556.460829;174.328454;2;416;0;416;100
mzzv42z;1206151;-18842.814586;198.473995;2;297;0;297;100
n13-3;1206151;14401970;0;2;25;0;25;100
n15-3;1206151;71710891;0;2;3414;0;3414;0
n2seq36f;1206151;71600;0;3;34;1;35;37.16
n2seq36q;1206151;119003.593822;43.392098;3;164;0;164;100
n3-3;1206151;24303430;0;2;153;0;153;100
n3700;1206151;1342560;0;2;28;0;28;9.36
n3705;1206151;1342540;0;2;31;0;31;9.55
n3707;1206151;1301218;0;2;31;0;31;9.65
n3709;1206151;1324904;0;2;29;0;29;9.68
n370a;1206151;1353042;0;2;29;0;29;0
n370b;1206151;1373791;0;2;31;0;31;11.06
n3div36;1206151;174200;0;3;154;4;158;33.18
n3seq24;1206151;209033.068485;51.670786;3;3016;4;3020;100
n4-3;1206151;13501875;0;2;56;0;56;100
n5-3;1206151;12301325;0;2;16;0;16;100
n6-3;1206151;16502900;0;2;36;0;36;100
n7-3;1206151;14704310;0;2;41;0;41;100
n9-3;1206151;20703625;0;2;145;0;145;100
nag;1206151;465;13.770256;3;46;0;46;100
neos-1061020;1206151;-145860.370608;500.756757;1;881;0;881;100
neos-1067731;1206151;669053;81.272727;1;597;0;597;100
neos-1109824;1206151;278;22;1;62;0;62;100
neos-1112782;1206151;22000000110147.3;0;2;19;0;19;100
neos-1112787;1206151;19500000125389.7;0;2;21;0;21;100
neos-1122047;1206151;161;0.495966;2;494;0;494;100
neos-1171448;1206151;-309;0.936995;2;81;0;81;100
neos-1171692;1206151;-273;3.730892;2;43;0;43;100
neos-1171737;1206151;-195;8.004699;2;43;0;43;100
neos-1225589;1206151;5e+09;0;2;1;0;1;100
neos-1311124;1206151;-182;5;2;3;0;3;100
neos-1324574;1206151;4.5;144;1;39;0;39;100
neos-1330346;1206151;4.5;76.5;1;118;0;118;100
neos-1337307;1206151;-201272;272.493985;2;53;0;53;100
neos-1354092;1206151;46;238.398385;2;1054;0;1054;100
neos-1367061;1206151;31320456.264497;3.75;2;1847;0;1847;100
neos-1396125;1206151;3000.053717;12.531496;2;7;0;7;100
neos-1420546;1206151;22124.4;103.140678;1;385;0;385;100
neos-1420790;1206151;2942.750002;75.132359;1;56;0;56;100
neos-1423785;1206151;-1816.666667;311.9714;1;262;0;262;100
neos-1425699;1206151;3175204364.6353;5.264952;1;0;0;0;100
neos-1426635;1206151;-178;6.429182;2;3;0;3;100
neos-1426662;1206151;-52;10.501303;2;5;0;5;100
neos-1429212;1206151;30;713.975748;1;5703;2;5705;100
neos-1430701;1206151;-78;6.669599;2;2;0;2;100
neos-1436709;1206151;-129;3.502607;2;3;0;3;100
neos-1440225;1206151;36;33.503789;1;93;0;93;100
neos-1440460;1206151;-180;4.85975;2;2;0;2;100
neos-1442119;1206151;-182;2.580471;2;3;0;3;100
neos-1442657;1206151;-156;4.002933;2;2;0;2;100
neos-1445532;1206151;-22877;8.21746;2;90;0;90;100
neos-1445738;1206151;-24232.548846;16.301135;1;144;0;144;100
neos-1445743;1206151;-24579.832968;16.920281;1;141;0;141;100
neos-1445765;1206151;-24699.19766;17.625849;1;151;0;151;100
neos-1456979;1206151;154;8.434222;1;43;0;43;100
neos-1516309;1206151;34769.833333;9.166667;2;28;0;28;100
neos-1582420;1206151;88.398466;56.693409;5;78;0;78;100
neos-1593097;1206151;4424;55.795872;1;110;0;110;100
neos-1599274;1206151;32194.742857;6.464286;3;36;0;36;100
neos-1601936;1206151;1;155.387702;1;803;0;803;100
neos-1603965;1206151;619244367.662955;0.000913;1;640;0;640;100
neos-1605061;1206151;6.150735;159.498166;1;2454;0;2454;100
neos-1605075;1206151;3.214461;176.495942;1;2092;0;2092;100
neos-1616732;1206151;174;0;3;6;0;6;9.43
neos-1620770;1206151;22;35;2;42;0;42;100
neos-2294525-abba;1206151;156.177251;16.071056;1;89;0;89;100
neos-2328163-agri;1206151;26069;54.9;1;73;0;73;100
neos-2624317-amur;1206151;0;33.918936;1;3;0;3;100
neos-2629914-sudost;1206151;39622;7.942933;1;236;0;236;100
neos-2652786-brda;1206151;0;19.477348;2;2;0;2;100
neos-2657525-crna;1206151;0;28.234944;2;2;0;2;100
neos-2669500-cust;1206151;2221.9;230.19862;2;998;6;1004;100
neos-2746589-doon;1206151;1985.75;129.965898;2;305;1;306;100
neos-2974461-ibar;1206151;473452396.770997;3364;2;209626;17;209643;100
neos-2978193-inde;1206151;-2.418518;7.4;1;57;0;57;100
neos-2978205-isar;1206151;-12.415307;29.8;1;200;0;200;100
neos-2987202-jeir;1206151;-1847551552.23661;1035.632796;2;66432;1;66433;100
neos-2987310-joes;1206151;-610797465.676974;19.875;2;1668;0;1668;100
neos-2991472-kalu;1206151;459.673619;4.82467;13792;4304;3668;7972;100
neos-3004026-krka;1206151;0;832;1;53;0;53;100
neos-3009394-lami;1206151;0.642857;216.114286;2;4;0;4;100
neos-3024952-loue;1206151;22882;103.3;1;232;0;232;100
neos-3025225-shelon;1206151;0.052574;323.690533;1;103980;10;103990;100
neos-3046601-motu;1206151;185;0.4492;1;1;0;1;100
neos-3046615-murg;1206151;192;0.3458;1;1;0;1;100
neos-3048764-nadi;1206151;-3883988306.36669;0;2;63;1;64;0
neos-3065804-namu;1206151;0;0;1;217;0;217;0
neos-3068746-nene;1206151;77427529.530929;55.412658;2;136;0;136;100
neos-3072252-nete;1206151;10593526;1.938794;2;1;0;1;100
neos-3075395-nile;1206151;54.924462;0.00048;1;171;0;171;100
neos-3083784-nive;1206151;0;12;1;29;0;29;100
neos-3083819-nubu;1206151;6290575.552807;13.541087;1;47;0;47;100
neos-3116779-oban;1206151;0;0;1;22;0;22;0
neos-3118745-obra;1206151;357;0;2;3;0;3;40
neos-3148108-pahi;1206151;0;0;1;266;1;267;0
neos-3209462-rhin;1206151;0;49.45122;2;3989;1;3990;100
neos-3209519-ruhr;1206151;332.85;25.900482;1;60;0;60;100
neos-3214367-sovi;1206151;87802.732596;99.258257;1;2145;0;2145;100
neos-3216931-puriri;1206151;58817.353066;51.622705;1;1112;0;1112;100
neos-3226448-wkra;1206151;0;512.043709;1;836;0;836;100
neos-3237086-abava;1206151;0;96;1;260;1;261;100
neos-3322547-alsek;1206151;616;115.178534;2;10573;28;10601;100
neos-3352863-ancoa;1206151;495300;0;2;769;6;775;100
neos-3354841-apure;1206151;48447.926267;3.552995;1;3196;1;3197;100
neos-3355120-tarago;1206151;-20453473.616781;80.899969;1;670;0;670;100
neos-3355323-arnon;1206151;0;21.818182;4;90;2;92;100
neos-3372571-onahau;1206151;0.57699;8.695953;2;1685;0;1685;100
neos-3373491-avoca;1206151;21687686014.0154;26.555947;1;7;0;7;100
neos-3381206-awhea;1206151;432;61.334767;2;5;0;5;100
neos-3402294-bobin;1206151;0;35.009213;1;1124;2;1126;100
neos-3426085-ticino;1206151;235;41.78747;3;42;0;42;100
neos-3426132-dieze;1206151;427;103.670666;2;79;0;79;100
neos-3437289-erdre;1206151;0;0;1;95;1;96;0
neos-3530903-gauja;1206151;170;33.253136;3;5;0;5;100
neos-3530905-gaula;1206151;153;29.042208;2;5;0;5;100
neos-3555904-turama;1206151;-41.45;29.464286;1;887;0;887;100
neos-3572885-glina;1206151;0;0;1;404;3;407;0
neos-3581454-haast;1206151;1640;52;1;109;0;109;100
neos-3592146-hawea;1206151;7237144.855333;13.694653;1;47;0;47;100
neos-3594536-henty;1206151;383205;2496;1;155;1;156;100
neos-3603137-hoteo;1206151;0;34.208333;3;49;0;49;100
neos-3610040-iskar;1206151;45;0;2;2;0;2;21.62
neos-3610051-istra;1206151;64;0;2;9;0;9;30.61
neos-3610173-itata;1206151;180;0;2;6;0;6;21.62
neos-3611447-jijia;1206151;129;0;2;3;0;3;20.56
neos-3611689-kaihu;1206151;151;0;2;3;0;3;26.89
neos-3615091-sutlej;1206151;-1506391.117177;170;1;1737;4;1741;100
neos-3627168-kasai;1206151;1020229.4;0;2;3;0;3;3.2
neos-3634244-kauru;1206151;0;152.72;1;4450;7;4457;100
neos-3636886-kereu;1206151;4092.95754;2e-05;2;53;0;53;100
neos-3656078-kumeu;1206151;-18774.7;144.152983;2;203;0;203;100
neos-3660371-kurow;1206151;286.534383;18.305351;1;39;0;39;100
neos-3661949-lesse;1206151;688975700;0.00026;2;55;0;55;100
neos-3665875-lesum;1206151;248.325;39.496094;4;64;0;64;100
neos-3682128-sandon;1206151;79915933.274829;141.641588;2;266;0;266;100
neos-3691541-lonja;1206151;-0.079271;1.110009;2;43;0;43;100
neos-3695882-vesdre;1206151;-145935.214286;38.62531;1;557;0;557;100
neos-3696678-lyvia;1206151;4.90689;306.477181;2;53;0;53;100
neos-3699377-maori;1206151;135877.224265;88.272067;2;98;0;98;100
neos-3703351-marne;1206151;317056.210386;66.75637;2;55;0;55;100
neos-3740487-motru;1206151;152.145486;83.106404;2;42766;13;42779;100
neos-3754480-nidda;1206151;-1216923.270104;12.186832;1;3;0;3;100
neos-3755335-nizao;1206151;50.030157;72.893283;2;572;0;572;100
neos-3759587-noosa;1206151;48.334468;3.376667;2;355;0;355;100
neos-3761878-oglio;1206151;422769.022545;76.021852;2;47;0;47;100
neos-3762025-ognon;1206151;603955.746492;55.414542;2;36;0;36;100
neos-4165869-wannon;1206151;282.410166;67.168679;3;606;1;607;100
neos-4230265-orari;1206151;10055874880.8713;2982.245145;241;4393;114;4507;100
neos-4260495-otere;1206151;3336.109119;251.27169;2;747;6;753;100
neos-4285819-pedja;1206151;9.198014;17.924816;2;122836;51;122887;100
neos-4290317-perth;1206151;6352398.05574;0;2;630;1;631;100
neos-4292145-piako;1206151;203075008.660562;3215.980526;241;3471;128;3599;100
neos-4295773-pissa;1206151;0;3220.505376;1;5272;2;5274;100
neos-4300652-rahue;1206151;0;49;2;729;0;729;100
neos-4306827-ravan;1206151;-35696.901913;2144.305389;5;814;13;827;100
neos-4321076-ruwer;1206151;1880.558333;39.333333;1;15618;1;15619;100
neos-4322846-ryton;1206151;0.419848;26;1;554;2;556;100
neos-4332801-seret;1206151;222328.384492;6070.103294;3;112987;1158;114145;100
neos-4332810-sesia;1206151;-33931.341204;4092.28388;13;114850;3537;118387;100
neos-4333464-siret;1206151;24.731464;0.125;2;26;0;26;100
neos-4333596-skien;1206151;-14653956.91493;0.180763;1;10;0;10;100
neos-4335793-snake;1206151;0;300.868689;2;1020;1;1021;100
neos-4338804-snowy;1206151;1447;0.33;3;4;0;4;100
neos-4343293-stony;1206151;51.62736;0.5;2;70;0;70;100
neos-4355351-swalm;1206151;33.822611;0.094819;2;210;0;210;100
neos-4358725-tagus;1206151;6199.400001;198.323744;73;628;12;640;100
neos-4359986-taipa;1206151;0.296593;39.062139;1;1085;1;1086;100
neos-4360552-sangro;1206151;-29.5;557.645354;1;13256;0;13256;100
neos-4387871-tavua;1206151;36.445048;0.2;2;40;0;40;100
neos-4391920-timok;1206151;9e-06;37.747142;1;6996;1;6997;100
neos-4393408-tinui;1206151;340.267489;0.2;2;42;0;42;100
neos-4408804-prosna;1206151;914.483516;66.321429;1;2903;1;2904;100
neos-4409277-trave;1206151;0;347.723278;1;2023;0;2023;100
neos-4413714-turia;1206151;43.474651;371.333441;1;1875;5;1880;100
neos-4532248-waihi;1206151;0;26.333333;1;757;1;758;100
neos-4533806-waima;1206151;3063.318841;99;1;1055;2;1057;100
neos-4545615-waita;1206151;3606.59419;108.263827;1;14676;15;14691;100
neos-4555749-wards;1206151;3026.812121;68.666667;1;900;2;902;100
neos-4562542-watut;1206151;3743.304348;85.428571;1;3427;3;3430;100
neos-4647027-thurso;1206151;26911.641616;127.083433;1;2486;0;2486;100
neos-4647030-tutaki;1206151;26911.641616;130.175014;1;2775;0;2775;100
neos-4647032-veleka;1206151;26587.908699;174.815461;1;3920;0;3920;100
neos-4650160-yukon;1206151;-22688.54768;228.864;1;5;0;5;100
neos-4722843-widden;1206151;1841.255082;1452.768981;2;418;2;420;100
neos-4724674-aorere;1206151;3758.753179;59.078997;3;490;3;493;100
neos-4736745-arroux;1206151;653873224.676537;1.560199;2;47;0;47;100
neos-4738912-atrato;1206151;617323325.173629;52.400465;2;45;0;45;100
neos-4754521-awarau;1206151;0;0;1;1172;6;1178;0
neos-4760493-puerua;1206151;1908.243695;237.071976;1;33801;1;33802;100
neos-476283;1206151;406.244708;4.622056;2;4466;0;4466;100
neos-4763324-toguru;1206151;1120.986062;232.945926;1;39426;1;39427;100
neos-4797081-pakoka;1206151;0;827.858104;1;5378;0;5378;100
neos-4805882-barwon;1206151;1676.929283;206.756435;2;190;0;190;100
neos-480878;1206151;515.138796;1.008444;2;15;0;15;100
neos-4954274-beardy;1206151;18659.208282;301.285291;2;935;0;935;100
neos-4954672-berkel;1206151;3733961;4.007059;2;3;0;3;100
neos-4966258-blicks;1206151;354.545455;450.828848;3;1391;2;1393;100
neos-4971100-bodrog;1206151;0;0;2;66;0;66;100
neos-4972437-bojana;1206151;355.557128;31.979415;2;8627;1;8628;100
neos-4972461-bolong;1206151;465.045599;50.250248;2;4848;1;4849;100
neos-4976951-bunnoo;1206151;375.694372;25.259996;2;7039;1;7040;100
neos-4984115-canche;1206151;-10414620.716097;6.967648;1;18361;0;18361;100
neos-498623;1206151;16;44.05751;1;118;0;118;100
neos-5013590-toitoi;1206151;1064.447092;169;1;13312;0;13312;100
neos-5018451-chiese;1206151;-149772385.216405;18.530618;1;63874;0;63874;100
neos-503737;1206151;50;47.555718;1;33;0;33;100
neos-5041822-cockle;1206151;5696053.417116;2.418448;3;2792;10;2802;100
neos-5044663-wairoa;1206151;4653100;541.481293;1;21776;1;21777;100
neos-5045105-creuse;1206151;19.06667;21.458183;1;74;0;74;100
neos-5049753-cuanza;1206151;464;69.6;3;2573;1;2574;100
neos-5051588-culgoa;1206151;128.75;31.449091;1;97;0;97;100
neos-5052403-cygnet;1206151;232.147435;87.133886;8;37352;9;37361;100
neos-506422;1206151;0;6.9;1;40;0;40;100
neos-506428;1206151;145945;95.648936;1;541;0;541;100
neos-5075914-elvire;1206151;277.341888;3.120913;2;49;0;49;100
neos-5076235-embley;1206151;1930;0.115385;2;796;0;796;100
neos-5078479-escaut;1206151;7280.474567;0.467977;2;44;0;44;100
neos-5079731-flyers;1206151;2004;1.087912;2;954;0;954;100
neos-5083528-gimone;1206151;0;20.875;1;241;1;242;100
neos-5093327-huahum;1206151;3934;1.841667;2;749;0;749;100
neos-5100895-inster;1206151;2084;3.582418;2;549;0;549;100
neos-5102383-irwell;1206151;1740;2.483516;2;999;0;999;100
neos-5104907-jarama;1206151;639.917149;50.953837;2;9243;1;9244;100
neos-5106984-jizera;1206151;721;3.5;2;3738;2;3740;100
neos-5107597-kakapo;1206151;0;0.59125;2;40;0;40;100
neos-5108386-kalang;1206151;620.501637;57.690941;2;13662;2;13664;100
neos-5114902-kasavu;1206151;518;138;3;9702;3;9705;100
neos-5115478-kaveri;1206151;0;0.529375;2;45;0;45;100
neos-5116085-kenana;1206151;452;142;3;5799;2;5801;100
neos-5118834-korana;1206151;569.216333;123.504863;2;12422;2;12424;100
neos-5118851-kowhai;1206151;1134;5.88;2;5495;2;5497;100
neos-5123665-limmat;1206151;652.42743;71.017903;2;16966;2;16968;100
neos-5125849-lopori;1206151;0;51.956886;1;39;0;39;100
neos-5129192-manaia;1206151;0;3.769231;1;4196;5;4201;100
neos-5138690-middle;1206151;605.364996;106.306535;2;15340;2;15342;100
neos-5140963-mincio;1206151;8877;2.142857;1;1;0;1;100
neos-5149806-wieprz;1206151;0.027694;5.514108;5;441;6;447;100
neos-5151569-mologa;1206151;686023627.750363;27.702234;2;2106;1;2107;100
neos-5178119-nalagi;1206151;8.569859;18.661577;2;81;0;81;100
neos-5182409-nasivi;1206151;0;18.212177;1;8;0;8;100
neos-5188808-nattai;1206151;0;13.024442;1;379;0;379;100
neos-5189128-totara;1206151;330131.390743;21.863581;1;926;0;926;100
neos-5192052-neckar;1206151;-11980000;0.333333;3;0;0;0;100
neos-5193246-nerang;1206151;0;792.331614;1;849;0;849;100
neos-5195221-niemur;1206151;0;700.447361;1;846;0;846;100
neos-5196530-nuhaka;1206151;0;750.534707;1;631;0;631;100
neos-520729;1206151;-1391291.666667;8.76;1;528;0;528;100
neos-5221106-oparau;1206151;0;61.698592;1;268;0;268;100
neos-5223573-tarwin;1206151;0.1058;0.258185;1;15059;1;15060;100
neos-5251015-ogosta;1206151;0.1058;0.226665;1;12247;0;12247;100
neos-525149;1206151;60;3.5;1;252;0;252;100
neos-5260764-orauea;1206151;58748.022532;10.633838;1;66;0;66;100
neos-5261882-treska;1206151;22721.328;6.436135;1;13;0;13;100
neos-5266653-tugela;1206151;20969.906674;15.508215;1;138;0;138;100
neos-5273874-yomtsa;1206151;0;0.2152;1;14774;0;14774;100
neos-555001;1206151;910619.201473;185.329242;1;34;0;34;100
neos-555343;1206151;1241512.54944;273.503416;1;38;0;38;100
neos-555424;1206151;1196312.54944;237.883186;1;36;0;36;100
neos-555884;1206151;1026121.836055;271.3209;1;37;0;37;100
neos-565672;1206151;43884.639336;66.477422;3;16048;7;16055;100
neos-574665;1206151;4948073.456141;10.746401;1;35;0;35;100
neos-578379;1206151;0;134.758643;1;1350;0;1350;100
neos-585192;1206151;-1999690.155301;98.986683;2;167;0;167;100
neos-585467;1206151;-1999711.795869;82.239088;2;22;0;22;100
neos-595904;1206151;61134.474995;16.114622;2;65;0;65;100
neos-619167;1206151;1.481241;34.850492;1;95;0;95;100
neos-631517;1206151;6494999.999936;60.866544;1;8;0;8;100
neos-631710;1206151;544;293.45197;2;6504;7;6511;100
neos-633273;1206151;4678552871.15256;377.739286;1;175;0;175;100
neos-662469;1206151;184340.629649;96.375734;1;481;0;481;100
neos-686190;1206151;5134.81383;17.515957;1;102;0;102;100
neos-691058;1206151;234;83.065598;1;183;0;183;100
neos-693347;1206151;234;75.573465;1;619;0;619;100
neos-738098;1206151;-1099;225.695149;1;123;0;123;100
neos-777800;1206151;-80;68.220262;1;43;0;43;100
neos-780889;1206151;3421500;0;1;600;9;609;0
neos-787933;1206151;300;0;2;219;13;232;100
neos-799711;1206151;-11228065.153797;0.981255;1;1256;0;1256;100
neos-799716;1206151;4932670.661692;0.616814;1;125;0;125;100
neos-807639;1206151;492.688889;1.37037;2;10;0;10;100
neos-820879;1206151;24874.267857;62.867619;1;117;0;117;100
neos-824661;1206151;65;60.642857;2;276;0;276;100
neos-824695;1206151;62;33.8;2;104;0;104;100
neos-826224;1206151;153;70;2;209;1;210;100
neos-826650;1206151;32;109.347222;2;45;0;45;100
neos-826694;1206151;84;92.333333;2;92;0;92;100
neos-826812;1206151;86.011;151.137255;2;108;0;108;100
neos-826841;1206151;32.0082;110.679849;2;55;0;55;100
neos-827015;1206151;2.098071;332.649497;1;1862;2;1864;100
neos-827175;1206151;121.00152;83.555556;2;155;0;155;100
neos-829552;1206151;2.098071;250.649497;1;1639;0;1639;100
neos-831188;1206151;1.76772;215.733333;1;63;0;63;100
neos-847302;1206151;0;49.875712;1;62;0;62;100
neos-848198;1206151;168781;0;2;138;0;138;100
neos-848589;1206151;0;0.075873;1;1402;1;1403;100
neos-849702;1206151;0;87.382423;1;18;0;18;100
neos-850681;1206151;2087;60.770833;1;106;0;106;100
neos-860300;1206151;1666.068586;9;1;58;0;58;100
neos-872648;1206151;52.672838;0;2;1154;5;1159;8.36
neos-873061;1206151;152.431558;0;2;1174;5;1179;34.12
neos-876808;1206151;10030.533833;259.649605;2;6073;2;6075;100
neos-885086;1206151;-243;13.945733;2;180;0;180;100
neos-885524;1206151;11771.55529;9.581376;2;144;2;146;100
neos-911880;1206151;23.26;17.986476;1;2;0;2;100
neos-911970;1206151;23.26;14.456206;1;2;0;2;100
neos-913984;1206151;1000;33.522949;1;171;1;172;100
neos-914441;1206151;5660364.28377;78.177859;1;1614;0;1614;100
neos-916792;1206151;26.203596;16.256328;2;83;0;83;100
neos-932721;1206151;513000;0;4;104;2;106;100
neos-932816;1206151;513000;0;3;209;6;215;100
neos-933562;1206151;0;237.810567;1;52;0;52;100
neos-933638;1206151;460014;0;3;220;4;224;100
neos-933966;1206151;424032;0;3;153;4;157;100
neos-934278;1206151;446011;0;3;303;2;305;100
neos-935234;1206151;420082;0;3;329;1;330;100
neos-935627;1206151;23250;0;3;369;1;370;100
neos-935769;1206151;23430;0;3;402;1;403;100
neos-937511;1206151;52640;0;3;423;1;424;100
neos-937815;1206151;53700;0;3;488;1;489;100
neos-941262;1206151;51543;0;3;348;1;349;100
neos-941313;1206151;9361;325.995652;1;611;4;615;100
neos-942830;1206151;12;68.941632;1;34;0;34;100
neos-948126;1206151;51842;0;3;410;1;411;100
neos-948346;1206151;-76.259687;4.145726;4;520;4;524;100
neos-950242;1206151;2;94;2;112;0;112;100
neos-953928;1206151;-97.806667;0;4;224;4;228;2.1
neos-954925;1206151;-216.766667;0;5;1067;22;1089;8.83
neos-956971;1206151;-71.74;2.884533;3;834;3;837;100
neos-957143;1206151;-175.669492;48.100823;4;521;3;524;100
neos-957323;1206151;-192.816464;25.331104;3;359;2;361;100
neos-957389;1206151;1.5;30.754586;1;109;0;109;100
neos-960392;1206151;-238;303.359003;1;275;1;276;100
neos-983171;1206151;52602;0;3;455;1;456;100
neos-984165;1206151;52002;0;3;511;1;512;100
neos13;1206151;-126.178378;42.160092;2;242;0;242;100
neos15;1206151;144796.909577;0;2;1;0;1;79.65
neos16;1206151;429;13.142857;2;3;0;3;100
neos17;1206151;0.222688;0;2;7;0;7;48.46
neos18;1206151;11;59;3;69;0;69;100
neos2;1206151;-4717.666848;6.724359;1;8;0;8;100
neos22;1206151;413700;227;1;33;0;33;100
neos5;1206151;17.25;0;2;1;0;1;15
neos6;1206151;116.604289;27.902196;4;106;1;107;100
neos8;1206151;-2885.143864;22.041691;3;826;1;827;100
neos808444;1206151;0;221.165702;1;227;0;227;100
neos9;1206151;780;44.25;1;333;0;333;100
net12;1206151;47.514236;132.660069;3;1306;0;1306;100
netdiversion;1206151;454.4;774.4;3;9617;5;9622;100
newdano;1206151;11.724138;8.447296;1;2;0;2;100
nexp-150-20-1-5;1206151;84;0;2;40;0;40;27.27
nexp-150-20-8-5;1206151;656;0;2;81;1;82;100
nexp-50-20-1-1;1206151;34;0;2;1;0;1;17.24
nexp-50-20-4-2;1206151;120;0;2;3;0;3;69.01
nh97_potential;1206151;1461;72.75;2;5;0;5;100
nh97_tension;1206151;1438;81.583333;2;2;0;2;100
nj1;1206151;0;607;1;533;1;534;100
nj2;1206151;0;607;1;644;1;645;100
nj3;1206151;0;607;1;67723;1;67724;100
nobel-eu-DBE;1206151;7662120;0;2;90;0;90;100
noswot;1206151;-9;0;2;0;0;0;78.05
ns1111636;1206151;96.25;19.25;1;607;1;608;100
ns1116954;1206151;0;144.400486;1;845;0;845;100
ns1208400;1206151;0;89.16614;1;64;0;64;100
ns1430538;1206151;73.621609;10.155449;1;555;0;555;100
ns1456591;1206151;361.939022;19;1;112;0;112;100
ns1606230;1206151;13.225;182.603065;1;1796;0;1796;100
ns1631475;1206151;817.193748;716.662243;1;1313;0;1313;100
ns1663818;1206151;1;9.141146;1;6003;3;6006;100
ns1679495;1206151;3337055.001914;100.246101;2;48823;2;48825;100
ns1685374;1206151;-51.800913;96.218654;1;53621;1;53622;100
ns1688347;1206151;2;5.051506;1;57;0;57;100
ns1690781;1206151;-1022.785697;17.664172;2;180;0;180;100
ns1696083;1206151;2;13.475541;1;147;0;147;100
ns1758913;1206151;-1501.183256;124.830251;1;7230;0;7230;100
ns1760995;1206151;-1379.173237;142;1;21452;1;21453;100
ns1778858;1206151;-22635740;227.465047;2;306;0;306;100
ns1828997;1206151;0;75;2;1108;1;1109;100
ns1830653;1206151;6153;57.880312;1;143;0;143;100
ns1849932;1206151;546;6.131653;1;1038;2;1040;100
ns1853823;1206151;1172000;1386;2;52911;10;52921;100
ns1854840;1206151;1.432e+11;1139.47326;2;7156;7;7163;100
ns1856153;1206151;0;254.167528;1;147;0;147;100
ns1904248;1206151;0;854.146124;14;2822;19;2841;100
ns1905797;1206151;11.75098;19.65;1;213;0;213;100
ns1905800;1206151;6.4366;16.364665;1;50;0;50;100
ns1952667;1206151;0;10.112982;1;208;0;208;100
ns2017839;1206151;77026281754033.4;1.017799;2;8104;0;8104;100
ns2034125;1206151;0;796.623735;2;1917;0;1917;100
ns2071214;1206151;0;60.238929;1;76;0;76;100
ns2081729;1206151;4.6;0.852;2;3;0;3;100
ns2122698;1206151;62785.622771;194.641858;1;559;0;559;100
ns2124243;1206151;53998.333333;195.416667;1;470;1;471;100
ns2137859;1206151;24629;42.075016;1;768;2;770;100
ns4-pr3;1206151;36073;12;1;99;0;99;100
ns4-pr6;1206151;29145.75;8.875;1;30;0;30;100
ns4-pr9;1206151;35175;10;1;76;0;76;100
ns894236;1206151;18;199.238568;2;374;0;374;100
ns894244;1206151;16;340.564115;2;1219;0;1219;100
ns894786;1206151;14;210.712983;2;1320;0;1320;100
ns894788;1206151;7;91.946694;2;160;0;160;100
ns903616;1206151;22;385.201946;2;1028;0;1028;100
nsa;1206151;91.44794;7.482504;1;6;0;6;100
nsr8k;1206151;17500809.511815;639.929911;1;8105;1;8106;100
nsrand-ipx;1206151;646400;0;2;60;1;61;100
nu120-pr12;1206151;38070;13.695833;1;40;0;40;100
nu120-pr3;1206151;21306.442308;42.751022;1;117;0;117;100
nu120-pr9;1206151;19062.5;28.652083;1;84;0;84;100
nu25-pr12;1206151;52757.5;11.9;1;45;0;45;100
nu4-pr9;1206151;35175;22.513333;1;76;0;76;100
nu60-pr9;1206151;22850;28.383333;1;83;0;83;100
nucorsav;1206151;29.0461;81.032136;2;81290;8;81298;100
nursesched-medium-hint03;1206151;33.468485;460.316255;1;1162;0;1162;100
nursesched-medium04;1206151;411;279.979978;2;766;1;767;100
nursesched-sprint-hidden09;1206151;580.911765;177.875;2;318;0;318;100
nursesched-sprint-late03;1206151;34.254806;178.177416;1;353;0;353;100
nursesched-sprint02;1206151;129.416667;125.4375;2;227;0;227;100
nw04;1206151;16310.666667;2;1;257;1;258;100
ofi;1206151;6131846109.62063;1781.999298;135;9541;98;9639;100
ofi2;1206151;6124829152.73116;3158.688481;133;7200;133;7333;100
oocsp-racks030e6cci;1206151;0;0;1;213;3;216;0
opm2-z10-s2;1206151;-19912;0;5;24328;10;24338;41.13
opm2-z10-s4;1206151;-17801;0;5;24276;10;24286;46.49
opm2-z11-s8;1206151;-24071;0;5;50062;13;50075;44.65
opm2-z12-s14;1206151;-37765;0;6;121035;22;121057;41.26
opm2-z12-s7;1206151;-38383;0;5;110634;18;110652;41.41
opm2-z12-s8;1206151;-34399;0;6;109491;24;109515;41.24
opm2-z6-s1;1206151;-2356;0;3;321;0;321;62.01
opm2-z7-s2;1206151;-7107;0;5;844;2;846;30.87
opm2-z7-s8;1206151;-6856;0;5;804;2;806;39.01
opm2-z8-s0;1206151;-7776;0;4;3850;3;3853;50.71
opt1217;1206151;-20.02139;8.22549;1;1;0;1;100
osorio-cta;1206151;0;3.5e-05;1;54;0;54;100
p0201;1206151;6875;20;1;1;0;1;100
p100x588b;1206151;58977;0;2;1;0;1;23.18
p200x1188c;1206151;15747;0;2;2;0;2;4.44
p2756;1206151;2763;2.212891;2;5;0;5;100
p500x2988;1206151;72594;0;2;28;0;28;1.06
p500x2988c;1206151;17212;0;2;25;0;25;13.13
p500x2988d;1206151;6;0;2;25;0;25;0
p6b;1206151;-53;0;3;33;0;33;15.87
p80x400b;1206151;45896;0;2;1;0;1;15.7
pb-fit2d;1206151;-22372.476239;842.898884;1;7293;4;7297;100
pb-gfrd-pnc;1206151;8316.011268;30.700616;1;151;1;152;100
pb-grow22;1206151;-449681.200587;122.632175;1;454;0;454;100
pb-market-split8-70-4;1206151;0;2.197219;1;0;0;0;100
pb-simp-nonunif;1206151;6;513.5;2;3992;21;4013;100
peg-solitaire-a3;1206151;1;289.311002;1;385;0;385;100
pg;1206151;-11098.657382;17.215049;2;5;0;5;100
pg5_34;1206151;-16012.248077;18.476238;2;7;0;7;100
physiciansched3-3;1206151;2432694.766159;1299.771515;17;61316;31;61347;100
physiciansched3-4;1206151;1124678.224456;1152.371387;12;35147;18;35165;100
physiciansched5-3;1206151;5180;1064.20702;3;1301;1;1302;100
physiciansched6-1;1206151;7500;756.571528;2;809;5;814;100
physiciansched6-2;1206151;43012.5;757.225;2;668;5;673;100
pigeon-08;1206151;-8000;8.25974;1;2;0;2;100
pigeon-10;1206151;-10000;13.559596;1;2;0;2;100
pigeon-11;1206151;-11000;16.690909;1;3;0;3;100
pigeon-12;1206151;-12000;21.818182;1;3;0;3;100
pigeon-13;1206151;-13000;24;1;4;0;4;100
pigeon-16;1206151;-16000;74.018182;1;5;0;5;100
pigeon-19;1206151;-19000;59.036364;1;31;0;31;100
pigeon-20;1206151;-20000;62.509091;1;33;0;33;100
piperout-03;1206151;68814.99759;435.327133;6;396;2;398;100
piperout-08;1206151;99128.924471;558.342366;32;416;9;425;100
piperout-27;1206151;6970;1154.464464;12;587;7;594;100
piperout-d20;1206151;25533.842105;676.796097;2;1211;1;1212;100
piperout-d27;1206151;7083.116279;1022.542306;2;1546;1;1547;100
pk1;1206151;0;2.794444;1;0;0;0;100
polygonpack3-15;1206151;-96519350.40932;30.691342;3;1494;1;1495;100
polygonpack4-10;1206151;-93676953.4701;20.42385;3;446;0;446;100
polygonpack4-15;1206151;-114052801.79086;40.321265;3;1476;1;1477;100
polygonpack4-7;1206151;-75324958.8742;9.351219;3;228;0;228;100
polygonpack5-15;1206151;-42382234.50354;24.151449;3;1845;1;1846;100
pp08a;1206151;15000;0;2;0;0;0;100
pp08aCUTS;1206151;16630.402442;0;2;2;0;2;100
probportfolio;1206151;5;15.184084;2;3;0;3;100
prod1;1206151;-100;6.72495;2;1;0;1;100
prod2;1206151;-100;4.433874;2;1;0;1;100
proteindesign121hz512p19;1206151;3197.772133;67.38213;1;18400;57;18457;100
proteindesign121hz512p9;1206151;1423.904449;61.920249;1;723;4;727;100
proteindesign121pgb11p9;1206151;1173.710433;49.777201;1;566;2;568;100
proteindesign122trx11p8;1206151;1720.461105;46.268597;1;513;2;515;100
protfold;1206151;0;35;2;17;0;17;100
pw-myciel4;1206151;0;65.596829;6;34;0;34;100
pythago7824;1206151;0;580.777778;6;763;2;765;100
pythago7825;1206151;0;586.777778;8;837;2;839;100
qap10;1206151;332.566228;55;1;359;0;359;100
qiu;1206151;1805.177143;0;2;4;0;4;100
qnet1;1206151;98035.87;7.221868;2;14;0;14;100
qnet1_o;1206151;96705.12;0;2;5;0;5;100
queens-30;1206151;-30;0;3;200;2;202;25
r4l4-02-tree-bounds-50;1206151;510876207;651.016667;2;49;0;49;100
r50x360;1206151;2016;0;2;1;0;1;21.96
r80x800;1206151;5520;0;2;1;0;1;3.53
radiationm18-12-05;1206151;17554.5;196.038066;1;195;0;195;100
radiationm40-10-02;1206151;155306.7;933.533;1;1197;4;1201;100
rail01;1206151;-92.0873;2555.823708;1;10738;3;10741;100
rail02;1206151;-206.6102;3001.898333;1;128937;8;128945;100
rail03;1206151;-920.273762;12426.061971;1;169240;23;169263;100
rail507;1206151;216;0;3;678;8;686;24.14
railway_8_1_0;1206151;397;64.534158;3;10;0;10;100
ramos3;1206151;440;0;3;1399;0;1399;100
ran12x21;1206151;4080;0;2;0;0;0;11.35
ran13x13;1206151;3521;0;2;0;0;0;8.27
ran14x18-disj-8;1206151;12451.012696;0;2;20;0;20;100
ran14x18;1206151;4265;0;2;0;0;0;14.9
ran16x16;1206151;4333;0;2;0;0;0;13.34
rd-rplusc-21;1206151;100;4.122769;1;521;0;521;100
reblock115;1206151;-39365983.337347;271.565472;1;204;0;204;100
reblock166;1206151;-886882876.965829;382.279623;1;512;0;512;100
reblock354;1206151;-39640995.765204;569.832903;3;848;0;848;100
reblock420;1206151;-886535897.522137;986.979676;1;2376;0;2376;100
reblock67;1206151;-39339910.923037;159.950504;1;52;0;52;100
rfds-4-days;1206151;-1158940.978167;54.113757;1;65086;8;65094;100
rlp1;1206151;13.244444;9.961905;1;1;0;1;100
rmatr100-p10;1206151;360.593308;9.692735;1;230;0;230;100
rmatr100-p5;1206151;762.040054;5;1;551;0;551;100
rmatr200-p10;1206151;1550.620783;10;1;10651;0;10651;100
rmatr200-p20;1206151;688.357943;19.982266;1;4066;0;4066;100
rmatr200-p5;1206151;3283.653831;5;1;11271;0;11271;100
rmine10;1206151;-1926.821009;886.351115;2;4095;1;4096;100
rmine11;1206151;-2500.979506;1242.12491;263;12160;168;12328;100
rmine13;1206151;-3504.619914;1108.274293;2;40846;2;40848;100
rmine14;1206151;-4303.775099;2185.33618;6151;97123;8582;105705;100
rmine15;1206151;-5041.160176;4256.942532;4;177927;10;177937;100
rmine6;1206151;-437.471884;60.131684;5;128;0;128;100
rocI-3-11;1206151;-111086.671772;559.283036;1;48;0;48;100
rocI-4-11;1206151;-11111086.671772;810.679039;1;63;0;63;100
rocII-10-11;1206151;-11.974865;306.103805;1;506;0;506;100
rocII-4-11;1206151;-11.937162;82.5;1;140;0;140;100
rocII-5-11;1206151;-11.94973;122.235744;1;185;0;185;100
rocII-7-11;1206151;-11.964093;207.33219;1;350;0;350;100
rocII-8-11;1206151;-11.968581;244.702313;1;433;0;433;100
rocII-9-11;1206151;-11.972072;276.465408;1;468;0;468;100
rococoB10-011000;1206151;8350.199468;49.840978;1;120;0;120;100
rococoC10-001000;1206151;7515.271029;14.886765;1;58;0;58;100
rococoC11-010100;1206151;8773.206543;49.89581;1;159;0;159;100
rococoC11-011100;1206151;9024.205406;56.60339;1;127;0;127;100
rococoC12-010001;1206151;26787.292147;50.829414;1;211;0;211;100
rococoC12-111000;1206151;27337.357381;53.501346;1;323;0;323;100
roi2alpha3n4;1206151;-80.526722;7.807845;2;716;0;716;100
roi5alpha10n8;1206151;-87.787142;16;2;2154;3;2157;100
roll3000;1206151;11097.127677;46.77651;3;37;0;37;100
rout;1206151;981.864286;9.898077;1;2;0;2;100
rpp22falsei;1206151;0;0;1;38;0;38;0
rvb-sub;1206151;11.206514;4.571429;1;649;0;649;100
s100;1206151;-0.171097;43.263533;1;26371;8;26379;100
s1234;1206151;0.361925;1.578294;6;1878;1;1879;100
s250r10;1206151;-0.166732;112.777088;2;10517;8;10525;100
s55;1206151;-22.151773;0;1;1745;9;1754;0
s82;1206151;-33.833613;638.111555;2;204816;52;204868;100
satellites1-25;1206151;-20;46.054099;1;133;0;133;100
satellites2-25;1206151;-30;232.549845;1;4558;0;4558;100
satellites2-40;1206151;-30;128.145498;1;16192;1;16193;100
satellites2-60-fs;1206151;-30;502.252135;1;2853;1;2854;100
satellites2-60;1206151;-30;313.609113;1;17446;1;17447;100
satellites3-25;1206151;-39;981.495523;1;205696;2;205698;100
satellites3-40-fs;1206151;-39;956.482639;1;30041;3;30044;100
satellites3-40;1206151;-39;963.650088;1;211022;2;211024;100
savsched1;1206151;22586.49862;0;2;120136;28;120164;100
scpj4scip;1206151;183;0;3;1210;26;1236;41.86
scpk4;1206151;389;0;3;2590;25;2615;21.18
scpl4;1206151;360;0;3;4836;43;4879;36.88
scpm1;1206151;774;0;3;45553;127;45680;37.97
scpn2;1206151;741;0;3;72624;276;72900;38.76
sct1;1206151;-218.139003;91.32546;1;1413;0;1413;100
sct2;1206151;-231.116964;15.708827;1;65;0;65;100
sct31;1206151;-31.962662;31.547827;1;175;0;175;100
sct32;1206151;-62.990833;53.144038;1;646;0;646;100
sct5;1206151;-228.176552;31.924007;2;272;0;272;100
seqsolve1;1206151;4376.282987;371.073706;19;4044;36;4080;100
seqsolve2short4288;1206151;4.45;440.788269;4;2757;11;2768;100
seqsolve3short4288excess384;1206151;-46401.234768;425.509375;7;12803;15;12818;100
set1ch;1206151;110241.5;0;2;1;0;1;100
set3-09;1206151;1263.077974;49.748593;3;40;0;40;100
set3-10;1206151;788.890655;50.61299;3;57;0;57;100
set3-15;1206151;8364.040745;53.876403;3;43;0;43;100
set3-16;1206151;9916.808562;58.149187;3;42;0;42;100
set3-20;1206151;10347.381087;53.849605;3;42;0;42;100
seymour-disj-10;1206151;435.000001;2e-06;2;1691;0;1691;100
seymour;1206151;454;0;3;198;0;198;7.33
seymour1;1206151;422.819841;0;3;213;0;213;2.94
shiftreg1-4;1206151;131.656032;300.178571;1;45;0;45;100
shiftreg2-7;1206151;206.733052;275.753282;1;68;0;68;100
shiftreg5-1;1206151;520.839888;632.617991;1;318;0;318;100
shipsched;1206151;0;2.147365;5;135;1;136;100
shipschedule3shipsi;1206151;-265650;0;1;35;0;35;0
shipschedule6shipsmixi;1206151;-301650;0;1;52;1;53;0
shipschedule8shipsmixuci;1206151;-401100;0;1;77;1;78;0
shs1014;1206151;22137.410363;350.541667;1;175175;9;175184;100
shs1042;1206151;9455.525826;684.883411;1;67794;11;67805;100
siena1;1206151;10163179.229002;146.859338;1;1611;0;1611;100
sing11;1206151;18640171.224643;331.879469;1;8188;4;8192;100
sing161;1206151;19071259.113927;996.464534;1;64453;20;64473;100
sing17;1206151;35483848.876514;554.751047;1;30935;10;30945;100
sing2;1206151;17150914.71694;252.506822;1;1520;0;1520;100
sing245;1206151;25024015.754083;519.079791;1;12168;5;12173;100
sing326;1206151;7717674.801189;203.886687;1;2730;1;2731;100
sing359;1206151;22534478.962498;1259.613224;1;81039;16;81055;100
sing44;1206151;8102513.2194;177.330369;1;3017;1;3018;100
sing5;1206151;18418516.013137;272.410096;1;3625;3;3628;100
snip10x10-35r1budget17;1206151;30;2.533333;1;475;0;475;100
snp-02-004-104;1206151;548044802.97509;10.217187;2;4025;0;4025;100
snp-04-052-052;1206151;728196432.049806;735.582559;2;3631;1;3632;100
snp-06-004-052;1206151;1787138156.58097;33.734354;2;6155;1;6156;100
snp-10-004-052;1206151;5842625068.20526;48.106063;2;15077;2;15079;100
snp-10-052-052;1206151;5842626434.04626;1694.316668;2;16129;3;16132;100
sorrell3;1206151;-11;0;3;662;9;671;31.25
sorrell4;1206151;-16;0;3;2877;30;2907;33.33
sorrell7;1206151;-138;0;3;367;4;371;29.59
sorrell8;1206151;-259;0;3;77;1;78;26
sp150x300d;1206151;71;0;2;0;0;0;2.9
sp97ar;1206151;972940668.52016;1.064266;3;604;0;604;100
sp97ic;1206151;693946430.807546;1.277104;3;454;0;454;100
sp98ar;1206151;708064186.862341;1.533328;16;613;2;615;100
sp98ic;1206151;749699665.216431;1.781976;4;363;0;363;100
sp98ir;1206151;270542181.322102;8.206982;4;60;0;60;100
splice1k1;1206151;-1646.777979;8.512635;1;18183;7;18190;100
splice1k1i;1206151;-1654;0;1;196;6;202;0
square23;1206151;8.333333;12.444444;1;137;0;137;100
square31;1206151;8.5;13.75;1;913;0;913;100
square37;1206151;8.666667;15;1;2612;1;2613;100
square41;1206151;8.839612;15.068891;1;3856;1;3857;100
square47;1206151;8.755814;15.976744;1;6566;1;6567;100
stoch-vrpvrp-s5v2c8vrp-v2c8i;1206151;0;119.181818;1;29;0;29;100
stockholm;1206151;173;0;2;479;0;479;38.4
stp3d;1206151;604.886283;537.229946;2;24698;7;24705;100
sts405;1206151;357;0;2;562;2;564;0
sts729;1206151;665;0;2;3520;5;3525;0
supportcase1;1206151;20078;0.020624;2;315;3;318;100
supportcase10;1206151;3.383924;1850.997936;1;10086;2;10088;100
supportcase11;1206151;-25.979452;762069;1;293301;321;293622;100
supportcase12;1206151;-7609.533054;55.569104;1;1552;1;1553;100
supportcase14;1206151;272;9.894737;1;3;0;3;100
supportcase16;1206151;272;9;1;2;0;2;100
supportcase17;1206151;0;88.929601;2;10;0;10;100
supportcase18;1206151;87;9.141806;2;62;0;62;100
supportcase19;1206151;12677206;370.390975;1;27454;28;27482;100
supportcase2;1206151;0;7.75;1;9354;0;9354;100
supportcase20;1206151;2442.144012;4.88286;1;18;0;18;100
supportcase23;1206151;-12952;674.436182;1;1589;0;1589;100
supportcase25;1206151;0.036932;10.829622;1;97;0;97;100
supportcase26;1206151;1288.102161;0.009948;2;1;0;1;100
supportcase27i;1206151;0;0.028235;1;2;0;2;100
supportcase3;1206151;0;754.600046;3;216;0;216;100
supportcase30;1206151;0;102.85702;1;59;0;59;100
supportcase31;1206151;-1120655.076;0;3;1788;57;1845;69.88
supportcase33;1206151;-468.46299;67.367519;2;463;0;463;100
supportcase34;1206151;72.664116;328.063419;1;1206;0;1206;100
supportcase35;1206151;77847.333333;96;2;132;0;132;100
supportcase37;1206151;-5865.764096;28.093523;2;829;0;829;100
supportcase39;1206151;-1062330.369524;22.808785;5;102;1;103;100
supportcase4;1206151;0;537.153071;3;199;0;199;100
supportcase40;1206151;22536.483379;19;1;255;0;255;100
supportcase41;1206151;28;24.340373;5;307;0;307;100
supportcase42;1206151;7.343539;48.081295;1;1589;0;1589;100
supportcase43;1206151;0;48.147044;2;50483;3;50486;100
supportcase6;1206151;45090.732163;30.239669;1;1367;2;1369;100
supportcase7;1206151;-2396.218213;53.14731;2;1890;0;1890;100
swath;1206151;334.496858;2.2;1;34;0;34;100
swath1;1206151;334.496858;0.6;1;35;0;35;100
swath2;1206151;334.496858;0.7;1;34;0;34;100
swath3;1206151;334.496858;0.8;1;33;0;33;100
t1717;1206151;134531.021428;79.098998;1;276;1;277;100
t1722;1206151;98815.407611;52.399108;1;147;0;147;100
ta1-UUM;1206151;3693674.556772;4.190418;1;3;0;3;100
ta2-UUE;1206151;41427354.755773;0.680983;2;141;0;141;100
tanglegram1;1206151;0;146;1;246;1;247;100
tanglegram2;1206151;0;74;1;35;0;35;100
tanglegram4;1206151;0;214;1;838;1;839;100
tanglegram6;1206151;0;100;1;60;0;60;100
tbfp-bigm;1206151;-178.153988;30;1;275;0;275;100
tbfp-network;1206151;23.261535;31;1;825;1;826;100
Test3;1206151;2669532.692462;22.368722;2;251;0;251;100
thor50dday;1206151;204179;0;2;253;3;256;100
timtab1;1206151;1234325.333333;18.45;2;1;0;1;100
timtab1CUTS;1206151;613590.095426;35.885811;2;3;0;3;100
timtab2;1206151;1487304.333333;29.783333;2;1;0;1;100
tokyometro;1206151;11100;251.050363;2;75;0;75;100
toll-like;1206151;0;339.5;1;37;0;37;100
tpl-tub-ss16;1206151;767142.06434;2148.906605;2;90940;24;90964;100
tpl-tub-ws1617;1206151;648834.718392;2262.455897;2;120014;29;120043;100
tr12-30;1206151;188435.464884;3.580258;2;1;0;1;100
traininstance2;1206151;0;641.708827;2;57;0;57;100
traininstance6;1206151;0;381.122112;2;43;0;43;100
transportmoment;1206151;-70929535815.38;783.890174;2;203;0;203;100
trento1;1206151;5182758.848056;76.181959;1;590;0;590;100
triptim1;1206151;22.868087;2090.375;1;9787;1;9788;100
triptim2;1206151;10.866359;807.547954;1;10174;1;10175;100
triptim3;1206151;13.511741;809.069096;1;11127;1;11128;100
triptim4;1206151;9.207022;595.626838;1;12241;1;12242;100
triptim7;1206151;2336.732602;612.910017;2;13168;2;13170;100
triptim8;1206151;2336.754853;584.347661;2;11851;2;11853;100
tw-myciel4;1206151;3.838028;125.987676;4;165;0;165;100
uc-case11;1206151;611267.013003;118.928617;1;2670;0;2670;100
uc-case3;1206151;7181.264177;95.341586;1;2004;0;2004;100
uccase10;1206151;38988.693469;403.985961;1;2597;0;2597;100
uccase12;1206151;11507.285324;38.32;1;2125;0;2125;100
uccase7;1206151;26527.789654;162.379998;1;3472;0;3472;100
uccase8;1206151;11142.163196;63.982247;1;2753;0;2753;100
uccase9;1206151;10819.582997;76.021209;1;4253;0;4253;100
uct-subprob;1206151;242;56.889019;1;43;0;43;100
umts;1206151;91618146.215272;77.667697;2;49;0;49;100
unitcal_7;1206151;19387754.848556;143.965819;2;824;0;824;100
usAbbrv-8-25_70;1206151;95;138.115058;3;32;0;32;100
usafa;1206151;11.961749;2881.373487;2;51829;25;51854;100
v150d30-2hopcds;1206151;52;0;3;107;1;108;26.83
van;1206151;1.72352;5.404444;1;2386;0;2386;100
var-smallemery-m6j6;1206151;-156.056268;90.190835;2;1243;0;1243;100
vpm2;1206151;13.372866;5.698001;2;1;0;1;100
vpphard;1206151;0;125.275;1;205;1;206;100
vpphard2;1206151;0;224.687229;1;619;4;623;100
wachplan;1206151;-9;69.499445;1;42;0;42;100
wnq-n100-mw99-14;1206151;198.078947;81.026316;3;4761;1;4762;100
xmas10-2;1206151;-548.904684;180.189643;1;228;0;228;100
xmas10;1206151;-449.397905;132.337672;7;192;0;192;100
z26;1206151;-971;0;3;2630;36;2666;18.2
zeil;1206151;813.510308;818.357568;2;86551;9;86560;100
zib54-UUE;1206151;19164366;0;2;41;0;41;85.45
