Instance;Seed;Cost;Fractionality;Rounds;LPtime(ms);ZItime(ms);LP+ZItime(ms);Gap(%)
10teams;0;917;36.587901;1;29;0;29;100
22433;0;21552.708079;24.962328;5;5;0;5;100
23588;0;8355.018475;16.209775;6;3;0;3;100
2club200v15p5scn;0;-96.055556;38.611111;7;118;3;121;100
30n20b8;0;5530;18.137303;2;89;1;90;100
30_70_45_05_100;0;132;0;6;869;3;872;100
30_70_45_095_100;0;57;0;5;770;2;772;100
30_70_45_095_98;0;575;0;6;759;4;763;100
50v-10;0;1493601.476062;0;2;4;0;4;100
a1c1s1;0;20912.873333;0.041667;2;33;0;33;100
a2c1s1;0;20866.0825;0;2;34;0;34;91.62
ab51-40-100;0;-6462960122;0;3;829;1;830;37.98
ab67-40-100;0;-7069213256;0;3;2530;2;2532;36.8
ab69-40-100;0;-7004957457;0;3;2036;2;2038;37.38
ab71-20-100;0;-6512126462;0;3;233;1;234;37.51
ab72-40-100;0;-6898618453.00001;0;3;816;1;817;38.33
academictimetablebig;0;32;1954.747118;2;2943;21;2964;100
academictimetablesmall;0;0;319.827672;2;227;3;230;100
acc-tight2;0;0;129.034401;1;34;0;34;100
acc-tight4;0;0;132.883185;1;60;0;60;100
acc-tight5;0;0;121.269585;1;253;0;253;100
acc-tight6;0;0;123.251301;1;231;0;231;100
adult-max5features;0;0.081316;0.266955;1;843;3;846;100
adult-regularized;0;0.077684;0.234052;1;2203;3;2206;100
aflow30a;0;983.167425;6.510845;1;4;0;4;100
aflow40b;0;1005.664817;8.247724;1;21;0;21;100
air03;0;338864.25;11.875;1;65;0;65;100
air04;0;55535.436388;52.288553;1;233;0;233;100
air05;0;25877.609268;46.215654;1;166;0;166;100
aligninq;0;2755;41.998482;2;17;0;17;100
allcolor10;0;6;678.251326;2;172;1;173;100
allcolor58;0;42;3910.528975;1;1142;5;1147;100
amaze22012-03-15i;0;0;0;1;46;1;47;0
amaze22012-06-28i;0;0;0;1;26;0;26;0
amaze22012-07-04i;0;0;0;1;28;0;28;0
app1-1;0;-2;0.179678;3;57;0;57;100
app1-2;0;-23;1e-06;2;3868;1;3869;100
app2-1;0;19298.5;0;2;36;0;36;0.02
app2-2;0;219402.5;0;3;1;0;1;3.47
app3;0;5627412.287938;3.142492;1;40;0;40;100
arki001;0;7579599.807787;17.164714;2;33;0;33;100
assign1-10-4;0;353.992926;52;1;38;0;38;100
assign1-5-8;0;183.362555;24;1;2;0;2;100
atlanta-ip;0;81.243206;325.689509;3;4527;6;4533;100
atm20-100;0;2141734.684878;218.990778;2;94;0;94;100
australia-abs-cta;0;0;42.688829;1;82;0;82;100
b-ball;0;-1.818182;4.818182;1;0;0;0;100
b1c1s1;0;69966.45;0;2;42;0;42;100
b2c1s1;0;70651.01;0;2;39;0;39;100
bab1;0;-286923.824223;50.52;1;251;5;256;100
bab2;0;-350926.440227;560.525267;2;8528;24;8552;100
bab3;0;-583276.153196;508.478505;2;30975;57;31032;100
bab5;0;-111134.599976;185.90025;2;551;2;553;100
bab6;0;-222813.467183;662.294028;2;5960;16;5976;100
bc;0;13.063318;0.063318;2;101;0;101;100
bc1;0;6.45558;0.016336;2;98;0;98;100
beasleyC1;0;102;0;2;2;0;2;20
beasleyC2;0;232;0;2;2;0;2;61.11
beasleyC3;0;958;0;2;6;0;6;27.06
beavma;0;407840.4;0;3;1;0;1;6.41
berlin;0;1741;0;2;26;0;26;66.76
berlin_5_8_0;0;52;67.593519;3;5;0;5;100
bg512142;0;323992.007013;52.989642;3;28;0;28;100
biella1;0;3060037.430763;98.771008;1;254;0;254;100
bienst1;0;11.724138;4.390524;1;2;0;2;100
bienst2;0;11.724138;5.390524;1;2;0;2;100
binkar10_1;0;6637.188027;9.084811;1;12;0;12;100
blend2;0;7.489992;0.492283;2;0;0;0;100
bley_xl1;0;265.742874;323.211102;6;19252;23;19275;100
bley_xs1;0;213538830.272187;107.27048;3;142;0;142;100
bley_xs1noM;0;260783449.512445;78.38821;8;117;2;119;100
bley_xs2;0;48593009.277766;66.02141;2;22;0;22;100
blp-ar98;0;17399.472853;7.353198;5;101;8;109;100
blp-ic97;0;5900.535862;2.930622;9;83;8;91;100
blp-ic98;0;12317.691873;0.708955;11;128;18;146;100
blp-ir98;0;6957.006424;2.497817;3;41;2;43;100
bmocbd;0;-32041010095048.5;0;1;706;6;712;0
bmocbd2;0;-31953009810558.2;0;1;765;6;771;0
bmocbd3;0;45423160355.8155;0;3;16075;17;16092;100
bmoipr2;0;-46628940.711141;0.174413;3;76;1;77;100
bnatt350;0;0;97.086087;8;69;1;70;100
bnatt400;0;0;110.074275;9;99;2;101;100
bppc4-08;0;51.59;11.594675;1;17;0;17;100
bppc6-02;0;108.34;11.886994;1;157;1;158;100
bppc6-06;0;200.633333;14.947367;1;147;1;148;100
bppc8-02;0;486.5;3.204377;1;1;0;1;100
bppc8-09;0;444.436047;5.98123;1;5;0;5;100
brasil;0;31819;0;2;26;0;26;100
brazil3;0;2;656.675844;1;951;1;952;100
breastcancer-regularized;0;0.00046;0.002809;1;9;0;9;100
bts4-cta;0;33524.637606;1130;1;587;0;587;100
buildingenergy;0;33246.215059;1468.85;2;16277;4;16281;100
cap6000;0;-2446875;0;3;41;1;42;0.18
cbs-cta;0;0;29.948722;1;108;0;108;100
cdc7-4-3-2;0;-232;0;3;36308;5;36313;19.44
chromaticindex1024-7;0;4;16002.682953;2;2364;9;2373;100
chromaticindex128-5;0;4;2021.163699;2;128;1;129;100
chromaticindex256-8;0;4;4069.477083;2;364;2;366;100
chromaticindex32-8;0;4;504.8875;2;17;0;17;100
chromaticindex512-7;0;4;8183.527137;2;1088;5;1093;100
ci-s4;0;4.963809;19.526141;2;60;0;60;100
circ10-3;0;140;154.374862;1;170;1;171;100
cmflsp40-24-10-7;0;52605868.952858;70.70093;3;349;0;349;100
cmflsp40-36-2-10;0;72898024.959478;295.649246;3;775;0;775;100
cmflsp50-24-10-4;0;64492612.641644;81.236085;3;353;0;353;100
cmflsp50-24-8-8;0;59814378.749021;131.86946;3;367;0;367;100
cmflsp60-36-2-6;0;97887903.946142;370.689759;3;1637;0;1637;100
CMS750_4;0;250;254.215077;3;121;1;122;100
co-100;0;1250429.774879;9.799423;2;270;21;291;100
cod105;0;-8;0;3;476;1;477;33.33
comp07-2idx;0;0;139.65;2;1206;2;1208;100
comp08-2idx;0;0;197.321317;2;202;1;203;100
comp12-2idx;0;11;244.467887;3;1408;2;1410;100
comp16-3idx;0;4;723.409056;1;8062;2;8064;100
comp21-2idx;0;0;197.95;2;828;1;829;100
control30-3-2-3;0;-20763026.787568;27.97054;1;6;0;6;100
core2536-691;0;798;0;3;1358;4;1362;15.82
core2586-950;0;1150;0;3;899;3;902;21.31
core4284-1064;0;1314;0;3;5345;5;5350;23.61
core4872-1529;0;1861;0;3;2669;6;2675;21.63
cost266-UUE;0;42001606.28;0;2;75;0;75;67.01
cov1075;0;56;0;3;6;0;6;100
cryptanalysiskb128n5obj16;0;0;7174.215397;2;839;8;847;100
csched007;0;269.251587;22.185714;1;42;0;42;100
csched008;0;171;18.883137;1;11;0;11;100
csched010;0;332.422727;20.376263;1;43;0;43;100
cvrpa-n64k9vrpi;0;0;209.553191;188;329;467;796;100
cvrpb-n45k5vrpi;0;0;147.183206;10;144;11;155;100
cvrpp-n16k8vrpi;0;0;53.977273;82;29;11;40;100
cvrpsimple2i;0;0;27.5;3;2;0;2;100
cvs08r139-94;0;-24;0;3;15;0;15;79.31
cvs16r106-72;0;-10;0;3;29;0;29;87.65
cvs16r128-89;0;-11;0;3;36;0;36;88.66
cvs16r70-62;0;-5;0;3;29;0;29;88.1
cvs16r89-60;0;-7;0;3;28;0;28;89.23
d10200;0;12425.583005;34.236879;1;51;0;51;100
d20200;0;12229.625788;62.339279;1;320;0;320;100
dale-cta;0;0;0.004715;1;269;0;269;100
dano3mip;0;576.23162;15.294513;1;1728;0;1728;100
dano3_3;0;576.23162;1.932181;1;1676;0;1676;100
dano3_5;0;576.23162;2.871834;1;1807;0;1807;100
danoint;0;62.63728;5.819184;1;15;0;15;100
dc1c;0;1754946.863638;139.215684;1;279;0;279;100
dc1l;0;522111667.267955;0;3;1241;17;1258;100
dcmulti;0;184858.396836;12.823814;3;3;0;3;100
decomp1;0;-120;96.333333;1;48;0;48;100
decomp2;0;-160;93.138889;1;52;0;52;100
dfn-bwin-DBE;0;797567.4;0;2;30;0;30;100
dfn-gwin-UUM;0;27467.257235;5.653537;1;1;0;1;100
dg012142;0;5895516.340434;39.442147;5;204;0;204;100
diameterc-mstc-v20a190d5i;0;291;53.666667;1;31;0;31;100
diameterc-msts-v40a100d5i;0;324;67.621212;1;31;0;31;100
disctom;0;-5000;51.166667;1;216;0;216;100
disktom;0;-5000;51.166667;1;186;0;186;100
dolom1;0;6556066.068315;110.727743;1;461;1;462;100
drayage-100-12;0;21458.311901;46.026463;1;57;0;57;100
drayage-100-23;0;11714.141979;43.92447;1;137;0;137;100
drayage-25-23;0;11714.141979;42.862104;1;131;0;131;100
drayage-25-27;0;26785.797043;43.727905;1;56;0;56;100
drayage-25-32;0;32519.997253;42.366841;1;62;0;62;100
ds-big;0;86.820068;30.669231;1;7735;24;7759;100
ds;0;57.234565;33.463549;1;995;7;1002;100
dws008-01;0;708.876687;16.484655;2;58;0;58;100
dws008-03;0;713.120881;8.976636;2;119;1;120;100
dws012-01;0;3454.189654;25.988823;2;119;1;120;100
dws012-02;0;1587.9391;18.836864;2;214;2;216;100
dws012-03;0;1598.560608;20.577095;2;355;4;359;100
eil33-2;0;811.278996;3.61563;1;35;0;35;100
eilA101-2;0;803.373888;7.408683;1;846;7;853;100
eilB101;0;1075.247691;12.807028;1;20;0;20;100
eilC76-2;0;725.754458;7.780208;1;278;2;280;100
ej;0;1;0.243844;1;0;0;0;100
elitserienhandball11i;0;0;1421.352265;1;248;1;249;100
elitserienhandball13i;0;0;1357.692232;1;246;1;247;100
elitserienhandball14i;0;0;1543.7577;1;266;1;267;100
elitserienhandball3i;0;0;1525.315516;1;247;1;248;100
enlight13;0;0;0.5;1;0;0;0;100
enlight15;0;0;0.5;1;0;0;0;100
enlight8;0;0;0.5;1;0;0;0;100
enlight_hard;0;0;14.5;1;0;0;0;100
eva1aprime5x5opt;0;-497.247729;1.038251;1;413;0;413;100
eva1aprime6x6opt;0;-495.49243;7.017665;1;1840;0;1840;100
ex10;0;100;100;1;17076;7;17083;100
ex1010-pi;0;304;0;3;845;6;851;29.36
ex9;0;81;81;1;1834;3;1837;100
exp-1-500-5-5;0;97666.305541;4.045842;2;2;0;2;100
f2000;0;1383;1280;2;4148;0;4148;100
f2gap201600;0;76429.862296;1.402159;1;4;0;4;100
f2gap401600;0;82274.237434;1.19002;1;4;0;4;100
f2gap40400;0;20650.898154;3.25358;1;1;0;1;100
f2gap801600;0;86570.120867;5.266841;1;5;0;5;100
fast0507;0;214;0;3;597;14;611;22.99
fastxgemm-n2r6s0t2;0;27;9;1;35;0;35;100
fastxgemm-n2r7s4t1;0;27;9;1;37;0;37;100
fastxgemm-n3r21s3t6;0;84;27;1;2442;0;2442;100
fastxgemm-n3r22s4t6;0;84;27;1;2591;0;2591;100
fastxgemm-n3r23s5t6;0;84;27;1;2553;0;2553;100
fhnw-binpack4-48;0;0;333.285714;2;124;0;124;100
fhnw-binpack4-58;0;0;467.321429;2;131;1;132;100
fhnw-binpack4-77;0;0;207.310714;2;113;0;113;100
fhnw-binschedule0;0;12632.888779;685.581929;3;11626;40;11666;100
fhnw-binschedule2;0;1706.886254;169.991138;3;225;4;229;100
fhnw-schedule-paira100;0;-36.643681;5.147307;2;125;0;125;100
fhnw-schedule-paira200;0;-73.826479;8.938667;2;253;2;255;100
fhnw-schedule-paira400;0;-146.941079;19.26431;2;1407;11;1418;100
fhnw-schedule-pairb200;0;-73.826479;516.184695;2;1167;6;1173;100
fhnw-schedule-pairb400;0;-146.941079;2338.646383;2;6946;24;6970;100
fhnw-sq2;0;0;15.502573;1;5;0;5;100
fiball;0;137.069168;72.208175;1;143;1;144;100
fiber;0;1023943.76;9.839127;2;3;0;3;100
fillomino7x7-0i;0;0;0;1;26;0;26;0
fixnet6;0;12170;0;2;1;0;1;100
fjspeasy01i;0;216;0;1;49;1;50;0
flugpl;0;1167185.725592;3.538918;1;0;0;0;100
g200x740;0;45614;0;2;2;0;2;2.93
g200x740i;0;44069;0;2;2;0;2;46.48
gasprod1-1;0;4539.90753;51.5198;7885;813;6772;7585;100
gasprod1-2;0;1691.141291;51.497411;6853;554;4941;5495;100
gasprod1-3;0;3682.336923;49.221179;8368;549;5992;6541;100
gasprod2-1;0;1306101.609201;404.201103;19;1685;16;1701;100
gasprod2-2;0;1330631.091637;502.800224;36;1788;29;1817;100
gen-ip002;0;-511.036897;0;3;0;0;0;89.32
gen-ip016;0;-9505.628173;1.906914;1;0;0;0;100
gen-ip021;0;6642.05262;2.217259;4;0;0;0;100
gen-ip036;0;-2162.833562;0;3;0;0;0;53.05
gen-ip054;0;16786.476526;1.032398;5;0;0;0;100
gen;0;112130.040664;7.929263;1;3;0;3;100
genus-g31-8;0;-27;94.724138;2;1064;3;1067;100
genus-g61-25;0;-58;242.75455;1;839;2;841;100
genus-sym-g31-8;0;-27;154.805251;2;3746;3;3749;100
genus-sym-g62-2;0;-54;256.205696;2;25714;3;25717;100
genus-sym-grafo5708-48;0;-27;115.405493;1;1299;0;1299;100
ger50-17-ptp-pop-3t;0;3466.324873;45.213645;1;117;0;117;100
ger50-17-ptp-pop-6t;0;6804.447088;50.477969;1;85;0;85;100
ger50-17-trans-dfn-3t;0;3453.475245;37.741927;1;149;1;150;100
ger50-17-trans-pop-3t;0;3456.252922;49.487013;1;160;1;161;100
ger50_17_trans;0;6850.628623;48.22611;1;142;1;143;100
germanrr;0;46672614.461982;53.234848;4;682;9;691;100
germany50-DBM;0;438028;23.4;1;139;0;139;100
germany50-UUM;0;597932.5;24.4;1;34;0;34;100
gesa2-o;0;25748173.191117;13.380406;2;5;0;5;100
gesa2;0;25477017.874283;13.26737;2;8;0;8;100
gfd-schedulen180f7d50m30k18-16i;0;18;107.002753;2;5610;161;5771;100
gfd-schedulen180f7d50m30k18;0;1;5037.697107;2;3601;23;3624;100
gfd-schedulen25f5d20m10k3i;0;3;13.619895;2;63;2;65;100
gfd-schedulen55f2d50m30k3i;0;3;27.695911;2;158;5;163;100
ghoulomb4-9-10i;0;9;0;1;61;2;63;0
glass-sc;0;29;0;3;119;1;120;26.09
glass4;0;800002400;2.059524;1;1;0;1;100
gmu-35-40;0;-2400283.756506;1.911023;2;10;0;10;100
gmu-35-50;0;-2606307.146543;3.420099;2;21;0;21;100
gmut-75-50;0;-14182312.661731;4.988967;2;602;14;616;100
gmut-76-40;0;-14171086.316075;9.054451;2;218;4;222;100
gmut-76-50;0;-14173884.188063;4.201959;2;489;13;502;100
gmut-77-40;0;-14173396.636852;2.97325;2;245;4;249;100
go19;0;95;0;3;5;0;5;13.1
gr4x6;0;229.05;0;2;0;0;0;13.19
graph20-20-1rand;0;-37;48;1;44;0;44;100
graph20-80-1rand;0;-117;142;1;1581;1;1582;100
graph40-20-1rand;0;-157;181.5;1;4254;3;4257;100
graph40-40-1rand;0;-300;341.96929;1;90552;10;90562;100
graphdraw-domain;0;12672;21.206816;1;3;0;3;100
graphdraw-gemcutter;0;4310;10.986111;1;1;0;1;100
graphdraw-grafo2;0;35762;326.358342;1;794;3;797;100
graphdraw-mainerd;0;30496;107.642303;2;82;0;82;100
graphdraw-opmanager;0;54717;173.389041;1;396;1;397;100
gsvm2rl11;0;35640.343493;0;3;349;0;349;96.67
gsvm2rl12;0;50;0;3;682;0;682;100
gsvm2rl3;0;0.6;0;3;4;0;4;78.29
gsvm2rl5;0;10;0;3;8;0;8;84.4
gsvm2rl9;0;16356.825869;0;3;61;0;61;100
gt2;0;13460.233074;0.728107;1;0;0;0;100
h50x2450;0;11147.731511;3.696751;1;27;0;27;100
h80x6320;0;3700;0;1;25;0;25;0
h80x6320d;0;5325.160104;2.515625;1;37;0;37;100
hanoi5;0;1926;328;5;185;1;186;100
haprp;0;3665963.213506;96.940858;1;4;0;4;100
harp2;0;-74353341.5023;5.485338;1;6;0;6;100
hgms-det;0;-53824.391476;32.676364;1;207;0;207;100
hgms30;0;-53349.215497;60.694272;1;9256;0;9256;100
hgms62;0;-53416.649907;61.317531;1;26503;0;26503;100
hypothyroid-k1;0;-2902.852586;39.591978;1;7772;2;7774;100
ic97_potential;0;4077;55.066667;2;5;0;5;100
ic97_tension;0;3911;15.366667;2;2;0;2;100
icir97_potential;0;6587;169.25;2;39;0;39;100
icir97_tension;0;6302;97.366667;2;4;0;4;100
iis-100-0-cov;0;35;0;3;109;0;109;20.69
iis-bupa-cov;0;46;0;3;154;1;155;27.78
iis-glass-cov;0;26;0;3;115;1;116;23.81
iis-hc-cov;0;22;0;3;164;3;167;29.41
iis-pima-cov;0;39;0;3;223;1;224;18.18
irp;0;12123.530222;6;1;86;1;87;100
istanbul-no-cutoff;0;51.11;3.607411;1;407;0;407;100
ivu06-big;0;135.427718;95.799872;1;55550;206;55756;100
ivu06;0;135.901353;97.120377;1;15842;59;15901;100
ivu52;0;480.250438;82.244023;1;7544;17;7561;100
ivu59;0;884.456993;122.994949;1;116216;257;116473;100
janos-us-DDM;0;1488134.75;22.375;1;7;0;7;100
k16x240;0;11359;0;2;0;0;0;6.42
k16x240b;0;12874;0;2;0;0;0;13
k1mushroom;0;-4165.061224;43.877551;1;16804;8;16812;100
k1mushroomi;0;-4208;0;1;183;8;191;0
khb05250;0;126785464;0;2;1;0;1;18.56
l2p12;0;2;1073.407198;1;424;1;425;100
l2p1i;0;1;526.902668;1;808;16;824;100
l2p2i;0;1;375.07928;1;49;1;50;100
lectsched-1-obj;0;0;5.942424;3;238;9;247;100
lectsched-1;0;0;3.125758;3;194;8;202;100
lectsched-2;0;0;17.414394;3;117;5;122;100
lectsched-3;0;0;21.056818;4;216;10;226;100
lectsched-4-obj;0;0;15.216667;3;74;2;76;100
lectsched-5-obj;0;0;4.092424;3;184;7;191;100
leo1;0;6964178576.15999;0;2;77;1;78;100
leo2;0;7067212476.31999;0;3;162;4;166;100
liu;0;346;8.863619;3;6;0;6;100
loopha13;0;6.279;1.10216;2;195;1;196;100
lotsize;0;1335747.052789;7.754078;2;7;0;7;100
lr1dr02vc05v8a-t360;0;120706.326475;174.298112;1;849;1;850;100
lr1dr04vc05v17a-t360;0;247111.69248;335.090553;1;1886;1;1887;100
lr1dr12vc10v70b-t360;0;983950.247945;1069.593454;1;44039;10;44049;100
lr2-22dr3-333vc4v17a-t60;0;-72838.215835;239.748662;2;35485;10;35495;100
lrn;0;42701141.648089;65.099086;2;485;0;485;100
m100n500k4r1;0;-18;0;3;8;0;8;28
macrophage;0;0;339;1;33;0;33;100
mad;0;0;2.744433;1;1;0;1;100
manna81;0;-10107;0;3;43;0;43;23.22
map06;0;-406.181173;7.868443;1;2550;1;2551;100
map10;0;-602.176181;11.248146;1;2776;1;2777;100
map14;0;-778.549324;11.962355;1;2301;1;2302;100
map14860-20;0;-998.836419;10.400693;1;2760;1;2761;100
map16715-04;0;-296.267898;4.997036;1;2356;1;2357;100
map18;0;-932.782685;11.173489;1;2351;1;2352;100
map20;0;-998.836419;10.400693;1;2924;1;2925;100
mappingmesh3x3mpeg2i;0;87.555556;87.202393;1;31;0;31;100
mario-t-hard5i;0;-4482;4.134921;1;1523;2;1525;100
markshare1;0;230;0;2;0;0;0;100
markshare2;0;167;0;3;0;0;0;100
markshare_4_0;0;226;0;2;0;0;0;100
markshare_5_0;0;324;0;2;0;0;0;100
mas74;0;10482.79528;3.103514;1;1;0;1;100
mas76;0;38893.903641;2.555097;1;1;0;1;100
maxgasflow;0;-70929535.9;625.438243;2;58;0;58;100
mc11;0;13509;0;2;28;0;28;15.57
mc7;0;5796;0;2;29;0;29;69.62
mc8;0;1929;0;2;29;0;29;23.18
mcsched;0;193774.753707;340.221655;1;136;0;136;100
methanosarcina;0;0;313;1;115;0;115;100
mik-250-1-100-1;0;0;0;2;3;0;3;100
mik-250-20-75-1;0;0;0;2;3;0;3;100
mik-250-20-75-2;0;0;0;2;3;0;3;100
mik-250-20-75-3;0;0;0;2;4;0;4;100
mik-250-20-75-4;0;0;0;2;3;0;3;100
mik-250-20-75-5;0;0;0;2;3;0;3;100
milo-v12-6-r1-58-1;0;410986.648167;146.256423;1;146;0;146;100
milo-v12-6-r1-75-1;0;669700.757896;230.843427;1;176;0;176;100
milo-v12-6-r2-40-1;0;205532.322265;93.667967;1;59;0;59;100
milo-v13-4-3d-3-0;0;23359.288017;1.476277;1;13;0;13;100
milo-v13-4-3d-4-0;0;34031.171805;2.550972;1;22;0;22;100
mine-166-5;0;-821763677.673139;187.331384;1;200;0;200;100
mine-90-10;0;-887165318.510226;202.375368;1;163;0;163;100
mining;0;-885353915.925571;8477.535071;96;106943;2402;109345;100
minutedispatchstrategy;0;1898.391429;412.137934;2;1497;2;1499;100
misc07;0;3065;8;3;2;0;2;100
mitre;0;114740.518481;224.156743;1;96;0;96;100
mkc;0;-581.85;16.741625;3;33;0;33;100
mkc1;0;-611.85;4.474982;3;33;0;33;100
mod010;0;6532.083333;14.166667;1;16;0;16;100
modglob;0;20786787.016883;0;2;2;0;2;0.22
moj-mining;0;-1520532907.35018;566.626558;12;45248;4;45252;100
momentum1;0;134660.011921;48.045264;2;1144;1;1145;100
momentum2;0;61266.821316;84.616225;3;765;2;767;100
momentum3;0;107721.82427;144.721031;3;8633;1;8634;100
mrcpspj30-15-5i;0;23;93.58099;1;50;0;50;100
mrcpspj30-17-10i;0;25;28.677778;2;41;1;42;100
mrcpspj30-53-3i;0;30;45.456614;1;37;0;37;100
msc98-ip;0;19520966.151663;338.886443;3;4654;3;4657;100
mspp16;0;341;1.241379;1;26838;145;26983;100
mspsphard01i;0;16;0;2;46;1;47;0
mspsphard03i;0;20;0;2;82;2;84;0
mtest4ma;0;60342;0;2;2;0;2;15.71
mushroom-best;0;1.3e-05;0.0202;1;242;1;243;100
mzzv11;0;-22556.460829;174.328454;2;384;1;385;100
mzzv42z;0;-18842.814586;198.473995;2;297;2;299;100
n13-3;0;14401970;0;2;31;0;31;100
n15-3;0;71710891;0;2;3258;0;3258;0
n2seq36f;0;70600;0;3;34;1;35;35.25
n2seq36q;0;78631.821523;37.58358;3;163;3;166;100
n3-3;0;24603430;0;2;141;0;141;100
n3700;0;1342560;0;2;26;0;26;9.36
n3705;0;1342540;0;2;29;0;29;9.55
n3707;0;1301218;0;2;29;0;29;9.65
n3709;0;1324904;0;2;29;0;29;9.68
n370a;0;1353042;0;2;29;0;29;0
n370b;0;1373791;0;2;33;0;33;11.06
n3div36;0;201600;0;3;145;6;151;54.13
n3seq24;0;189033.068485;51.670786;3;2905;53;2958;100
n4-3;0;13501875;0;2;56;0;56;100
n5-3;0;12301325;0;2;16;0;16;100
n6-3;0;16502900;0;2;40;0;40;100
n7-3;0;14704310;0;2;47;0;47;100
n9-3;0;21603625;0;2;171;0;171;100
nag;0;465;14.526159;3;54;0;54;100
neos-1061020;0;-145860.370608;501.716216;1;1062;1;1063;100
neos-1067731;0;669053;81.272727;1;511;0;511;100
neos-1109824;0;278;22;1;59;0;59;100
neos-1112782;0;22000000110147.3;0;2;26;0;26;100
neos-1112787;0;19500000125389.7;0;2;24;0;24;100
neos-1122047;0;161;0.41219;2;474;0;474;100
neos-1171448;0;-309;0.936995;2;85;0;85;100
neos-1171692;0;-273;3.730892;2;44;0;44;100
neos-1171737;0;-195;8.004699;2;41;0;41;100
neos-1225589;0;5e+09;0;2;1;0;1;100
neos-1311124;0;-182;5;2;3;0;3;100
neos-1324574;0;4.5;144;1;37;0;37;100
neos-1330346;0;4.5;76.5;1;113;0;113;100
neos-1337307;0;-201272;272.493985;2;54;0;54;100
neos-1354092;0;46;238.398385;2;1043;2;1045;100
neos-1367061;0;32019318.370467;3.75;2;1318;1;1319;100
neos-1396125;0;3000.053717;12.531496;2;7;0;7;100
neos-1420546;0;22124.4;103.140678;1;377;0;377;100
neos-1420790;0;2942.750002;75.132359;1;44;0;44;100
neos-1423785;0;-1816.666667;311.9714;1;245;0;245;100
neos-1425699;0;3175204364.6353;5.264952;1;0;0;0;100
neos-1426635;0;-178;6.429182;2;2;0;2;100
neos-1426662;0;-52;10.501303;2;4;0;4;100
neos-1429212;0;30;721.879477;1;5207;16;5223;100
neos-1430701;0;-78;6.669599;2;2;0;2;100
neos-1436709;0;-129;3.502607;2;4;0;4;100
neos-1440225;0;36;33.72448;1;122;0;122;100
neos-1440460;0;-180;4.85975;2;2;0;2;100
neos-1442119;0;-182;2.580471;2;3;0;3;100
neos-1442657;0;-156;4.002933;2;3;0;3;100
neos-1445532;0;-22860;8.21746;2;97;0;97;100
neos-1445738;0;-24232.548846;16.302388;1;160;0;160;100
neos-1445743;0;-24579.832968;16.952539;1;168;0;168;100
neos-1445765;0;-24699.19766;17.625849;1;161;0;161;100
neos-1456979;0;154;8.434222;1;42;0;42;100
neos-1516309;0;34769.833333;9.166667;2;28;0;28;100
neos-1582420;0;88.428075;56.693409;5;84;2;86;100
neos-1593097;0;4424;55.795872;1;140;1;141;100
neos-1599274;0;32194.742857;6.464286;3;40;1;41;100
neos-1601936;0;1;158.376054;1;977;0;977;100
neos-1603965;0;619244367.662955;0.000913;2;661;1;662;100
neos-1605061;0;6.150735;151.705349;1;2456;0;2456;100
neos-1605075;0;3.214461;172.430143;1;2246;0;2246;100
neos-1616732;0;173;0;3;6;0;6;8.81
neos-1620770;0;22;35;2;43;0;43;100
neos-2294525-abba;0;156.177251;19.424787;1;88;0;88;100
neos-2328163-agri;0;26069;51.5;1;73;0;73;100
neos-2624317-amur;0;0;29.293934;2;3;0;3;100
neos-2629914-sudost;0;39622;5.983409;1;221;0;221;100
neos-2652786-brda;0;0;20.196086;2;2;0;2;100
neos-2657525-crna;0;0;29.542619;2;2;0;2;100
neos-2669500-cust;0;2221.9;230.19862;2;997;13;1010;100
neos-2746589-doon;0;1985.75;129.965898;2;300;6;306;100
neos-2974461-ibar;0;473452396.770997;3364;2;214188;34;214222;100
neos-2978193-inde;0;-2.418518;7.4;1;65;0;65;100
neos-2978205-isar;0;-12.415307;30.2;1;221;0;221;100
neos-2987202-jeir;0;-1847551552.23661;1035.632796;13;66394;7;66401;100
neos-2987310-joes;0;-610797465.676974;19.875;21;1189;5;1194;100
neos-2991472-kalu;0;457.286985;4.008344;5;4250;289;4539;100
neos-3004026-krka;0;0;832;1;56;0;56;100
neos-3009394-lami;0;0.642857;216.628571;1;5;0;5;100
neos-3024952-loue;0;22882;103.3;1;271;0;271;100
neos-3025225-shelon;0;0.052574;323.690533;1;97278;47;97325;100
neos-3046601-motu;0;185;0.4492;1;1;0;1;100
neos-3046615-murg;0;192;0.3458;1;1;0;1;100
neos-3048764-nadi;0;-3883988306.36669;0;2;46;0;46;0
neos-3065804-namu;0;0;0;1;198;0;198;0
neos-3068746-nene;0;77427529.530929;55.412658;2;128;0;128;100
neos-3072252-nete;0;10593526;1.938794;2;1;0;1;100
neos-3075395-nile;0;54.924463;0.00048;1;156;0;156;100
neos-3083784-nive;0;0;12;1;25;0;25;100
neos-3083819-nubu;0;6290575.552807;13.541087;1;46;0;46;100
neos-3116779-oban;0;1359;0;2;23;0;23;100
neos-3118745-obra;0;321;0;3;4;0;4;25.88
neos-3148108-pahi;0;0;0;1;259;2;261;0
neos-3209462-rhin;0;0;49.45122;2;3869;1;3870;100
neos-3209519-ruhr;0;332.85;25.900482;1;65;0;65;100
neos-3214367-sovi;0;87802.732596;100.370721;1;2585;0;2585;100
neos-3216931-puriri;0;58817.353066;51.872979;1;1217;0;1217;100
neos-3226448-wkra;0;0;512.043709;1;786;0;786;100
neos-3237086-abava;0;0;96;2;269;5;274;100
neos-3322547-alsek;0;616;115.178534;2;10362;69;10431;100
neos-3352863-ancoa;0;84919300;0;2;846;23;869;100
neos-3354841-apure;0;48447.926267;4.235023;1;2620;26;2646;100
neos-3355120-tarago;0;-20453473.616781;80.899969;1;596;1;597;100
neos-3355323-arnon;0;0;21.818182;4;75;3;78;100
neos-3372571-onahau;0;0.57699;8.695953;2;1515;0;1515;100
neos-3373491-avoca;0;21687686014.0154;26.555947;1;8;0;8;100
neos-3381206-awhea;0;432;61.334767;2;5;0;5;100
neos-3402294-bobin;0;0;31.847179;2;946;18;964;100
neos-3426085-ticino;0;235;41.78747;3;29;0;29;100
neos-3426132-dieze;0;427;103.670666;2;49;0;49;100
neos-3437289-erdre;0;0;0;1;87;1;88;0
neos-3530903-gauja;0;170;33.253136;3;4;0;4;100
neos-3530905-gaula;0;153;29.042208;2;4;0;4;100
neos-3555904-turama;0;-41.45;24.388889;2;841;9;850;100
neos-3572885-glina;0;0;0;1;363;2;365;0
neos-3581454-haast;0;1640;52;1;104;0;104;100
neos-3592146-hawea;0;7237144.855333;13.694653;1;45;0;45;100
neos-3594536-henty;0;383205;2498;1;145;1;146;100
neos-3603137-hoteo;0;0;33.083333;3;42;1;43;100
neos-3610040-iskar;0;100;0;2;2;0;2;100
neos-3610051-istra;0;100;0;2;8;0;8;100
neos-3610173-itata;0;289;0;2;6;0;6;95.27
neos-3611447-jijia;0;310;0;2;3;0;3;100
neos-3611689-kaihu;0;322;0;2;3;0;3;100
neos-3615091-sutlej;0;-1506391.117177;170;1;1991;10;2001;100
neos-3627168-kasai;0;1589229.4;0;2;4;0;4;60.76
neos-3634244-kauru;0;0;152.72;1;4605;8;4613;100
neos-3636886-kereu;0;4092.95754;2e-05;2;57;1;58;100
neos-3656078-kumeu;0;-18774.7;91.708421;2;190;1;191;100
neos-3660371-kurow;0;286.534383;18.669345;1;37;0;37;100
neos-3661949-lesse;0;688975700;0.00026;2;54;0;54;100
neos-3665875-lesum;0;248.325;39.028367;3;66;0;66;100
neos-3682128-sandon;0;79915933.274829;141.641588;2;268;1;269;100
neos-3691541-lonja;0;-0.079271;1.305745;2;42;0;42;100
neos-3695882-vesdre;0;-145935.214286;38.934758;1;500;3;503;100
neos-3696678-lyvia;0;5.751893;310.554171;2;50;0;50;100
neos-3699377-maori;0;135877.224265;88.231293;2;111;0;111;100
neos-3703351-marne;0;317056.210386;69.800933;2;57;0;57;100
neos-3740487-motru;0;152.145486;83.106404;2;40089;75;40164;100
neos-3754480-nidda;0;-1216923.270104;12.186832;1;3;0;3;100
neos-3755335-nizao;0;50.030157;75.009695;2;539;1;540;100
neos-3759587-noosa;0;48.334468;2.61;2;347;1;348;100
neos-3761878-oglio;0;422769.022545;78.194778;2;79;0;79;100
neos-3762025-ognon;0;603955.746492;54.883004;2;42;0;42;100
neos-4165869-wannon;0;282.410166;124.185195;3;611;7;618;100
neos-4230265-orari;0;10055874880.8713;2982.245145;241;4872;176;5048;100
neos-4260495-otere;0;3336.109119;669.742339;2;876;17;893;100
neos-4264598-oueme;0;4322420611.77198;2932.943948;241;4651;188;4839;100
neos-4285819-pedja;0;9.198008;667.947302;2;139062;88;139150;100
neos-4290317-perth;0;6352398.05574;0;2;642;1;643;100
neos-4292145-piako;0;303343868.774658;3216.581456;241;4386;183;4569;100
neos-4295773-pissa;0;0;3220.505376;1;6238;5;6243;100
neos-4300652-rahue;0;0;49.333333;2;656;2;658;100
neos-4306827-ravan;0;-35696.901913;2170.794876;5;759;32;791;100
neos-4321076-ruwer;0;1880.558333;39.333333;1;16490;1;16491;100
neos-4322846-ryton;0;0.419848;25.715394;1;573;5;578;100
neos-4332801-seret;0;222328.384492;6081.508223;3;122022;2649;124671;100
neos-4332810-sesia;0;-33455.127882;4082.27211;11;129073;9580;138653;100
neos-4333464-siret;0;24.731464;0.125;2;56;0;56;100
neos-4333596-skien;0;-14653956.91493;0.180763;1;16;0;16;100
neos-4335793-snake;0;0;300.868689;2;1202;2;1204;100
neos-4338804-snowy;0;1447;0.2684;3;6;0;6;100
neos-4343293-stony;0;51.62736;0.5;2;90;0;90;100
neos-4355351-swalm;0;33.822611;0.094819;2;208;4;212;100
neos-4358725-tagus;0;6199.400001;198.082841;73;801;22;823;100
neos-4359986-taipa;0;0.296593;39.115369;1;1209;2;1211;100
neos-4360552-sangro;0;-29.5;600.333144;1;10434;2;10436;100
neos-4387871-tavua;0;36.445048;0.2;2;48;0;48;100
neos-4391920-timok;0;9e-06;37.747142;1;9888;6;9894;100
neos-4393408-tinui;0;340.267489;0.2;2;68;0;68;100
neos-4408804-prosna;0;914.483516;66.321429;1;3440;2;3442;100
neos-4409277-trave;0;0;347.723278;1;2654;1;2655;100
neos-4413714-turia;0;43.474651;377.046713;1;2336;12;2348;100
neos-4532248-waihi;0;0;23.666667;1;822;6;828;100
neos-4533806-waima;0;3063.318841;99;2;1549;20;1569;100
neos-4545615-waita;0;3606.59419;108.263827;2;16569;146;16715;100
neos-4555749-wards;0;3026.812121;69.872917;2;1495;22;1517;100
neos-4562542-watut;0;3743.304348;85.428571;2;4393;30;4423;100
neos-4647027-thurso;0;26911.641616;127.083433;1;2919;0;2919;100
neos-4647030-tutaki;0;26911.641616;130.175014;1;3399;0;3399;100
neos-4647032-veleka;0;26587.908699;174.815461;1;4489;0;4489;100
neos-4650160-yukon;0;-22688.54768;228.864;1;5;0;5;100
neos-4722843-widden;0;1841.255082;1452.768981;2;473;9;482;100
neos-4724674-aorere;0;3758.753179;59.078997;3;560;12;572;100
neos-4736745-arroux;0;653873224.676537;1.560199;2;41;0;41;100
neos-4738912-atrato;0;617323325.173629;52.400465;2;45;0;45;100
neos-4754521-awarau;0;0;0;5;1266;37;1303;0
neos-4760493-puerua;0;1908.243695;237.071976;1;37048;3;37051;100
neos-476283;0;406.244708;4.622056;2;4690;0;4690;100
neos-4763324-toguru;0;1120.986062;232.945926;1;37964;3;37967;100
neos-4797081-pakoka;0;0;843.65347;1;6164;3;6167;100
neos-4805882-barwon;0;4638.072751;212.668151;2;255;2;257;100
neos-480878;0;515.138796;1.008444;2;17;0;17;100
neos-4954274-beardy;0;18659.208282;301.285291;2;1019;2;1021;100
neos-4954672-berkel;0;3733961;4.007059;2;4;0;4;100
neos-4966258-blicks;0;354.545455;449.406152;3;1573;4;1577;100
neos-4971100-bodrog;0;0;0;2;77;0;77;100
neos-4972437-bojana;0;355.557128;28.473103;2;6383;5;6388;100
neos-4972461-bolong;0;465.045599;64.589276;2;6769;4;6773;100
neos-4976951-bunnoo;0;375.694372;28.497892;2;7510;4;7514;100
neos-4984115-canche;0;-10414620.716097;6.967648;1;21362;0;21362;100
neos-498623;0;16;42.880487;1;151;1;152;100
neos-5013590-toitoi;0;1064.447092;169;1;13981;1;13982;100
neos-5018451-chiese;0;-149772385.216405;18.530618;1;75956;1;75957;100
neos-503737;0;50;47.555718;1;37;0;37;100
neos-5041822-cockle;0;5696053.417116;2.418448;3;3244;33;3277;100
neos-5044663-wairoa;0;4653100;520.323884;1;26325;2;26327;100
neos-5045105-creuse;0;19.066672;20.05476;1;96;0;96;100
neos-5049753-cuanza;0;464;69.6;3;2885;5;2890;100
neos-5051588-culgoa;0;128.75;30.228278;1;114;0;114;100
neos-5052403-cygnet;0;219.201738;85.626509;5;44261;126;44387;100
neos-506422;0;0;6.525;1;42;0;42;100
neos-506428;0;145945;95.648936;1;655;3;658;100
neos-5075914-elvire;0;277.341888;1.833786;2;60;0;60;100
neos-5076235-embley;0;1930;0.115385;2;1167;0;1167;100
neos-5078479-escaut;0;7280.474567;0.468116;2;69;0;69;100
neos-5079731-flyers;0;2004;1.087912;2;1028;0;1028;100
neos-5083528-gimone;0;0;20.875;1;306;4;310;100
neos-5093327-huahum;0;3934;1.841667;2;936;0;936;100
neos-5100895-inster;0;2084;3.582418;2;689;0;689;100
neos-5102383-irwell;0;1740;2.483516;2;1108;0;1108;100
neos-5104907-jarama;0;639.917149;48.321066;2;10170;9;10179;100
neos-5106984-jizera;0;721;3.5;2;4150;7;4157;100
neos-5107597-kakapo;0;0;0.59125;2;44;0;44;100
neos-5108386-kalang;0;620.501637;51.720269;2;17181;9;17190;100
neos-5114902-kasavu;0;518;146.666667;3;14747;16;14763;100
neos-5115478-kaveri;0;0;0.529375;2;45;0;45;100
neos-5116085-kenana;0;452;134;3;6465;11;6476;100
neos-5118834-korana;0;569.216333;121.981431;2;11398;8;11406;100
neos-5118851-kowhai;0;1134;5.84;2;6280;9;6289;100
neos-5123665-limmat;0;652.42743;76.174025;2;19396;10;19406;100
neos-5125849-lopori;0;0;51.956886;1;40;0;40;100
neos-5129192-manaia;0;0;4.888889;1;4311;12;4323;100
neos-5138690-middle;0;605.364996;105.521522;2;18499;7;18506;100
neos-5140963-mincio;0;8877;2.142857;1;0;0;0;100
neos-5149806-wieprz;0;0.027694;5.467711;3;424;11;435;100
neos-5151569-mologa;0;692042188.90522;27.702234;2;2420;3;2423;100
neos-5178119-nalagi;0;8.569859;18.677141;2;86;1;87;100
neos-5182409-nasivi;0;0;18.744405;1;8;0;8;100
neos-5188808-nattai;0;0;14;1;407;0;407;100
neos-5189128-totara;0;330131.390743;21.863581;1;1049;3;1052;100
neos-5192052-neckar;0;-11980000;0.333333;3;0;0;0;100
neos-5193246-nerang;0;0;682.884923;1;1188;1;1189;100
neos-5195221-niemur;0;0;693.911578;1;831;1;832;100
neos-5196530-nuhaka;0;0;717.082935;1;631;1;632;100
neos-520729;0;-1391291.666667;11.576667;1;525;1;526;100
neos-5221106-oparau;0;0;63.787338;1;300;1;301;100
neos-5223573-tarwin;0;0.1058;0.258185;1;17055;3;17058;100
neos-5251015-ogosta;0;0.1058;0.226665;1;13568;2;13570;100
neos-525149;0;60;11.2;1;296;6;302;100
neos-5260764-orauea;0;58748.022532;10.633838;1;68;0;68;100
neos-5261882-treska;0;22721.328;8.134322;1;15;0;15;100
neos-5266653-tugela;0;20969.906674;15.508215;1;148;1;149;100
neos-5273874-yomtsa;0;0;0.2152;1;18351;3;18354;100
neos-555001;0;910619.201473;185.329242;1;42;0;42;100
neos-555343;0;1241512.54944;273.503416;1;40;0;40;100
neos-555424;0;1196312.54944;237.883186;1;39;0;39;100
neos-555884;0;1026121.836055;271.3209;1;44;0;44;100
neos-565672;0;43884.639336;63.46632;4;17395;24;17419;100
neos-574665;0;4948073.456141;10.746401;1;39;0;39;100
neos-578379;0;0;133.932682;1;1620;1;1621;100
neos-585192;0;-1999690.155301;98.986618;2;207;0;207;100
neos-585467;0;-1999711.795869;82.239088;2;23;0;23;100
neos-595904;0;61134.474995;16.114622;2;68;0;68;100
neos-619167;0;1.481241;35.779031;1;108;0;108;100
neos-631517;0;6494999.999936;63.264599;1;9;0;9;100
neos-631710;0;509;180.857887;2;6561;19;6580;100
neos-633273;0;4678552871.15256;377.739286;1;257;0;257;100
neos-662469;0;184340.629649;94.654114;1;472;1;473;100
neos-686190;0;5134.81383;17.515957;1;108;0;108;100
neos-691058;0;234;83.448532;1;200;0;200;100
neos-693347;0;234;76.436508;1;659;0;659;100
neos-738098;0;-1099;218.517759;1;131;1;132;100
neos-777800;0;-80;63.202189;1;44;0;44;100
neos-780889;0;3421500;0;1;639;10;649;0
neos-787933;0;300;0;3;244;27;271;100
neos-799711;0;-11228065.153797;0.983265;1;1185;0;1185;100
neos-799716;0;4932670.661692;0.58713;1;127;0;127;100
neos-807639;0;492.688889;1.37037;2;9;0;9;100
neos-820879;0;24874.267857;62.867619;1;100;0;100;100
neos-824661;0;51;60.642857;2;269;2;271;100
neos-824695;0;42;33.8;3;106;1;107;100
neos-826224;0;130;70;3;217;3;220;100
neos-826650;0;32;109.347222;2;52;0;52;100
neos-826694;0;75;92.333333;2;102;1;103;100
neos-826812;0;70.011;151.137255;3;119;1;120;100
neos-826841;0;32.0082;110.679849;2;42;0;42;100
neos-827015;0;2.098071;332.649497;1;1896;3;1899;100
neos-827175;0;116.00152;83.555556;2;170;1;171;100
neos-829552;0;2.098071;250.649497;1;1957;2;1959;100
neos-831188;0;1.76772;215.733333;1;60;0;60;100
neos-847302;0;0;52.50154;1;70;0;70;100
neos-848198;0;168781;0;2;149;0;149;100
neos-848589;0;0;0.075873;1;1528;1;1529;100
neos-849702;0;0;90.561492;1;21;0;21;100
neos-850681;0;2087;47.991071;1;77;0;77;100
neos-860300;0;1666.068586;9;1;55;1;56;100
neos-872648;0;52.570282;0;2;1280;7;1287;8.15
neos-873061;0;152.530404;0;2;1229;7;1236;34.2
neos-876808;0;10030.533833;255.649605;3;6666;18;6684;100
neos-885086;0;-243;13.945733;2;210;0;210;100
neos-885524;0;11771.55529;9.581376;2;187;10;197;100
neos-911880;0;23.26;16.065242;1;3;0;3;100
neos-911970;0;23.26;17.457173;1;3;0;3;100
neos-913984;0;1000;33.37245;1;177;4;181;100
neos-914441;0;5660364.28377;78.177859;1;1989;1;1990;100
neos-916792;0;26.203596;16.641224;2;103;0;103;100
neos-932721;0;507045;0;4;159;6;165;100
neos-932816;0;507025;0;3;268;12;280;100
neos-933562;0;0;237.810567;1;73;0;73;100
neos-933638;0;302275.628529;0;3;304;7;311;100
neos-933966;0;322106.779412;0;3;186;6;192;100
neos-934278;0;341538.344697;0;3;357;5;362;100
neos-935234;0;368364.764662;0;3;457;2;459;100
neos-935627;0;20112.955188;0;3;453;2;455;100
neos-935769;0;20474.736468;0;3;464;1;465;100
neos-937511;0;46946.567596;0;3;550;2;552;100
neos-937815;0;44927.403873;0;3;581;2;583;100
neos-941262;0;47176.122978;0;3;424;1;425;100
neos-941313;0;9361;305.563636;1;706;15;721;100
neos-942830;0;12;65.46896;1;40;0;40;100
neos-948126;0;46136.445498;0;3;500;1;501;100
neos-948346;0;-212.198292;3.766956;6;635;29;664;100
neos-950242;0;2;94;2;143;1;144;100
neos-953928;0;-97.806667;0;4;253;6;259;2.1
neos-954925;0;-226.766667;0.253965;5;1414;42;1456;100
neos-956971;0;-235.74;1.742917;4;876;23;899;100
neos-957143;0;-204.669492;48.100823;4;676;21;697;100
neos-957323;0;-207.80797;21.316054;4;463;19;482;100
neos-957389;0;1.5;33.433333;1;125;2;127;100
neos-960392;0;-238;280.998182;1;313;3;316;100
neos-983171;0;48239.726119;0;3;471;1;472;100
neos-984165;0;43929.5052;0;3;495;1;496;100
neos13;0;-126.178378;33.143487;3;210;0;210;100
neos15;0;144796.909577;0;2;2;0;2;79.65
neos16;0;429;11.142857;2;4;0;4;100
neos17;0;0.222688;0;2;7;0;7;48.46
neos18;0;11;64.75;3;79;1;80;100
neos2;0;-4717.666848;6.724359;1;9;0;9;100
neos22;0;413700;227;1;42;0;42;100
neos5;0;17.25;0;3;1;0;1;15
neos6;0;116.604289;27.902196;4;142;23;165;100
neos8;0;-2885.143864;21.860834;3;861;7;868;100
neos808444;0;0;246.264287;1;318;1;319;100
neos9;0;780;44.25;1;349;0;349;100
net12;0;47.514236;132.660069;3;1437;1;1438;100
netdiversion;0;454.8;783.8;2;8263;14;8277;100
newdano;0;11.724138;8.447296;1;3;0;3;100
nexp-150-20-1-5;0;84;0;2;43;0;43;27.27
nexp-150-20-8-5;0;656;0;2;97;1;98;100
nexp-50-20-1-1;0;34;0;2;1;0;1;17.24
nexp-50-20-4-2;0;120;0;2;3;0;3;69.01
nh97_potential;0;1462;74.9;2;6;0;6;100
nh97_tension;0;1438;81.583333;2;2;0;2;100
nj1;0;0;607;1;558;1;559;100
nj2;0;0;607;1;731;1;732;100
nj3;0;0;607;1;74043;1;74044;100
nobel-eu-DBE;0;7285051.5;1.398889;2;108;0;108;100
noswot;0;-9;0;2;1;0;1;78.05
ns1111636;0;96.25;19.25;1;632;2;634;100
ns1116954;0;0;161.808346;1;1030;1;1031;100
ns1208400;0;0;82.641509;1;84;0;84;100
ns1430538;0;73.621609;10.390804;1;585;0;585;100
ns1456591;0;361.939022;19;1;134;1;135;100
ns1606230;0;13.225;182.892472;1;1980;0;1980;100
ns1631475;0;817.193748;716.662243;1;1507;1;1508;100
ns1663818;0;1;9.141146;1;6771;98;6869;100
ns1679495;0;3337055.001914;100.246101;2;47123;11;47134;100
ns1685374;0;-51.800913;96.218654;1;58712;1;58713;100
ns1688347;0;2;8.278489;1;61;0;61;100
ns1690781;0;-1022.785697;17.664172;2;226;1;227;100
ns1696083;0;2;13.288374;1;183;1;184;100
ns1758913;0;-1501.183256;125.476622;1;9195;7;9202;100
ns1760995;0;-1379.173237;142;1;21166;9;21175;100
ns1778858;0;-22635740;227.465047;2;298;0;298;100
ns1828997;0;0;75;2;890;3;893;100
ns1830653;0;6153;57.514255;1;158;0;158;100
ns1849932;0;546;5.620915;1;1147;6;1153;100
ns1853823;0;1172000;1386;2;50257;25;50282;100
ns1854840;0;1.432e+11;1139.47326;2;7126;17;7143;100
ns1856153;0;0;255.683145;1;163;1;164;100
ns1904248;0;0;854.146124;14;2688;40;2728;100
ns1905797;0;11.75098;19.65;1;213;1;214;100
ns1905800;0;6.4366;16.364665;1;43;0;43;100
ns1952667;0;0;9.995738;1;200;2;202;100
ns2017839;0;77026281754033.4;1.017799;2;8456;0;8456;100
ns2034125;0;0;802.127535;2;2081;1;2082;100
ns2071214;0;0;12.477;1;113;0;113;100
ns2081729;0;4.6;0.926;2;4;0;4;100
ns2122698;0;62785.622771;194.641858;1;610;1;611;100
ns2124243;0;53998.333333;195.416667;1;516;1;517;100
ns2137859;0;24629;42.075016;1;857;6;863;100
ns4-pr3;0;36073;12;1;103;0;103;100
ns4-pr6;0;29145.75;8.875;1;40;0;40;100
ns4-pr9;0;35175;8.5;1;78;0;78;100
ns894236;0;18;200.447471;2;437;1;438;100
ns894244;0;16;346.579338;2;1397;2;1399;100
ns894786;0;14;209.541645;2;1501;3;1504;100
ns894788;0;7;91.946694;2;157;0;157;100
ns903616;0;22;385.982498;2;1213;2;1215;100
nsa;0;91.44794;7.482504;1;8;0;8;100
nsr8k;0;17500809.511815;639.929911;1;8602;2;8604;100
nsrand-ipx;0;754880;0;2;63;2;65;100
nu120-pr12;0;38070;13.695833;1;41;0;41;100
nu120-pr3;0;21306.442308;42.751022;1;104;0;104;100
nu120-pr9;0;19062.5;28.652083;1;72;0;72;100
nu25-pr12;0;52757.5;11.9;1;42;0;42;100
nu4-pr9;0;35175;18.213333;1;75;0;75;100
nu60-pr9;0;22850;28.383333;1;75;0;75;100
nucorsav;0;29.0461;81.089972;2;61140;266;61406;100
nursesched-medium-hint03;0;33.468485;460.316255;1;1162;3;1165;100
nursesched-medium04;0;366;231.738095;2;734;6;740;100
nursesched-sprint-hidden09;0;580.911765;177.875;2;312;2;314;100
nursesched-sprint-late03;0;34.254806;178.177416;1;342;1;343;100
nursesched-sprint02;0;96.416667;144.916667;2;201;2;203;100
nw04;0;16310.666667;2;1;241;9;250;100
ofi;0;6131846109.62063;1781.999298;471;9533;506;10039;100
ofi2;0;6124829152.73116;3158.688481;471;6771;687;7458;100
oocsp-racks030e6cci;0;0;0;1;208;2;210;0
opm2-z10-s2;0;-18308;0;6;23891;15;23906;45.88
opm2-z10-s4;0;-16036;0;5;24291;13;24304;51.8
opm2-z11-s8;0;-22036;0;5;54732;18;54750;49.33
opm2-z12-s14;0;-35782;0;6;118189;28;118217;44.34
opm2-z12-s7;0;-36893;0;6;112806;30;112836;43.69
opm2-z12-s8;0;-31528;0;6;108090;30;108120;46.14
opm2-z6-s1;0;-3261;0;4;329;1;330;47.42
opm2-z7-s2;0;-6001;0;5;919;3;922;41.62
opm2-z7-s8;0;-6402;0;5;893;3;896;43.05
opm2-z8-s0;0;-9570;0;5;3786;5;3791;39.33
opt1217;0;-20.02139;8.22549;1;2;0;2;100
osorio-cta;0;0;3.5e-05;1;61;0;61;100
p0201;0;6875;20;1;1;0;1;100
p100x588b;0;58977;0;2;1;0;1;23.18
p200x1188c;0;15747;0;2;2;0;2;4.44
p2756;0;2718;2.359254;3;6;0;6;100
p500x2988;0;72594;0;2;30;0;30;1.06
p500x2988c;0;17212;0;2;27;0;27;13.13
p500x2988d;0;6;0;2;28;0;28;0
p6b;0;-52;0;3;36;0;36;17.46
p80x400b;0;45896;0;2;1;0;1;15.7
pb-fit2d;0;-22372.476239;842.898884;1;7555;14;7569;100
pb-gfrd-pnc;0;8316.011268;30.700616;1;142;1;143;100
pb-grow22;0;-449681.200587;122.632175;1;398;2;400;100
pb-market-split8-70-4;0;0;2.197219;1;0;0;0;100
pb-simp-nonunif;0;6;513.5;2;3708;51;3759;100
peg-solitaire-a3;0;1;289.311002;1;347;0;347;100
pg;0;-11098.657382;17.215049;2;4;0;4;100
pg5_34;0;-16012.248077;18.476238;2;5;0;5;100
physiciansched3-3;0;2432694.766159;1286.212272;17;53602;112;53714;100
physiciansched3-4;0;1124678.224456;1159.305049;3;39191;20;39211;100
physiciansched5-3;0;5180;1105.727341;3;1320;3;1323;100
physiciansched6-1;0;7500;666.252778;2;662;12;674;100
physiciansched6-2;0;43012.5;698.196528;2;634;12;646;100
pigeon-08;0;-8000;8.25974;2;2;0;2;100
pigeon-10;0;-10000;13.559596;2;3;0;3;100
pigeon-11;0;-11000;16.690909;2;3;0;3;100
pigeon-12;0;-12000;21.818182;2;4;0;4;100
pigeon-13;0;-13000;24;2;4;0;4;100
pigeon-16;0;-16000;74.018182;2;6;0;6;100
pigeon-19;0;-19000;59.036364;2;30;0;30;100
pigeon-20;0;-20000;62.509091;2;31;0;31;100
piperout-03;0;68814.99759;437.705308;6;304;3;307;100
piperout-08;0;99128.924471;555.254611;38;481;21;502;100
piperout-27;0;6970;1154.464464;12;622;9;631;100
piperout-d20;0;25533.842105;676.796097;2;1197;2;1199;100
piperout-d27;0;7083.116279;1022.542306;2;1630;3;1633;100
pk1;0;0;2.782038;1;0;0;0;100
polygonpack3-15;0;-96519350.40932;29.662451;3;1353;5;1358;100
polygonpack4-10;0;-93676953.4701;19.421532;3;442;2;444;100
polygonpack4-15;0;-114052801.79086;41.802079;3;1437;6;1443;100
polygonpack4-7;0;-75324958.8742;9.351219;3;190;1;191;100
polygonpack5-15;0;-42382234.50354;22.715348;3;1594;6;1600;100
pp08a;0;15000;0;2;0;0;0;100
pp08aCUTS;0;16630.402442;0;2;2;0;2;100
probportfolio;0;5;16.022687;2;3;0;3;100
prod1;0;-100;6.72495;2;1;0;1;100
prod2;0;-100;4.433874;2;1;0;1;100
proteindesign121hz512p19;0;3197.772133;67.38213;1;18307;125;18432;100
proteindesign121hz512p9;0;1423.904449;61.920249;1;749;9;758;100
proteindesign121pgb11p9;0;1173.710433;49.777201;1;604;8;612;100
proteindesign122trx11p8;0;1720.461105;46.268597;1;537;7;544;100
protfold;0;0;35;2;17;0;17;100
pw-myciel4;0;0;55.252164;11;36;1;37;100
pythago7824;0;0;582.666667;6;744;2;746;100
pythago7825;0;0;592.222222;8;737;3;740;100
qap10;0;332.566228;55;1;450;0;450;100
qiu;0;1805.177143;0;2;5;0;5;100
qnet1;0;109077.65;7.221868;2;18;0;18;100
qnet1_o;0;108535.94;0;2;7;0;7;100
queens-30;0;-29;0;3;194;1;195;27.5
r4l4-02-tree-bounds-50;0;510876207;651.016667;2;49;0;49;100
r50x360;0;2016;0;2;0;0;0;21.96
r80x800;0;5520;0;2;1;0;1;3.53
radiationm18-12-05;0;17554.5;195.797325;1;208;1;209;100
radiationm40-10-02;0;155306.7;932.506;1;1170;7;1177;100
rail01;0;-92.0873;2556.210517;1;12260;6;12266;100
rail02;0;-206.6102;2995.655556;1;132721;14;132735;100
rail03;0;-920.273762;12424.501007;1;166021;36;166057;100
rail507;0;217;0;3;781;17;798;24.71
railway_8_1_0;0;397;56.575553;3;13;0;13;100
ramos3;0;377;0;3;1453;1;1454;96.35
ran12x21;0;4080;0;2;0;0;0;11.35
ran13x13;0;3521;0;2;0;0;0;8.27
ran14x18-disj-8;0;12451.012696;0;2;25;0;25;100
ran14x18;0;4265;0;2;0;0;0;14.9
ran16x16;0;4333;0;2;1;0;1;13.34
rd-rplusc-21;0;100;4.122871;1;554;1;555;100
reblock115;0;-39365983.337347;271.565472;1;183;0;183;100
reblock166;0;-886882876.965829;382.279623;1;562;0;562;100
reblock354;0;-39640995.765204;569.832903;3;842;1;843;100
reblock420;0;-886535897.522137;986.979676;1;2542;1;2543;100
reblock67;0;-39339910.923037;159.950504;1;57;0;57;100
rfds-4-days;0;-1158940.978167;54.2;1;70106;26;70132;100
rlp1;0;13.244444;9.961905;1;1;0;1;100
rmatr100-p10;0;360.593308;9.692735;1;209;0;209;100
rmatr100-p5;0;762.040054;5;1;487;0;487;100
rmatr200-p10;0;1550.620783;10;1;10943;0;10943;100
rmatr200-p20;0;688.357943;19.982266;1;5236;0;5236;100
rmatr200-p5;0;3283.653831;5;1;11939;0;11939;100
rmine10;0;-1926.821009;886.351115;2;4521;2;4523;100
rmine11;0;-2506.77351;1261.593346;9;11129;12;11141;100
rmine13;0;-3504.619914;1108.274293;2;47533;5;47538;100
rmine14;0;-4308.553472;2211.904816;7;94782;25;94807;100
rmine15;0;-5041.323514;4256.942532;5;180498;25;180523;100
rmine6;0;-435.437835;43.92694;14;131;2;133;100
rocI-3-11;0;-111086.671772;561.026391;1;52;0;52;100
rocI-4-11;0;-11111086.671772;777.743465;1;76;0;76;100
rocII-10-11;0;-11.974865;294.327643;1;560;2;562;100
rocII-4-11;0;-11.937162;82.5;1;137;1;138;100
rocII-5-11;0;-11.94973;122.235744;1;171;1;172;100
rocII-7-11;0;-11.964093;214.470392;1;339;1;340;100
rocII-8-11;0;-11.968581;241.290622;1;484;1;485;100
rocII-9-11;0;-11.972072;280.93054;1;428;2;430;100
rococoB10-011000;0;8350.199468;49.840978;1;129;0;129;100
rococoC10-001000;0;7515.271029;14.905897;1;52;0;52;100
rococoC11-010100;0;8773.206543;49.89581;1;164;0;164;100
rococoC11-011100;0;9024.205406;56.60339;1;117;0;117;100
rococoC12-010001;0;26787.292147;50.829414;1;205;0;205;100
rococoC12-111000;0;27337.357381;53.501346;1;223;0;223;100
roi2alpha3n4;0;-80.526722;7.807845;2;634;9;643;100
roi5alpha10n8;0;-87.787142;16;2;2099;29;2128;100
roll3000;0;11097.127677;46.77651;3;35;0;35;100
rout;0;981.864286;9.898077;1;1;0;1;100
rpp22falsei;0;0;0;2;42;1;43;0
rvb-sub;0;11.206514;4.571429;1;647;5;652;100
s100;0;-0.171097;43.317795;2;24701;43;24744;100
s1234;0;0.361925;1.578294;6;1892;1;1893;100
s250r10;0;-0.167732;144.624718;2;10348;27;10375;100
s55;0;-22.151773;0;1;1768;4;1772;0
s82;0;-33.833613;710.326157;2;195048;166;195214;100
satellites1-25;0;-20;56.544916;1;247;0;247;100
satellites2-25;0;-30;407.221093;1;23889;2;23891;100
satellites2-40;0;-30;67.162241;1;12403;3;12406;100
satellites2-60-fs;0;-30;516.985048;1;2546;2;2548;100
satellites2-60;0;-30;87.159446;1;4467;2;4469;100
satellites3-25;0;-39;972.947677;1;210688;6;210694;100
satellites3-40-fs;0;-39;958.442288;1;28957;5;28962;100
satellites3-40;0;-39;977.959854;1;212476;6;212482;100
savsched1;0;6903.973708;0;3;116580;53;116633;100
scpj4scip;0;213;0;3;1281;22;1303;65.12
scpk4;0;599;0;3;2570;21;2591;86.6
scpl4;0;437;0;3;4699;44;4743;66.16
scpm1;0;905;0;3;45786;135;45921;61.32
scpn2;0;764;0;3;71379;269;71648;43.07
sct1;0;-218.139003;92.140138;1;1929;1;1930;100
sct2;0;-231.116964;17.2744;1;70;0;70;100
sct31;0;-31.962662;30.130308;1;186;0;186;100
sct32;0;-62.990833;53.144038;1;695;0;695;100
sct5;0;-228.176552;31.034278;3;253;3;256;100
seqsolve1;0;4376.282987;371.073706;19;4164;169;4333;100
seqsolve2short4288;0;0;430.323729;4;2784;40;2824;100
seqsolve3short4288excess384;0;-46401.234768;425.509375;7;12749;65;12814;100
set1ch;0;110241.5;0;2;1;0;1;100
set3-09;0;1263.077974;49.748593;3;69;0;69;100
set3-10;0;788.890655;50.61299;3;37;0;37;100
set3-15;0;8364.040745;53.876403;3;39;0;39;100
set3-16;0;9916.808562;58.149187;3;38;0;38;100
set3-20;0;10347.381087;53.849605;3;38;0;38;100
seymour-disj-10;0;326.000001;2e-06;3;1732;2;1734;100
seymour;0;460;0;3;206;1;207;8.75
seymour1;0;426.819841;0;3;203;0;203;3.91
shiftreg1-4;0;131.656032;300.178571;1;46;0;46;100
shiftreg2-7;0;206.733052;241.553825;1;82;0;82;100
shiftreg5-1;0;520.839888;728.895607;1;340;0;340;100
shipsched;0;0;2.147365;5;127;3;130;100
shipschedule3shipsi;0;-265650;0;1;36;0;36;0
shipschedule6shipsmixi;0;-301650;0;1;67;0;67;0
shipschedule8shipsmixuci;0;-401100;0;1;65;1;66;0
shs1014;0;22137.410363;389.865942;1;183413;19;183432;100
shs1042;0;9455.525826;684.883411;1;69252;20;69272;100
siena1;0;10163179.229002;146.859338;1;1664;2;1666;100
sing11;0;18640171.224643;331.879469;1;8076;8;8084;100
sing161;0;19071259.113927;996.464534;1;65809;36;65845;100
sing17;0;35483848.876514;554.751047;1;30588;24;30612;100
sing2;0;17150914.71694;252.506822;1;1785;1;1786;100
sing245;0;25024015.754083;519.079791;1;11813;11;11824;100
sing326;0;7717674.801189;203.886687;1;2814;3;2817;100
sing359;0;22534478.962498;1259.613224;1;83214;34;83248;100
sing44;0;8102513.2194;177.330369;1;3383;3;3386;100
sing5;0;18418516.013137;272.410096;1;3612;7;3619;100
snip10x10-35r1budget17;0;30;2.7;2;485;0;485;100
snp-02-004-104;0;548044802.97509;10.217187;2;4334;0;4334;100
snp-04-052-052;0;728196432.049806;735.582559;2;3914;2;3916;100
snp-06-004-052;0;1787138156.58097;33.734354;2;6056;1;6057;100
snp-10-004-052;0;5842625068.20526;48.106063;2;14331;2;14333;100
snp-10-052-052;0;5842626434.04626;1694.316668;2;15999;5;16004;100
sorrell3;0;-11;0;3;693;10;703;31.25
sorrell4;0;-16;0;3;2904;37;2941;33.33
sorrell7;0;-150;0;3;373;4;377;23.47
sorrell8;0;-260;0;3;71;1;72;25.71
sp150x300d;0;71;0;2;1;0;1;2.9
sp97ar;0;859516425.84;0;4;520;8;528;30.09
sp97ic;0;639243399.84;0;3;411;6;417;49.47
sp98ar;0;657784123.961774;1.59976;4;653;11;664;100
sp98ic;0;624669411.84;0;4;436;9;445;39.08
sp98ir;0;304993983.714031;8.100839;4;74;1;75;100
splice1k1;0;-1646.777979;8.512635;1;17564;7;17571;100
splice1k1i;0;-1654;0;1;195;6;201;0
square23;0;8.333333;12.444444;1;142;3;145;100
square31;0;8.5;13.75;1;781;15;796;100
square37;0;8.666667;13.666667;1;2260;50;2310;100
square41;0;8.839612;15.068891;1;4093;51;4144;100
square47;0;8.755814;15.976744;1;6428;105;6533;100
stoch-vrpvrp-s5v2c8vrp-v2c8i;0;0;114.363636;19;30;1;31;100
stockholm;0;173;0;2;491;0;491;38.4
stp3d;0;604.886283;537.229946;2;26320;20;26340;100
sts405;0;357;0;3;572;2;574;0
sts729;0;665;0;3;3551;6;3557;0
supportcase1;0;20078;0.020624;2;300;5;305;100
supportcase10;0;3.383924;2427.713951;2;9609;6;9615;100
supportcase11;0;-25.979452;762069;2;297565;813;298378;100
supportcase12;0;-7609.533054;54.777672;1;1717;2;1719;100
supportcase14;0;272;9.894737;2;4;0;4;100
supportcase16;0;272;9;2;2;0;2;100
supportcase17;0;0;45.488491;2;10;0;10;100
supportcase18;0;87;9.141806;2;54;1;55;100
supportcase19;0;12677206;370.390975;1;26750;69;26819;100
supportcase2;0;0;7.75;1;9382;53;9435;100
supportcase20;0;2442.144012;4.88286;1;20;0;20;100
supportcase23;0;-12952;674.436182;1;1720;0;1720;100
supportcase25;0;0.036932;11.225052;1;106;0;106;100
supportcase26;0;1288.102161;0.009948;2;2;0;2;100
supportcase27i;0;0;0.028235;1;1;0;1;100
supportcase3;0;0;754.600046;3;258;1;259;100
supportcase30;0;0;102.85702;1;64;0;64;100
supportcase31;0;-1614279.834398;0;3;1918;69;1987;56.61
supportcase33;0;-463.421212;67.102214;2;493;3;496;100
supportcase34;0;72.664116;343.748454;1;1395;3;1398;100
supportcase35;0;77847.333333;96;2;172;0;172;100
supportcase37;0;-5865.764096;28.04048;2;952;0;952;100
supportcase39;0;-1062330.369524;22.808785;5;120;10;130;100
supportcase4;0;0;537.153071;3;189;1;190;100
supportcase40;0;22536.483379;19;1;304;0;304;100
supportcase41;0;28;27.337236;5;344;1;345;100
supportcase42;0;7.343539;48.081295;1;1701;3;1704;100
supportcase43;0;0;48.147044;2;51922;3;51925;100
supportcase6;0;45090.732163;30.107438;1;1541;8;1549;100
supportcase7;0;-2396.218213;53.14731;2;1818;0;1818;100
swath;0;93009.624258;2.2;2;44;0;44;100
swath1;0;31598.395258;0.6;2;35;0;35;100
swath2;0;32714.963058;0.7;2;38;0;38;100
swath3;0;37181.234258;0.8;2;37;0;37;100
t1717;0;134531.021428;79.098998;1;291;4;295;100
t1722;0;98815.407611;52.399108;1;170;2;172;100
ta1-UUM;0;3693674.556772;4.190418;1;4;0;4;100
ta2-UUE;0;41427354.755773;0.680983;2;164;0;164;100
tanglegram1;0;0;146;1;236;2;238;100
tanglegram2;0;0;74;1;36;0;36;100
tanglegram4;0;0;214;1;824;4;828;100
tanglegram6;0;0;100;1;69;0;69;100
tbfp-bigm;0;-178.153988;30;1;333;0;333;100
tbfp-network;0;23.261535;31;1;892;3;895;100
Test3;0;2669532.692462;22.368722;2;253;4;257;100
thor50dday;0;204179;0;2;251;4;255;100
timtab1;0;1234325.333333;18.45;2;1;0;1;100
timtab1CUTS;0;613590.095426;35.885811;2;4;0;4;100
timtab2;0;1487304.333333;29.783333;2;1;0;1;100
tokyometro;0;11100;244.805246;2;67;0;67;100
toll-like;0;0;339.5;1;37;0;37;100
tpl-tub-ss16;0;8052373.477492;2148.906605;3;91207;281;91488;100
tpl-tub-ws1617;0;10498468.058836;2262.455897;3;119560;391;119951;100
tr12-30;0;188435.464884;3.580258;2;1;0;1;100
traininstance2;0;0;641.686234;2;54;0;54;100
traininstance6;0;0;381.122112;2;41;0;41;100
transportmoment;0;-70929535815.38;783.890174;2;208;0;208;100
trento1;0;5182758.848056;80.357739;1;538;0;538;100
triptim1;0;22.868087;2087.419346;1;9300;3;9303;100
triptim2;0;10.866359;801.595268;1;12050;4;12054;100
triptim3;0;13.511741;809.069096;1;12048;3;12051;100
triptim4;0;9.207022;591.583434;1;12065;3;12068;100
triptim7;0;2336.732602;590.375308;2;11261;6;11267;100
triptim8;0;2336.754853;583.67257;2;13772;6;13778;100
tw-myciel4;0;3.838028;122.191901;8;212;1;213;100
uc-case11;0;611267.013003;123.092075;1;3038;0;3038;100
uc-case3;0;7181.264177;95.341586;1;2130;0;2130;100
uccase10;0;38988.693469;403.985961;1;2796;1;2797;100
uccase12;0;11507.285324;38.32;1;2269;1;2270;100
uccase7;0;26527.789654;162.379998;1;3484;0;3484;100
uccase8;0;11142.163196;63.982247;1;2650;0;2650;100
uccase9;0;10819.582997;76.021209;2;4327;1;4328;100
uct-subprob;0;242;57.775663;1;46;0;46;100
umts;0;91618146.215272;77.667697;2;70;0;70;100
unitcal_7;0;19387712.348556;143.074673;2;804;0;804;100
usAbbrv-8-25_70;0;95;138.522583;3;37;0;37;100
usafa;0;11.961749;2930.074494;2;49299;166;49465;100
v150d30-2hopcds;0;54;0;3;104;2;106;31.71
van;0;1.72352;5.404444;1;3237;0;3237;100
var-smallemery-m6j6;0;-156.056268;90.190835;2;1303;10;1313;100
vpm2;0;13.372866;5.698001;2;1;0;1;100
vpphard;0;0;128.390476;1;222;4;226;100
vpphard2;0;0;224.687229;1;652;15;667;100
wachplan;0;-9;59.344774;2;39;1;40;100
wnq-n100-mw99-14;0;198.394737;81.157895;3;5043;32;5075;100
xmas10-2;0;-548.904684;180.189643;1;251;0;251;100
xmas10;0;-449.063962;131.814139;7;220;0;220;100
z26;0;-981;0;3;2747;43;2790;17.35
zeil;0;813.510308;818.357568;2;83507;13;83520;100
zib54-UUE;0;19164366;0;2;50;0;50;85.45
10teams;37029;917;36.681642;1;28;0;28;100
22433;37029;21552.708079;24.962328;5;6;0;6;100
23588;37029;8342.863244;17.617619;4;3;0;3;100
2club200v15p5scn;37029;-96.055556;38.611111;7;146;4;150;100
30n20b8;37029;5530;15.589981;2;93;1;94;100
30_70_45_05_100;37029;132;0;6;906;3;909;100
30_70_45_095_100;37029;57;0;5;742;2;744;100
30_70_45_095_98;37029;548;0;6;816;3;819;100
50v-10;37029;1493601.476062;0;2;4;0;4;100
a1c1s1;37029;20912.873333;0.041667;2;34;0;34;100
a2c1s1;37029;20866.0825;0;2;36;0;36;91.62
ab51-40-100;37029;-6462960122;0;3;893;1;894;37.98
ab67-40-100;37029;-7069213256;0;3;2585;1;2586;36.8
ab69-40-100;37029;-7004957456.99999;0;3;2088;1;2089;37.38
ab71-20-100;37029;-6512126462;0;3;235;1;236;37.51
ab72-40-100;37029;-6898618453.00001;0;3;793;1;794;38.33
academictimetablebig;37029;57;2027.119953;2;3139;20;3159;100
academictimetablesmall;37029;0;327.222248;2;232;3;235;100
acc-tight2;37029;0;129.034401;1;32;0;32;100
acc-tight4;37029;0;133.878393;1;56;0;56;100
acc-tight5;37029;0;121.269585;1;233;0;233;100
acc-tight6;37029;0;120.058761;1;243;0;243;100
adult-max5features;37029;0.081316;0.266955;1;912;3;915;100
adult-regularized;37029;0.077684;0.234052;1;2048;3;2051;100
aflow30a;37029;983.167425;6.510845;1;5;0;5;100
aflow40b;37029;1005.664817;8.247724;1;22;0;22;100
air03;37029;338864.25;11.875;1;59;0;59;100
air04;37029;55535.436388;52.288553;1;219;0;219;100
air05;37029;25877.609268;46.215654;1;145;0;145;100
aligninq;37029;2755;40.921868;7;15;1;16;100
allcolor10;37029;6;755.781169;2;138;1;139;100
allcolor58;37029;42;3660.566767;1;1223;5;1228;100
amaze22012-03-15i;37029;0;0;1;45;1;46;0
amaze22012-06-28i;37029;0;0;1;24;0;24;0
amaze22012-07-04i;37029;0;0;1;26;0;26;0
app1-1;37029;-2;0.179678;3;56;0;56;100
app1-2;37029;-23;1e-06;2;3889;1;3890;100
app2-1;37029;19298.5;0;2;32;0;32;0.02
app2-2;37029;219402.5;0;3;1;0;1;3.47
app3;37029;5627412.287938;3.142492;1;38;0;38;100
arki001;37029;7579599.807787;17.164714;1;33;0;33;100
assign1-10-4;37029;353.992926;52;1;36;0;36;100
assign1-5-8;37029;183.362555;24;1;2;0;2;100
atlanta-ip;37029;81.243206;325.689509;3;4301;6;4307;100
atm20-100;37029;2141734.684878;124.301066;2;120;0;120;100
australia-abs-cta;37029;0;38.750723;1;92;0;92;100
b-ball;37029;-1.818182;4.818182;1;0;0;0;100
b1c1s1;37029;69966.45;0;2;34;0;34;100
b2c1s1;37029;70651.01;0;2;35;0;35;100
bab1;37029;-286923.824223;50.52;1;250;5;255;100
bab2;37029;-353606.266494;534.575488;2;8328;23;8351;100
bab3;37029;-557391.946196;518.63538;2;30494;48;30542;100
bab5;37029;-111176.514726;175.63525;2;565;2;567;100
bab6;37029;-224575.783183;661.616846;2;5858;15;5873;100
bc;37029;13.063318;0.063318;2;108;0;108;100
bc1;37029;6.45558;0.016336;2;96;0;96;100
beasleyC1;37029;102;0;2;3;0;3;20
beasleyC2;37029;232;0;2;2;0;2;61.11
beasleyC3;37029;958;0;2;3;0;3;27.06
beavma;37029;407840.4;0;3;1;0;1;6.41
berlin;37029;1741;0;2;30;0;30;66.76
berlin_5_8_0;37029;52;64.959947;3;5;0;5;100
bg512142;37029;323992.007013;52.989642;3;27;0;27;100
biella1;37029;3060037.430763;98.771008;1;246;0;246;100
bienst1;37029;11.724138;4.390524;1;5;0;5;100
bienst2;37029;11.724138;5.390524;1;3;0;3;100
binkar10_1;37029;6637.188027;9.084811;1;8;0;8;100
blend2;37029;7.489992;0.492283;2;0;0;0;100
bley_xl1;37029;265.571332;336.926676;6;21092;26;21118;100
bley_xs1;37029;213538830.272187;107.27048;3;149;0;149;100
bley_xs1noM;37029;260783449.512445;78.38821;8;120;2;122;100
bley_xs2;37029;48593009.277766;66.02141;2;22;0;22;100
blp-ar98;37029;14303.194003;9.189386;9;95;16;111;100
blp-ic97;37029;6123.238237;3.473359;16;80;16;96;100
blp-ic98;37029;14141.050706;0.1;4;122;6;128;100
blp-ir98;37029;5639.818879;2.497817;2;39;1;40;100
bmocbd;37029;-32041010095048.5;0;1;741;6;747;0
bmocbd2;37029;-31953009810558.2;0;1;757;6;763;0
bmocbd3;37029;45423160355.8155;0;3;16285;17;16302;100
bmoipr2;37029;-46628940.711141;0.160693;3;79;1;80;100
bnatt350;37029;0;91.914943;4;71;0;71;100
bnatt400;37029;0;98.918149;7;64;1;65;100
bppc4-08;37029;51.59;8.850948;1;18;0;18;100
bppc6-02;37029;108.34;11.886994;1;153;1;154;100
bppc6-06;37029;200.633333;14.947367;1;131;0;131;100
bppc8-02;37029;486.5;3.204377;1;1;0;1;100
bppc8-09;37029;444.436047;5.98123;1;4;0;4;100
brasil;37029;31819;0;2;24;0;24;100
brazil3;37029;2;656.675844;1;1021;1;1022;100
breastcancer-regularized;37029;0.00046;0.002809;1;8;0;8;100
bts4-cta;37029;33524.637606;1130;1;620;0;620;100
buildingenergy;37029;33246.215059;1468.85;2;15965;5;15970;100
cap6000;37029;-2446875;0;3;40;1;41;0.18
cbs-cta;37029;0;28.754656;1;125;0;125;100
cdc7-4-3-2;37029;-232;0;3;36631;5;36636;19.44
chromaticindex1024-7;37029;4;16002.682953;2;2362;10;2372;100
chromaticindex128-5;37029;4;2021.163699;2;142;1;143;100
chromaticindex256-8;37029;4;4069.477083;2;357;2;359;100
chromaticindex32-8;37029;4;504.8875;2;16;0;16;100
chromaticindex512-7;37029;4;8183.527137;2;1037;5;1042;100
ci-s4;37029;4.963809;19.526141;2;64;0;64;100
circ10-3;37029;140;154.207692;1;165;1;166;100
cmflsp40-24-10-7;37029;52605868.952858;70.70093;3;416;0;416;100
cmflsp40-36-2-10;37029;72898024.959478;295.649246;3;781;0;781;100
cmflsp50-24-10-4;37029;64492612.641644;81.236085;3;350;0;350;100
cmflsp50-24-8-8;37029;59814378.749021;131.86946;3;344;0;344;100
cmflsp60-36-2-6;37029;97887903.946142;370.689759;3;1826;0;1826;100
CMS750_4;37029;250;258.046726;3;109;1;110;100
co-100;37029;1250429.774879;9.799423;2;285;20;305;100
cod105;37029;-8;0;3;480;1;481;33.33
comp07-2idx;37029;0;139.65;2;1278;2;1280;100
comp08-2idx;37029;0;183.178592;3;180;1;181;100
comp12-2idx;37029;11;249.122949;3;1283;2;1285;100
comp16-3idx;37029;4;722.299516;1;8258;3;8261;100
comp21-2idx;37029;0;197.95;2;1032;1;1033;100
control30-3-2-3;37029;-20763026.787568;27.97054;1;6;0;6;100
core2536-691;37029;788;0;3;1416;3;1419;14.37
core2586-950;37029;1150;0;3;938;3;941;21.31
core4284-1064;37029;1320;0;3;4740;6;4746;24.18
core4872-1529;37029;1863;0;3;3026;7;3033;21.76
cost266-UUE;37029;42001606.28;0;2;76;0;76;67.01
cov1075;37029;56;0;3;6;0;6;100
cryptanalysiskb128n5obj16;37029;0;7174.215397;2;896;8;904;100
csched007;37029;269.251587;22.185714;1;39;0;39;100
csched008;37029;171;19.809478;1;11;0;11;100
csched010;37029;332.422727;20.035354;1;35;0;35;100
cvrpa-n64k9vrpi;37029;0;211.276596;1;334;3;337;100
cvrpb-n45k5vrpi;37029;0;153.312977;1;159;1;160;100
cvrpp-n16k8vrpi;37029;0;50.625;1;38;0;38;100
cvrpsimple2i;37029;0;25.8;1;3;0;3;100
cvs08r139-94;37029;-24;0;3;18;0;18;79.31
cvs16r106-72;37029;-10;0;3;32;0;32;87.65
cvs16r128-89;37029;-11;0;3;39;0;39;88.66
cvs16r70-62;37029;-5;0;3;31;0;31;88.1
cvs16r89-60;37029;-7;0;3;30;0;30;89.23
d10200;37029;12425.583005;34.236879;1;62;0;62;100
d20200;37029;12229.625788;62.339279;1;375;1;376;100
dale-cta;37029;0;0.00473;1;321;0;321;100
dano3mip;37029;576.23162;15.294513;1;1963;0;1963;100
dano3_3;37029;576.23162;1.932181;1;1976;0;1976;100
dano3_5;37029;576.23162;2.871834;1;1858;0;1858;100
danoint;37029;62.63728;5.819184;1;14;0;14;100
dc1c;37029;1754946.863638;139.779852;1;275;0;275;100
dc1l;37029;522111667.267955;0;3;1229;17;1246;100
dcmulti;37029;184858.396836;12.823814;3;3;0;3;100
decomp1;37029;-120;98.888889;1;44;0;44;100
decomp2;37029;-160;93.138889;1;51;0;51;100
dfn-bwin-DBE;37029;797567.4;0;2;46;0;46;100
dfn-gwin-UUM;37029;27467.257235;5.653537;1;1;0;1;100
dg012142;37029;5895516.340434;39.442147;5;198;0;198;100
diameterc-mstc-v20a190d5i;37029;291;62;1;34;0;34;100
diameterc-msts-v40a100d5i;37029;324;100.621212;1;30;0;30;100
disctom;37029;-5000;51.166667;1;203;0;203;100
disktom;37029;-5000;51.166667;1;185;0;185;100
dolom1;37029;6556066.068315;110.72091;1;445;1;446;100
drayage-100-12;37029;21458.311901;43.599962;1;59;0;59;100
drayage-100-23;37029;11714.141979;43.32781;1;126;0;126;100
drayage-25-23;37029;11714.141979;42.142735;1;149;0;149;100
drayage-25-27;37029;26785.797043;43.712602;1;57;0;57;100
drayage-25-32;37029;32519.997253;43.268141;1;59;0;59;100
ds-big;37029;86.820068;30.669231;1;7862;21;7883;100
ds;37029;57.234565;33.463549;1;1053;6;1059;100
dws008-01;37029;708.876687;16.484655;2;55;0;55;100
dws008-03;37029;716.047081;7.806469;2;126;1;127;100
dws012-01;37029;3473.575073;26.230322;2;115;1;116;100
dws012-02;37029;2128.039491;19.344808;2;225;3;228;100
dws012-03;37029;2125.884828;18.678617;2;333;4;337;100
eil33-2;37029;811.278996;3.61563;1;37;0;37;100
eilA101-2;37029;803.373888;7.408683;1;929;6;935;100
eilB101;37029;1075.247691;12.807028;1;22;0;22;100
eilC76-2;37029;725.754458;7.780208;1;273;2;275;100
ej;37029;1;0.243844;1;0;0;0;100
elitserienhandball11i;37029;0;1421.352265;1;241;1;242;100
elitserienhandball13i;37029;0;1357.692232;1;254;1;255;100
elitserienhandball14i;37029;0;1543.7577;1;257;1;258;100
elitserienhandball3i;37029;0;1525.315516;1;257;1;258;100
enlight13;37029;0;0.5;1;0;0;0;100
enlight15;37029;0;0.5;1;0;0;0;100
enlight8;37029;0;0.5;1;0;0;0;100
enlight_hard;37029;0;14.5;1;0;0;0;100
eva1aprime5x5opt;37029;-497.247729;0.844656;1;379;0;379;100
eva1aprime6x6opt;37029;-495.49243;7.714269;1;1898;0;1898;100
ex10;37029;100;100;1;17036;6;17042;100
ex1010-pi;37029;304;0;3;760;4;764;29.36
ex9;37029;81;81;1;1659;3;1662;100
exp-1-500-5-5;37029;97666.305541;4.045842;2;2;0;2;100
f2000;37029;1383;1280;2;3752;0;3752;100
f2gap201600;37029;76429.862296;1.402159;1;3;0;3;100
f2gap401600;37029;82274.237434;1.19002;1;4;0;4;100
f2gap40400;37029;20650.898154;3.25358;1;1;0;1;100
f2gap801600;37029;86570.120867;5.266841;1;5;0;5;100
fast0507;37029;214;0;3;550;11;561;22.99
fastxgemm-n2r6s0t2;37029;27;9;1;30;0;30;100
fastxgemm-n2r7s4t1;37029;27;9;1;36;0;36;100
fastxgemm-n3r21s3t6;37029;84;27;1;2370;0;2370;100
fastxgemm-n3r22s4t6;37029;84;27;1;2659;0;2659;100
fastxgemm-n3r23s5t6;37029;84;27;1;2674;0;2674;100
fhnw-binpack4-48;37029;0;333.285714;2;121;0;121;100
fhnw-binpack4-58;37029;0;467.321429;2;132;1;133;100
fhnw-binpack4-77;37029;0;207.310714;2;107;0;107;100
fhnw-binschedule0;37029;12632.888779;685.581929;3;11479;43;11522;100
fhnw-binschedule2;37029;1706.886254;185.026392;3;223;3;226;100
fhnw-schedule-paira100;37029;-36.643681;5.147307;2;139;0;139;100
fhnw-schedule-paira200;37029;-73.826479;8.938667;2;270;2;272;100
fhnw-schedule-paira400;37029;-146.941079;19.26431;2;1412;11;1423;100
fhnw-schedule-pairb200;37029;-73.826479;516.184695;2;1159;6;1165;100
fhnw-schedule-pairb400;37029;-146.941079;2338.646383;2;7154;28;7182;100
fhnw-sq2;37029;0;14.298419;1;5;0;5;100
fiball;37029;137.069168;82.028566;1;121;1;122;100
fiber;37029;1023943.76;9.839127;2;3;0;3;100
fillomino7x7-0i;37029;0;0;1;32;0;32;0
fixnet6;37029;12170;0;2;2;0;2;100
fjspeasy01i;37029;216;0;1;39;0;39;0
flugpl;37029;1167185.725592;3.538918;1;0;0;0;100
g200x740;37029;45614;0;2;2;0;2;2.93
g200x740i;37029;44069;0;2;2;0;2;46.48
gasprod1-1;37029;4539.90753;51.5198;7885;763;6500;7263;100
gasprod1-2;37029;1691.141291;51.497411;6853;539;5118;5657;100
gasprod1-3;37029;3682.336923;49.221179;8368;552;5837;6389;100
gasprod2-1;37029;1306101.609201;404.201103;19;1673;16;1689;100
gasprod2-2;37029;1330631.091637;502.800224;36;1817;30;1847;100
gen-ip002;37029;-511.036897;0;3;0;0;0;89.32
gen-ip016;37029;-9505.628173;1.906914;1;0;0;0;100
gen-ip021;37029;6642.05262;2.217259;4;0;0;0;100
gen-ip036;37029;-2162.833562;0;3;0;0;0;53.05
gen-ip054;37029;16786.476526;1.032398;5;0;0;0;100
gen;37029;112130.040664;7.929263;1;3;0;3;100
genus-g31-8;37029;-27;83;1;988;1;989;100
genus-g61-25;37029;-58;249.312678;1;711;2;713;100
genus-sym-g31-8;37029;-27;154.805251;2;3676;3;3679;100
genus-sym-g62-2;37029;-54;251.108763;2;22161;3;22164;100
genus-sym-grafo5708-48;37029;-27;115.061005;1;1260;0;1260;100
ger50-17-ptp-pop-3t;37029;3466.324873;45.213645;1;105;0;105;100
ger50-17-ptp-pop-6t;37029;6804.447088;50.477969;1;88;0;88;100
ger50-17-trans-dfn-3t;37029;3453.475245;37.741927;1;160;1;161;100
ger50-17-trans-pop-3t;37029;3456.252922;49.487013;1;184;1;185;100
ger50_17_trans;37029;6850.628623;48.22611;1;139;1;140;100
germanrr;37029;46445702.956442;53.468182;2;678;4;682;100
germany50-DBM;37029;438028;23.4;1;128;0;128;100
germany50-UUM;37029;597932.5;24.4;1;37;0;37;100
gesa2-o;37029;25748173.191117;13.380406;2;5;0;5;100
gesa2;37029;25477017.874283;13.26737;2;7;0;7;100
gfd-schedulen180f7d50m30k18-16i;37029;18;108.864749;1;5772;111;5883;100
gfd-schedulen180f7d50m30k18;37029;1;4971.136881;2;3478;24;3502;100
gfd-schedulen25f5d20m10k3i;37029;3;13.619895;1;68;1;69;100
gfd-schedulen55f2d50m30k3i;37029;3;27.695911;1;157;3;160;100
ghoulomb4-9-10i;37029;9;0;1;59;2;61;0
glass-sc;37029;29;0;3;123;1;124;26.09
glass4;37029;800002400;2.059524;1;1;0;1;100
gmu-35-40;37029;-2400283.756506;1.911023;2;9;0;9;100
gmu-35-50;37029;-2606307.146543;3.420099;2;19;0;19;100
gmut-75-50;37029;-14182312.661731;4.988967;1;643;5;648;100
gmut-76-40;37029;-14171086.316075;9.054451;1;227;1;228;100
gmut-76-50;37029;-14173884.188063;4.201959;1;481;5;486;100
gmut-77-40;37029;-14173396.636852;2.97325;1;244;2;246;100
go19;37029;95;0;3;5;0;5;13.1
gr4x6;37029;229.05;0;2;0;0;0;13.19
graph20-20-1rand;37029;-37;48.5;1;51;0;51;100
graph20-80-1rand;37029;-117;142;1;1753;1;1754;100
graph40-20-1rand;37029;-157;183.5;1;3871;3;3874;100
graph40-40-1rand;37029;-300;327;1;89881;10;89891;100
graphdraw-domain;37029;12672;18.037296;1;2;0;2;100
graphdraw-gemcutter;37029;4310;10.690226;1;1;0;1;100
graphdraw-grafo2;37029;35762;325.965485;1;763;3;766;100
graphdraw-mainerd;37029;30496;102.656285;1;84;0;84;100
graphdraw-opmanager;37029;54717;178.181738;1;430;1;431;100
gsvm2rl11;37029;35640.343493;0;3;367;0;367;96.67
gsvm2rl12;37029;50;0;3;562;0;562;100
gsvm2rl3;37029;0.6;0;3;4;0;4;78.29
gsvm2rl5;37029;10;0;3;8;0;8;84.4
gsvm2rl9;37029;16356.825869;0;3;62;0;62;100
gt2;37029;13460.233074;0.728107;1;0;0;0;100
h50x2450;37029;11147.731511;3.696751;1;25;0;25;100
h80x6320;37029;3700;0;1;22;0;22;0
h80x6320d;37029;5325.160104;2.515625;1;39;0;39;100
hanoi5;37029;1931;324;4;146;1;147;100
haprp;37029;3665963.213506;96.940858;1;4;0;4;100
harp2;37029;-74353341.5023;5.485338;1;7;0;7;100
hgms-det;37029;-53824.391476;32.676364;1;212;0;212;100
hgms30;37029;-53349.215497;60.694272;1;9227;0;9227;100
hgms62;37029;-53416.649907;61.317531;1;27187;0;27187;100
hypothyroid-k1;37029;-2902.852586;39.591978;1;7134;2;7136;100
ic97_potential;37029;4060;54.466667;2;4;0;4;100
ic97_tension;37029;3911;15.366667;2;2;0;2;100
icir97_potential;37029;6620;169.333333;2;34;0;34;100
icir97_tension;37029;6302;97.366667;2;4;0;4;100
iis-100-0-cov;37029;35;0;3;92;0;92;20.69
iis-bupa-cov;37029;46;0;3;147;0;147;27.78
iis-glass-cov;37029;26;0;3;113;1;114;23.81
iis-hc-cov;37029;22;0;3;167;3;170;29.41
iis-pima-cov;37029;39;0;3;201;2;203;18.18
irp;37029;12123.530222;6;1;77;1;78;100
istanbul-no-cutoff;37029;51.11;3.607411;1;423;0;423;100
ivu06-big;37029;135.427718;95.799872;1;54962;157;55119;100
ivu06;37029;135.901353;97.120377;1;15252;55;15307;100
ivu52;37029;480.250439;83.13028;1;7475;15;7490;100
ivu59;37029;884.456993;122.834601;1;106321;211;106532;100
janos-us-DDM;37029;1488134.75;22.375;1;4;0;4;100
k16x240;37029;11359;0;2;0;0;0;6.42
k16x240b;37029;12874;0;2;0;0;0;13
k1mushroom;37029;-4165.061224;43.877551;1;16738;7;16745;100
k1mushroomi;37029;-4208;0;1;186;6;192;0
khb05250;37029;126785464;0;2;1;0;1;18.56
l2p12;37029;2;1084.341227;1;409;0;409;100
l2p1i;37029;1;186.848182;1;748;13;761;100
l2p2i;37029;1;9.888081;1;48;1;49;100
lectsched-1-obj;37029;0;5.975758;2;233;5;238;100
lectsched-1;37029;0;3.151515;2;193;5;198;100
lectsched-2;37029;0;17.32803;5;113;12;125;100
lectsched-3;37029;0;25.257576;6;218;12;230;100
lectsched-4-obj;37029;0;12.074242;4;74;3;77;100
lectsched-5-obj;37029;0;4.117424;2;226;4;230;100
leo1;37029;1181219706.24;0;3;89;2;91;100
leo2;37029;1344214233.44;0;3;175;3;178;100
liu;37029;346;10.938399;2;5;0;5;100
loopha13;37029;6.279;1.10216;2;197;1;198;100
lotsize;37029;1335747.052789;7.405615;2;6;0;6;100
lr1dr02vc05v8a-t360;37029;120706.326475;174.298112;1;818;0;818;100
lr1dr04vc05v17a-t360;37029;247111.69248;335.090553;1;1902;1;1903;100
lr1dr12vc10v70b-t360;37029;983950.247945;1069.593454;1;44283;10;44293;100
lr2-22dr3-333vc4v17a-t60;37029;-72838.215835;239.748662;2;35313;8;35321;100
lrn;37029;42701141.648089;65.099086;2;453;0;453;100
m100n500k4r1;37029;-19;0;3;6;0;6;24
macrophage;37029;0;339;1;30;0;30;100
mad;37029;0;3.084841;1;1;0;1;100
manna81;37029;-10107;0;3;42;0;42;23.22
map06;37029;-406.181173;7.868443;1;2239;1;2240;100
map10;37029;-602.176181;11.248146;1;2438;1;2439;100
map14;37029;-778.549324;11.962355;1;2278;1;2279;100
map14860-20;37029;-998.836419;10.400693;1;2650;1;2651;100
map16715-04;37029;-296.267898;4.997036;1;2350;1;2351;100
map18;37029;-932.782685;11.173489;1;4157;1;4158;100
map20;37029;-998.836419;10.400693;1;2643;1;2644;100
mappingmesh3x3mpeg2i;37029;87.555556;87.202393;1;33;0;33;100
mario-t-hard5i;37029;-4482;10.942559;1;1300;3;1303;100
markshare1;37029;230;0;2;0;0;0;100
markshare2;37029;454;0;2;0;0;0;100
markshare_4_0;37029;226;0;2;0;0;0;100
markshare_5_0;37029;337;0;2;0;0;0;100
mas74;37029;10482.79528;3.103514;1;1;0;1;100
mas76;37029;38893.903641;2.555097;1;1;0;1;100
maxgasflow;37029;-70929535.9;647.128713;2;54;0;54;100
mc11;37029;13509;0;2;26;0;26;15.57
mc7;37029;5796;0;2;26;0;26;69.62
mc8;37029;1929;0;2;30;0;30;23.18
mcsched;37029;193774.753707;340.221655;1;133;0;133;100
methanosarcina;37029;0;313;1;111;0;111;100
mik-250-1-100-1;37029;0;0;2;2;0;2;100
mik-250-20-75-1;37029;0;0;2;3;0;3;100
mik-250-20-75-2;37029;0;0;2;3;0;3;100
mik-250-20-75-3;37029;0;0;2;3;0;3;100
mik-250-20-75-4;37029;0;0;2;3;0;3;100
mik-250-20-75-5;37029;0;0;2;3;0;3;100
milo-v12-6-r1-58-1;37029;410986.648167;146.256423;1;146;0;146;100
milo-v12-6-r1-75-1;37029;669700.757896;230.843427;1;170;0;170;100
milo-v12-6-r2-40-1;37029;205532.322265;97.799498;1;59;0;59;100
milo-v13-4-3d-3-0;37029;23359.288017;1.476277;1;12;0;12;100
milo-v13-4-3d-4-0;37029;34031.171805;2.550972;1;21;0;21;100
mine-166-5;37029;-821763677.673139;187.331384;1;188;0;188;100
mine-90-10;37029;-887165318.510226;202.375368;1;156;0;156;100
mining;37029;-885353915.925571;8477.535071;96;106055;2365;108420;100
minutedispatchstrategy;37029;1898.391429;412.137934;2;1203;2;1205;100
misc07;37029;1415;8;1;2;0;2;100
mitre;37029;114740.518481;224.156743;1;104;0;104;100
mkc;37029;-581.85;16.208843;3;31;0;31;100
mkc1;37029;-611.85;3.942199;3;33;0;33;100
mod010;37029;6532.083333;14.166667;1;14;0;14;100
modglob;37029;20786787.016883;0;2;2;0;2;0.22
moj-mining;37029;-1520532907.35018;566.626558;2;45941;0;45941;100
momentum1;37029;134660.011921;48.045264;2;1052;0;1052;100
momentum2;37029;61266.821316;84.616225;3;689;2;691;100
momentum3;37029;107721.82427;144.721031;3;8367;1;8368;100
mrcpspj30-15-5i;37029;23;136.179484;1;40;0;40;100
mrcpspj30-17-10i;37029;25;28.677778;1;36;0;36;100
mrcpspj30-53-3i;37029;30;39.081217;1;38;0;38;100
msc98-ip;37029;19520966.151663;338.886443;2;4318;1;4319;100
mspp16;37029;341;1.241379;1;27204;134;27338;100
mspsphard01i;37029;16;0;1;44;1;45;0
mspsphard03i;37029;20;0;1;81;1;82;0
mtest4ma;37029;60342;0;2;2;0;2;15.71
mushroom-best;37029;1.3e-05;0.0192;1;306;1;307;100
mzzv11;37029;-22556.460829;174.328454;2;398;1;399;100
mzzv42z;37029;-18842.814586;198.473995;2;290;2;292;100
n13-3;37029;14401970;0;2;26;0;26;100
n15-3;37029;71710891;0;2;3334;0;3334;0
n2seq36f;37029;70600;0;3;32;1;33;35.25
n2seq36q;37029;101037.6;28.84;3;152;3;155;100
n3-3;37029;24003430;0;2;136;0;136;100
n3700;37029;1342560;0;2;26;0;26;9.36
n3705;37029;1342540;0;2;28;0;28;9.55
n3707;37029;1301218;0;2;27;0;27;9.65
n3709;37029;1324904;0;2;34;0;34;9.68
n370a;37029;1353042;0;2;28;0;28;0
n370b;37029;1373791;0;2;28;0;28;11.06
n3div36;37029;201600;0;3;142;6;148;54.13
n3seq24;37029;189033.068485;51.670786;3;2922;52;2974;100
n4-3;37029;13501875;0;2;52;0;52;100
n5-3;37029;12301325;0;2;20;0;20;100
n6-3;37029;16502900;0;2;39;0;39;100
n7-3;37029;14704310;0;2;41;0;41;100
n9-3;37029;21603625;0;2;150;0;150;100
nag;37029;465;14.734996;3;46;0;46;100
neos-1061020;37029;-145860.370608;501.179054;1;928;1;929;100
neos-1067731;37029;669053;81.272727;1;498;0;498;100
neos-1109824;37029;278;22;1;59;0;59;100
neos-1112782;37029;22000000110147.3;0;2;25;0;25;100
neos-1112787;37029;19500000125389.7;0;2;25;0;25;100
neos-1122047;37029;162.181757;1.265657;2;481;0;481;100
neos-1171448;37029;-309;0.936995;2;78;0;78;100
neos-1171692;37029;-273;3.730892;2;46;0;46;100
neos-1171737;37029;-195;8.004699;2;44;0;44;100
neos-1225589;37029;5e+09;0;2;1;0;1;100
neos-1311124;37029;-182;5;2;3;0;3;100
neos-1324574;37029;4.5;144;1;38;0;38;100
neos-1330346;37029;4.5;76.5;1;128;0;128;100
neos-1337307;37029;-201272;272.493985;2;51;0;51;100
neos-1354092;37029;46;238.398385;2;1068;2;1070;100
neos-1367061;37029;31320456.264497;4.625;2;2475;1;2476;100
neos-1396125;37029;3000.053717;12.531496;2;7;0;7;100
neos-1420546;37029;22124.4;103.140678;1;367;0;367;100
neos-1420790;37029;2942.750002;75.132359;1;44;0;44;100
neos-1423785;37029;-1816.666667;311.9714;1;241;0;241;100
neos-1425699;37029;3175204364.6353;5.264952;1;0;0;0;100
neos-1426635;37029;-178;6.429182;2;2;0;2;100
neos-1426662;37029;-52;10.501303;2;4;0;4;100
neos-1429212;37029;30;702.979352;1;5541;12;5553;100
neos-1430701;37029;-78;6.669599;2;2;0;2;100
neos-1436709;37029;-129;3.502607;2;3;0;3;100
neos-1440225;37029;36;32.95203;1;127;0;127;100
neos-1440460;37029;-180;4.85975;2;2;0;2;100
neos-1442119;37029;-182;2.580471;2;3;0;3;100
neos-1442657;37029;-156;4.002933;2;3;0;3;100
neos-1445532;37029;-22860;8.21746;2;94;0;94;100
neos-1445738;37029;-24232.548846;16.549339;1;162;0;162;100
neos-1445743;37029;-24579.832968;16.952539;1;140;0;140;100
neos-1445765;37029;-24699.19766;17.463301;1;155;0;155;100
neos-1456979;37029;154;8.434222;1;36;0;36;100
neos-1516309;37029;34769.833333;9.166667;2;27;0;27;100
neos-1582420;37029;88.469527;56.693409;5;83;1;84;100
neos-1593097;37029;4424;55.795872;1;102;1;103;100
neos-1599274;37029;32194.742857;6.464286;3;35;1;36;100
neos-1601936;37029;1;160.240666;1;737;0;737;100
neos-1603965;37029;619244367.662955;0.000913;1;628;0;628;100
neos-1605061;37029;6.150735;155.194245;1;2167;0;2167;100
neos-1605075;37029;3.214461;172.430143;1;1924;0;1924;100
neos-1616732;37029;173;0;3;5;0;5;8.81
neos-1620770;37029;22;35;2;42;0;42;100
neos-2294525-abba;37029;156.177251;16.374339;1;83;0;83;100
neos-2328163-agri;37029;26069;48.333333;1;57;0;57;100
neos-2624317-amur;37029;0;24.102739;1;3;0;3;100
neos-2629914-sudost;37029;39622;6.805742;1;204;0;204;100
neos-2652786-brda;37029;0;23.382167;2;1;0;1;100
neos-2657525-crna;37029;0;28.348834;2;1;0;1;100
neos-2669500-cust;37029;2221.9;230.19862;2;942;11;953;100
neos-2746589-doon;37029;1985.75;129.965898;2;293;4;297;100
neos-2974461-ibar;37029;473452396.770997;3364;2;216726;31;216757;100
neos-2978193-inde;37029;-2.418518;7.4;1;59;0;59;100
neos-2978205-isar;37029;-12.415307;28.8;1;203;0;203;100
neos-2987202-jeir;37029;-1847551552.23661;1035.632796;2;66385;1;66386;100
neos-2987310-joes;37029;-610797465.676974;19.875;2;1146;0;1146;100
neos-2991472-kalu;37029;441.200405;3.938339;5;4217;275;4492;100
neos-3004026-krka;37029;0;832;1;53;0;53;100
neos-3009394-lami;37029;0.642857;216.285714;1;4;0;4;100
neos-3024952-loue;37029;22882;103.3;1;260;0;260;100
neos-3025225-shelon;37029;0.052574;323.690533;1;99411;44;99455;100
neos-3046601-motu;37029;185;0.4492;1;1;0;1;100
neos-3046615-murg;37029;192;0.3458;1;1;0;1;100
neos-3048764-nadi;37029;-3883988306.36669;0;2;42;1;43;0
neos-3065804-namu;37029;0;0;1;195;0;195;0
neos-3068746-nene;37029;77427529.530929;55.412658;2;129;0;129;100
neos-3072252-nete;37029;10593526;1.938794;2;2;0;2;100
neos-3075395-nile;37029;54.924463;0.00048;1;143;0;143;100
neos-3083784-nive;37029;0;12;1;27;0;27;100
neos-3083819-nubu;37029;6290575.552807;13.541087;1;50;0;50;100
neos-3116779-oban;37029;0;0;1;21;0;21;0
neos-3118745-obra;37029;357;0;2;3;0;3;40
neos-3148108-pahi;37029;0;0;1;273;2;275;0
neos-3209462-rhin;37029;0;49.45122;2;4250;1;4251;100
neos-3209519-ruhr;37029;332.85;25.900482;1;54;0;54;100
neos-3214367-sovi;37029;87802.732596;100.08443;1;1888;0;1888;100
neos-3216931-puriri;37029;58817.353066;51.40019;1;1155;0;1155;100
neos-3226448-wkra;37029;0;512.043709;1;784;0;784;100
neos-3237086-abava;37029;0;96;1;263;2;265;100
neos-3322547-alsek;37029;616;115.178534;2;10418;69;10487;100
neos-3352863-ancoa;37029;495300;0;2;756;9;765;100
neos-3354841-apure;37029;48447.926267;4.407066;1;2628;31;2659;100
neos-3355120-tarago;37029;-20453473.616781;80.899969;1;605;2;607;100
neos-3355323-arnon;37029;0;33.818182;4;117;3;120;100
neos-3372571-onahau;37029;0.57699;8.695953;2;1655;0;1655;100
neos-3373491-avoca;37029;21687686014.0154;26.555947;1;7;0;7;100
neos-3381206-awhea;37029;432;61.334767;2;5;0;5;100
neos-3402294-bobin;37029;0;39.298587;1;1015;9;1024;100
neos-3426085-ticino;37029;235;41.78747;3;37;0;37;100
neos-3426132-dieze;37029;427;103.670666;2;49;0;49;100
neos-3437289-erdre;37029;0;0;1;77;1;78;0
neos-3530903-gauja;37029;170;33.253136;3;5;0;5;100
neos-3530905-gaula;37029;153;29.042208;2;4;0;4;100
neos-3555904-turama;37029;-41.45;29;1;875;5;880;100
neos-3572885-glina;37029;0;0;1;375;2;377;0
neos-3581454-haast;37029;1640;52;1;99;0;99;100
neos-3592146-hawea;37029;7237144.855333;13.694653;1;46;0;46;100
neos-3594536-henty;37029;383205;2498;1;137;1;138;100
neos-3603137-hoteo;37029;0;38.166667;3;45;1;46;100
neos-3610040-iskar;37029;46;0;2;2;0;2;24.32
neos-3610051-istra;37029;64;0;2;9;0;9;30.61
neos-3610173-itata;37029;180;0;2;6;0;6;21.62
neos-3611447-jijia;37029;129;0;2;3;0;3;20.56
neos-3611689-kaihu;37029;151;0;2;2;0;2;26.89
neos-3615091-sutlej;37029;-1506391.117177;170;1;1850;10;1860;100
neos-3627168-kasai;37029;1020229.4;0;2;3;0;3;3.2
neos-3634244-kauru;37029;0;152.72;1;4527;7;4534;100
neos-3636886-kereu;37029;4092.95754;2e-05;2;53;1;54;100
neos-3656078-kumeu;37029;-18774.7;92.164195;2;183;1;184;100
neos-3660371-kurow;37029;286.534383;17.739294;1;41;0;41;100
neos-3661949-lesse;37029;688975700;0.00026;2;54;0;54;100
neos-3665875-lesum;37029;248.325;41.380444;2;67;0;67;100
neos-3682128-sandon;37029;79915933.274829;141.641588;2;272;0;272;100
neos-3691541-lonja;37029;-0.079271;1.110009;2;41;0;41;100
neos-3695882-vesdre;37029;-145935.214286;38.466278;1;571;3;574;100
neos-3696678-lyvia;37029;5.599133;305.182559;2;49;0;49;100
neos-3699377-maori;37029;135877.224265;86.475608;2;105;0;105;100
neos-3703351-marne;37029;317056.210386;71.850613;2;54;0;54;100
neos-3740487-motru;37029;152.145486;225.379322;2;40290;63;40353;100
neos-3754480-nidda;37029;-1216923.270104;12.186832;1;3;0;3;100
neos-3755335-nizao;37029;50.030157;76.942384;2;582;1;583;100
neos-3759587-noosa;37029;48.334468;2.274444;2;348;1;349;100
neos-3761878-oglio;37029;422769.022545;74.732087;2;46;0;46;100
neos-3762025-ognon;37029;603955.746492;53.791954;2;35;0;35;100
neos-4165869-wannon;37029;282.410166;126.294292;3;451;5;456;100
neos-4260495-otere;37029;3336.109119;244.496957;2;862;16;878;100
neos-4264598-oueme;37029;4322420655.77198;2999.342361;241;3789;166;3955;100
neos-4285819-pedja;37029;9.198008;18.083988;2;121583;88;121671;100
neos-4290317-perth;37029;6352398.05574;0;2;612;1;613;100
neos-4292145-piako;37029;203285265.067233;3216.29981;241;3557;157;3714;100
neos-4295773-pissa;37029;0;3220.505376;1;5501;5;5506;100
neos-4300652-rahue;37029;0;52.333333;2;728;2;730;100
neos-4306827-ravan;37029;-35696.901913;771.837676;2;1049;13;1062;100
neos-4321076-ruwer;37029;1880.558333;39.333333;1;15257;1;15258;100
neos-4322846-ryton;37029;0.419848;25.388427;1;564;5;569;100
neos-4332801-seret;37029;222328.384492;5750.571985;4;162591;3234;165825;100
neos-4332810-sesia;37029;-33455.127882;4060.356957;11;109482;8483;117965;100
neos-4333464-siret;37029;24.731464;0.125;2;25;0;25;100
neos-4333596-skien;37029;-14653956.91493;0.180763;1;8;0;8;100
neos-4335793-snake;37029;0;300.868689;2;948;2;950;100
neos-4338804-snowy;37029;1447;0.3136;3;5;0;5;100
neos-4343293-stony;37029;51.62736;0.5;2;61;0;61;100
neos-4355351-swalm;37029;33.822611;0.094819;2;187;3;190;100
neos-4358725-tagus;37029;6199.400001;197.672071;73;712;15;727;100
neos-4359986-taipa;37029;0.296593;39.671142;1;1505;1;1506;100
neos-4360552-sangro;37029;-29.5;572.086779;1;10538;1;10539;100
neos-4387871-tavua;37029;36.445048;0.2;2;46;0;46;100
neos-4391920-timok;37029;9e-06;37.747142;1;7132;4;7136;100
neos-4393408-tinui;37029;340.267489;0.2;2;40;0;40;100
neos-4408804-prosna;37029;914.483516;66.321429;1;3714;2;3716;100
neos-4409277-trave;37029;0;347.723278;1;2206;1;2207;100
neos-4413714-turia;37029;43.474651;370.587709;1;2088;11;2099;100
neos-4532248-waihi;37029;0;26.808725;1;773;4;777;100
neos-4533806-waima;37029;3063.318841;99;1;1121;8;1129;100
neos-4545615-waita;37029;3606.59419;108.263827;1;14696;62;14758;100
neos-4555749-wards;37029;3026.812121;70;1;845;8;853;100
neos-4562542-watut;37029;3743.304348;85.428571;1;2972;12;2984;100
neos-4647027-thurso;37029;26911.641616;127.083433;1;2536;0;2536;100
neos-4647030-tutaki;37029;26911.641616;130.175014;1;2717;0;2717;100
neos-4647032-veleka;37029;26587.908699;174.815461;1;3757;0;3757;100
neos-4650160-yukon;37029;-22688.54768;228.864;1;4;0;4;100
neos-4722843-widden;37029;1841.255082;1452.768981;2;401;5;406;100
neos-4724674-aorere;37029;3758.753179;59.078997;3;481;10;491;100
neos-4736745-arroux;37029;653873224.676537;1.560199;2;40;0;40;100
neos-4738912-atrato;37029;617323325.173629;52.400465;2;43;0;43;100
neos-4754521-awarau;37029;0;0;1;1110;6;1116;0
neos-4760493-puerua;37029;1908.243695;237.071976;1;34127;2;34129;100
neos-476283;37029;406.244708;4.622056;2;4139;0;4139;100
neos-4763324-toguru;37029;1120.986062;232.945926;1;32972;2;32974;100
neos-4797081-pakoka;37029;0;821.218711;1;4730;2;4732;100
neos-4805882-barwon;37029;1603.90283;209.539059;1;205;1;206;100
neos-480878;37029;515.138796;1.008444;2;16;0;16;100
neos-4954274-beardy;37029;18659.208282;301.285291;2;873;2;875;100
neos-4954672-berkel;37029;3733961;4.007059;2;3;0;3;100
neos-4966258-blicks;37029;354.545455;449.137117;3;1389;4;1393;100
neos-4971100-bodrog;37029;0;0;2;66;0;66;100
neos-4972437-bojana;37029;355.557128;29.484099;2;9033;4;9037;100
neos-4972461-bolong;37029;465.045599;63.71069;2;5733;3;5736;100
neos-4976951-bunnoo;37029;375.694372;27.122883;2;5988;4;5992;100
neos-4984115-canche;37029;-10414620.716097;6.967648;1;17918;0;17918;100
neos-498623;37029;16;43.578586;1;147;0;147;100
neos-5013590-toitoi;37029;1064.447092;169;1;12513;1;12514;100
neos-5018451-chiese;37029;-149772385.216405;18.530618;1;65029;0;65029;100
neos-503737;37029;50;47.555718;1;31;0;31;100
neos-5041822-cockle;37029;5696053.417116;2.418448;3;2775;26;2801;100
neos-5044663-wairoa;37029;4653100;578.73613;1;22065;1;22066;100
neos-5045105-creuse;37029;19.06667;19.669391;1;70;0;70;100
neos-5049753-cuanza;37029;464;69.6;3;2509;5;2514;100
neos-5051588-culgoa;37029;128.75;32.57449;1;128;0;128;100
neos-5052403-cygnet;37029;217.7871;83.839163;9;37342;189;37531;100
neos-506422;37029;0;6.6;1;44;0;44;100
neos-506428;37029;145945;95.648936;1;600;3;603;100
neos-5075914-elvire;37029;277.341888;1.484053;2;47;0;47;100
neos-5076235-embley;37029;1930;0.115385;2;860;0;860;100
neos-5078479-escaut;37029;7280.474567;0.468278;2;42;0;42;100
neos-5079731-flyers;37029;2004;1.087912;2;806;0;806;100
neos-5083528-gimone;37029;0;20.875;1;262;4;266;100
neos-5093327-huahum;37029;3934;1.841667;2;774;0;774;100
neos-5100895-inster;37029;2084;3.582418;2;562;0;562;100
neos-5102383-irwell;37029;1740;2.483516;2;866;0;866;100
neos-5104907-jarama;37029;639.917149;47.86104;2;8597;4;8601;100
neos-5106984-jizera;37029;721;3.5;2;3665;6;3671;100
neos-5107597-kakapo;37029;0;0.59125;2;45;0;45;100
neos-5108386-kalang;37029;620.501637;53.159082;2;14283;8;14291;100
neos-5114902-kasavu;37029;518;141.333333;3;9552;14;9566;100
neos-5115478-kaveri;37029;0;0.529375;2;41;0;41;100
neos-5116085-kenana;37029;452;142;3;5491;10;5501;100
neos-5118834-korana;37029;569.216333;121.434394;2;9626;6;9632;100
neos-5118851-kowhai;37029;1134;5.86;2;5517;8;5525;100
neos-5123665-limmat;37029;652.42743;72.359737;2;17422;9;17431;100
neos-5125849-lopori;37029;0;51.956886;1;40;0;40;100
neos-5129192-manaia;37029;0;10;1;3788;11;3799;100
neos-5138690-middle;37029;605.364996;107.846299;2;17106;10;17116;100
neos-5140963-mincio;37029;8877;2.142857;1;1;0;1;100
neos-5149806-wieprz;37029;0.027694;5.467604;3;609;15;624;100
neos-5151569-mologa;37029;686023627.750363;27.702234;2;3514;5;3519;100
neos-5178119-nalagi;37029;8.569859;18.674756;2;101;1;102;100
neos-5182409-nasivi;37029;0;18.341185;1;10;0;10;100
neos-5188808-nattai;37029;0;10.715654;1;706;0;706;100
neos-5189128-totara;37029;330131.390743;21.863581;1;1266;3;1269;100
neos-5192052-neckar;37029;-11980000;0.333333;3;0;0;0;100
neos-5193246-nerang;37029;0;707.729862;1;1061;1;1062;100
neos-5195221-niemur;37029;0;722.524895;1;1080;1;1081;100
neos-5196530-nuhaka;37029;0;698.361784;1;804;1;805;100
neos-520729;37029;-1391291.666667;7.783333;1;601;1;602;100
neos-5221106-oparau;37029;0;51.816243;1;302;1;303;100
neos-5223573-tarwin;37029;0.1058;0.258185;1;15613;3;15616;100
neos-5251015-ogosta;37029;0.1058;0.226665;1;11633;2;11635;100
neos-525149;37029;60;12.153846;1;302;5;307;100
neos-5260764-orauea;37029;58748.022532;10.633838;1;61;0;61;100
neos-5261882-treska;37029;22721.328;7.770659;1;15;0;15;100
neos-5266653-tugela;37029;20969.906674;15.508215;1;141;1;142;100
neos-5273874-yomtsa;37029;0;0.2152;1;14212;2;14214;100
neos-555001;37029;910619.201473;185.329242;1;38;0;38;100
neos-555343;37029;1241512.54944;273.503416;1;34;0;34;100
neos-555424;37029;1196312.54944;237.883186;1;37;0;37;100
neos-555884;37029;1026121.836055;271.3209;1;40;0;40;100
neos-565672;37029;43884.639336;66.477422;3;16599;18;16617;100
neos-574665;37029;4948073.456141;10.746401;1;38;0;38;100
neos-578379;37029;0;134.076115;1;1175;1;1176;100
neos-585192;37029;-1999690.155301;98.986682;2;189;0;189;100
neos-585467;37029;-1999711.795869;82.239088;2;21;0;21;100
neos-595904;37029;61134.474995;16.114622;2;58;0;58;100
neos-619167;37029;1.481241;35.984608;1;112;0;112;100
neos-631517;37029;6494999.999936;64.357845;1;7;0;7;100
neos-631710;37029;515;243.082736;2;5648;17;5665;100
neos-633273;37029;4678552871.15256;377.739286;1;186;0;186;100
neos-662469;37029;184340.629649;94.654114;1;402;1;403;100
neos-686190;37029;5134.81383;17.515957;1;100;0;100;100
neos-691058;37029;234;83.756531;1;180;0;180;100
neos-693347;37029;234;78.950927;1;653;0;653;100
neos-738098;37029;-1099;222.818437;1;118;0;118;100
neos-777800;37029;-80;67.656924;1;42;0;42;100
neos-780889;37029;3421500;0;1;620;8;628;0
neos-787933;37029;300;0;2;242;15;257;100
neos-799711;37029;-11228065.153797;0.946665;1;1215;0;1215;100
neos-799716;37029;4932670.661692;0.575059;1;111;0;111;100
neos-807639;37029;492.688889;1.37037;2;9;0;9;100
neos-820879;37029;24874.267857;62.867619;1;91;0;91;100
neos-824661;37029;51;60.642857;2;283;2;285;100
neos-824695;37029;42;33.8;3;96;1;97;100
neos-826224;37029;130;70;3;193;3;196;100
neos-826650;37029;32;109.347222;2;42;0;42;100
neos-826694;37029;73;92.333333;3;95;2;97;100
neos-826812;37029;70.011;151.137255;3;104;1;105;100
neos-826841;37029;32.0082;110.679849;2;35;0;35;100
neos-827015;37029;2.098071;332.649497;1;1588;5;1593;100
neos-827175;37029;116.00152;83.555556;2;169;1;170;100
neos-829552;37029;2.098071;250.649497;1;1499;1;1500;100
neos-831188;37029;1.76772;215.733333;1;57;0;57;100
neos-847302;37029;0;51.325978;1;56;0;56;100
neos-848198;37029;168781;0;2;149;0;149;100
neos-848589;37029;0;0.075873;1;1395;1;1396;100
neos-849702;37029;0;88.550656;1;26;0;26;100
neos-850681;37029;2087;55.075614;1;174;0;174;100
neos-860300;37029;1666.068586;9;1;54;1;55;100
neos-872648;37029;52.674788;0;2;1082;6;1088;8.37
neos-873061;37029;152.429202;0;2;1128;6;1134;34.11
neos-876808;37029;10030.533833;259.649605;2;5869;10;5879;100
neos-885086;37029;-243;13.945733;2;164;0;164;100
neos-885524;37029;11771.55529;9.581376;2;178;7;185;100
neos-911880;37029;23.26;17.220292;1;2;0;2;100
neos-911970;37029;23.26;20.048919;1;2;0;2;100
neos-913984;37029;1000;37.312893;1;155;3;158;100
neos-914441;37029;5660364.28377;78.177859;1;1736;0;1736;100
neos-916792;37029;26.203596;16.256328;2;79;0;79;100
neos-932721;37029;513000;0;4;98;4;102;100
neos-932816;37029;513000;0;3;201;8;209;100
neos-933562;37029;0;237.810567;1;58;0;58;100
neos-933638;37029;320940.311605;0;3;209;5;214;100
neos-933966;37029;350107.185107;0;3;153;5;158;100
neos-934278;37029;341538.344697;0;3;297;5;302;100
neos-935234;37029;368364.764662;0;3;356;2;358;100
neos-935627;37029;19212.297957;0;3;375;1;376;100
neos-935769;37029;20474.736468;0;3;367;1;368;100
neos-937511;37029;46377.302874;0;3;448;1;449;100
neos-937815;37029;44927.403873;0;3;512;2;514;100
neos-941262;37029;47176.122978;0;3;384;1;385;100
neos-941313;37029;9431.37037;215.962963;2;618;15;633;100
neos-942830;37029;12;68.088474;1;36;0;36;100
neos-948126;37029;46136.445498;0;3;426;1;427;100
neos-948346;37029;-212.198292;3.766956;6;569;25;594;100
neos-950242;37029;2;94;2;113;1;114;100
neos-953928;37029;-97.806667;0;4;227;6;233;2.1
neos-954925;37029;-219.766667;0;5;1229;34;1263;7.57
neos-956971;37029;-235.74;1.742917;4;775;18;793;100
neos-957143;37029;-204.669492;48.100823;4;550;19;569;100
neos-957323;37029;-205.806662;25.108696;4;400;21;421;100
neos-957389;37029;1.5;37.849369;1;142;2;144;100
neos-960392;37029;-238;290.178312;1;285;3;288;100
neos-983171;37029;48239.726119;0;3;474;2;476;100
neos-984165;37029;43929.5052;0;3;502;2;504;100
neos13;37029;-126.178378;42.587671;3;247;0;247;100
neos15;37029;144796.909577;0;2;1;0;1;79.65
neos16;37029;429;14.5;2;3;0;3;100
neos17;37029;0.222688;0;2;7;0;7;48.46
neos18;37029;11;56.166667;3;76;1;77;100
neos2;37029;-4717.666848;6.724359;1;8;0;8;100
neos22;37029;413700;227;1;34;0;34;100
neos5;37029;17.25;0;3;1;0;1;15
neos6;37029;116.604289;27.902196;4;111;7;118;100
neos8;37029;-2885.143864;22.041691;3;835;6;841;100
neos808444;37029;0;213.399502;1;246;1;247;100
neos9;37029;780;44.25;1;299;0;299;100
net12;37029;47.514236;175.350347;3;798;1;799;100
netdiversion;37029;455.8;769.6;2;8441;11;8452;100
newdano;37029;11.724138;8.447296;1;2;0;2;100
nexp-150-20-1-5;37029;84;0;2;57;0;57;27.27
nexp-150-20-8-5;37029;600;0;2;78;1;79;100
nexp-50-20-1-1;37029;34;0;2;1;0;1;17.24
nexp-50-20-4-2;37029;120;0;2;3;0;3;69.01
nh97_potential;37029;1462;73.2;2;5;0;5;100
nh97_tension;37029;1438;81.583333;2;2;0;2;100
nj1;37029;0;607;1;538;1;539;100
nj2;37029;0;607;1;655;1;656;100
nj3;37029;0;607;1;68554;1;68555;100
nobel-eu-DBE;37029;7426411.5;1.365;2;96;0;96;100
noswot;37029;-9;0;2;0;0;0;78.05
ns1111636;37029;96.25;19.25;1;653;1;654;100
ns1116954;37029;0;155.073174;1;869;1;870;100
ns1208400;37029;0;93.553865;1;59;0;59;100
ns1430538;37029;73.621609;9.970024;1;550;0;550;100
ns1456591;37029;361.939022;19;1;121;1;122;100
ns1606230;37029;13.225;179.971152;1;1870;0;1870;100
ns1631475;37029;817.193748;716.662243;1;1194;1;1195;100
ns1663818;37029;1;9.141146;1;6027;81;6108;100
ns1679495;37029;3337055.001914;100.246101;2;49783;11;49794;100
ns1685374;37029;-51.800913;96.218654;1;52020;1;52021;100
ns1688347;37029;2;7.363183;1;51;0;51;100
ns1690781;37029;-1022.785697;17.664172;2;199;0;199;100
ns1696083;37029;2;12.504268;1;175;1;176;100
ns1758913;37029;-1501.183256;121.987025;1;9776;7;9783;100
ns1760995;37029;-1379.173237;142;1;20953;9;20962;100
ns1778858;37029;-22635740;227.465047;2;304;0;304;100
ns1828997;37029;0;75;2;972;3;975;100
ns1830653;37029;6153;56.373873;1;140;0;140;100
ns1849932;37029;546;5.42577;1;1050;6;1056;100
ns1853823;37029;1172000;1386;2;53700;26;53726;100
ns1854840;37029;1.432e+11;1139.47326;2;6931;16;6947;100
ns1856153;37029;0;248.911984;1;145;0;145;100
ns1904248;37029;0;854.146124;14;2471;38;2509;100
ns1905797;37029;11.75098;19.65;1;203;1;204;100
ns1905800;37029;6.4366;16.364665;1;43;0;43;100
ns1952667;37029;0;10.112982;1;207;1;208;100
ns2017839;37029;77026281754033.4;1.017799;2;7670;0;7670;100
ns2034125;37029;0;796.623735;2;1782;0;1782;100
ns2071214;37029;0;2.208125;1;81;0;81;100
ns2081729;37029;4.6;1.04;2;3;0;3;100
ns2122698;37029;62785.622771;194.641858;1;580;1;581;100
ns2124243;37029;53998.333333;195.416667;1;463;1;464;100
ns2137859;37029;24629;42.075016;1;772;5;777;100
ns4-pr3;37029;36073;12;1;98;0;98;100
ns4-pr6;37029;29145.75;8.875;1;60;0;60;100
ns4-pr9;37029;35175;9;1;75;0;75;100
ns894236;37029;18;199.499882;2;351;0;351;100
ns894244;37029;16;342.075798;2;1286;2;1288;100
ns894786;37029;14;210.864769;2;1297;2;1299;100
ns894788;37029;7;91.946694;2;183;0;183;100
ns903616;37029;22;385.201946;2;994;2;996;100
nsa;37029;91.44794;7.482504;1;7;0;7;100
nsr8k;37029;17500809.511815;639.929911;1;8365;2;8367;100
nsrand-ipx;37029;646400;0;2;63;2;65;100
nu120-pr12;37029;38070;13.695833;1;36;0;36;100
nu120-pr3;37029;21306.442308;42.751022;1;97;0;97;100
nu120-pr9;37029;19062.5;28.652083;1;72;0;72;100
nu25-pr12;37029;52757.5;11.9;1;47;0;47;100
nu4-pr9;37029;35175;21.713333;1;72;0;72;100
nu60-pr9;37029;22850;28.383333;1;76;0;76;100
nucorsav;37029;29.0461;81.214406;2;60625;265;60890;100
nursesched-medium-hint03;37029;33.468485;460.316255;1;1320;4;1324;100
nursesched-medium04;37029;398;286.520833;2;715;6;721;100
nursesched-sprint-hidden09;37029;580.911765;177.875;2;315;2;317;100
nursesched-sprint-late03;37029;34.254806;178.177416;1;339;1;340;100
nursesched-sprint02;37029;170.416667;127.291667;2;218;3;221;100
nw04;37029;16310.666667;2;1;247;6;253;100
ofi;37029;6131846109.62063;1781.999298;135;9557;154;9711;100
ofi2;37029;6124829152.73116;3158.688481;133;6759;183;6942;100
oocsp-racks030e6cci;37029;0;0;1;209;2;211;0
opm2-z10-s2;37029;-18466;0;6;23579;15;23594;45.41
opm2-z10-s4;37029;-16036;0;5;24369;12;24381;51.8
opm2-z11-s8;37029;-22036;0;5;52019;17;52036;49.33
opm2-z12-s14;37029;-35782;0;6;112549;30;112579;44.34
opm2-z12-s7;37029;-36893;0;6;103877;28;103905;43.69
opm2-z12-s8;37029;-31528;0;6;110036;29;110065;46.14
opm2-z6-s1;37029;-3261;0;4;335;1;336;47.42
opm2-z7-s2;37029;-6001;0;5;914;3;917;41.62
opm2-z7-s8;37029;-6402;0;5;933;3;936;43.05
opm2-z8-s0;37029;-9570;0;5;4267;5;4272;39.33
opt1217;37029;-20.02139;8.22549;1;2;0;2;100
osorio-cta;37029;0;3.5e-05;1;58;0;58;100
p0201;37029;6875;20;1;1;0;1;100
p100x588b;37029;58977;0;2;1;0;1;23.18
p200x1188c;37029;15747;0;2;3;0;3;4.44
p2756;37029;2718;2.345553;2;7;0;7;100
p500x2988;37029;72594;0;2;30;0;30;1.06
p500x2988c;37029;17212;0;2;27;0;27;13.13
p500x2988d;37029;6;0;2;25;0;25;0
p6b;37029;-52;0;3;36;0;36;17.46
p80x400b;37029;45896;0;2;1;0;1;15.7
pb-fit2d;37029;-22372.476239;842.898884;1;6953;11;6964;100
pb-gfrd-pnc;37029;8316.011268;30.700616;1;127;1;128;100
pb-grow22;37029;-449681.200587;122.632175;1;422;1;423;100
pb-market-split8-70-4;37029;0;2.197219;1;0;0;0;100
pb-simp-nonunif;37029;6;513.5;2;3619;50;3669;100
peg-solitaire-a3;37029;1;289.311002;1;346;0;346;100
pg;37029;-11098.657382;17.215049;2;4;0;4;100
pg5_34;37029;-16012.248077;18.476238;2;5;0;5;100
physiciansched3-3;37029;2432694.766159;1308.126367;17;55013;133;55146;100
physiciansched3-4;37029;1124678.224456;1173.049171;9;34723;55;34778;100
physiciansched5-3;37029;5180;1133.735241;4;1319;4;1323;100
physiciansched6-1;37029;7500;799.143056;2;669;14;683;100
physiciansched6-2;37029;43012.5;744.696528;2;642;13;655;100
pigeon-08;37029;-8000;8.25974;1;2;0;2;100
pigeon-10;37029;-10000;13.559596;1;2;0;2;100
pigeon-11;37029;-11000;16.690909;1;3;0;3;100
pigeon-12;37029;-12000;21.818182;1;3;0;3;100
pigeon-13;37029;-13000;24;1;4;0;4;100
pigeon-16;37029;-16000;74.018182;1;5;0;5;100
pigeon-19;37029;-19000;59.036364;1;27;0;27;100
pigeon-20;37029;-20000;62.509091;1;31;0;31;100
piperout-03;37029;68814.99759;424.596014;17;371;16;387;100
piperout-08;37029;99128.924471;558.127794;17;309;10;319;100
piperout-27;37029;6970;1154.464464;12;622;10;632;100
piperout-d20;37029;25533.842105;676.796097;2;1037;2;1039;100
piperout-d27;37029;7083.116279;1022.542306;2;1339;2;1341;100
pk1;37029;0;2.791536;1;0;0;0;100
polygonpack3-15;37029;-96519350.40932;31.158333;3;1363;6;1369;100
polygonpack4-10;37029;-93676953.4701;20.073813;3;474;2;476;100
polygonpack4-15;37029;-114052801.79086;42.642788;3;1367;6;1373;100
polygonpack4-7;37029;-75324958.8742;9.351219;3;181;1;182;100
polygonpack5-15;37029;-42382234.50354;24.00431;3;1562;5;1567;100
pp08a;37029;15000;0;2;0;0;0;100
pp08aCUTS;37029;16630.402442;0;2;2;0;2;100
probportfolio;37029;5;15.184084;2;2;0;2;100
prod1;37029;-100;6.72495;2;0;0;0;100
prod2;37029;-100;4.433874;2;1;0;1;100
proteindesign121hz512p19;37029;3197.772133;67.38213;1;17084;127;17211;100
proteindesign121hz512p9;37029;1423.904449;61.920249;1;729;7;736;100
proteindesign121pgb11p9;37029;1173.710433;49.777201;1;603;6;609;100
proteindesign122trx11p8;37029;1720.461105;46.268597;1;507;6;513;100
protfold;37029;0;35;2;17;0;17;100
pw-myciel4;37029;0;51.865481;6;28;0;28;100
pythago7824;37029;0;580.777778;6;831;2;833;100
pythago7825;37029;0;586.777778;8;744;3;747;100
qap10;37029;332.566228;55;1;343;0;343;100
qiu;37029;1805.177143;0;2;3;0;3;100
qnet1;37029;98035.87;7.221868;2;16;0;16;100
qnet1_o;37029;96705.12;0;2;6;0;6;100
queens-30;37029;-29;0;3;192;1;193;27.5
r4l4-02-tree-bounds-50;37029;510876207;651.016667;2;53;1;54;100
r50x360;37029;2016;0;2;1;0;1;21.96
r80x800;37029;5520;0;2;2;0;2;3.53
radiationm18-12-05;37029;17554.5;196.264403;1;217;1;218;100
radiationm40-10-02;37029;155306.7;933.01825;1;1100;6;1106;100
rail01;37029;-92.0873;2555.841711;1;11583;6;11589;100
rail02;37029;-206.6102;3014.501667;1;131678;12;131690;100
rail03;37029;-920.273763;12441.976674;1;165515;33;165548;100
rail507;37029;217;0;3;744;16;760;24.71
railway_8_1_0;37029;397;59.076317;3;13;0;13;100
ramos3;37029;377;0;3;1403;1;1404;96.35
ran12x21;37029;4080;0;2;0;0;0;11.35
ran13x13;37029;3521;0;2;0;0;0;8.27
ran14x18-disj-8;37029;12451.012696;0;2;19;0;19;100
ran14x18;37029;4265;0;2;0;0;0;14.9
ran16x16;37029;4333;0;2;0;0;0;13.34
rd-rplusc-21;37029;100;4.122871;1;534;1;535;100
reblock115;37029;-39365983.337347;271.565472;1;206;0;206;100
reblock166;37029;-886882876.965829;382.279623;1;596;0;596;100
reblock354;37029;-39640995.765204;569.832903;3;969;1;970;100
reblock420;37029;-886535897.522137;986.979676;1;2640;1;2641;100
reblock67;37029;-39339910.923037;159.950504;1;61;0;61;100
rfds-4-days;37029;-1158940.978167;68.027009;1;72056;26;72082;100
rlp1;37029;13.244444;9.961905;1;1;0;1;100
rmatr100-p10;37029;360.593308;9.692735;1;200;0;200;100
rmatr100-p5;37029;762.040054;5;1;376;0;376;100
rmatr200-p10;37029;1550.620783;10;1;11386;0;11386;100
rmatr200-p20;37029;688.357943;19.982266;1;3520;0;3520;100
rmatr200-p5;37029;3283.653831;5;1;10842;0;10842;100
rmine10;37029;-1926.821009;886.351115;2;3981;2;3983;100
rmine11;37029;-2506.77351;1261.593346;9;10989;13;11002;100
rmine13;37029;-3504.619914;1108.274293;2;44006;5;44011;100
rmine14;37029;-4308.553472;2211.904816;7;90802;25;90827;100
rmine15;37029;-5041.323514;4256.942532;5;173399;26;173425;100
rmine6;37029;-435.437835;43.92694;14;153;1;154;100
rocI-3-11;37029;-111086.671772;567.73396;1;42;0;42;100
rocI-4-11;37029;-11111086.671772;800.875467;1;57;0;57;100
rocII-10-11;37029;-11.974865;290.286693;1;475;2;477;100
rocII-4-11;37029;-11.937162;82.5;1;134;1;135;100
rocII-5-11;37029;-11.94973;122.235744;1;171;1;172;100
rocII-7-11;37029;-11.964093;212.677972;1;319;1;320;100
rocII-8-11;37029;-11.968581;244.764303;1;389;2;391;100
rocII-9-11;37029;-11.972072;279.075237;1;436;2;438;100
rococoB10-011000;37029;8350.199468;49.840978;1;103;0;103;100
rococoC10-001000;37029;7515.271029;14.894221;1;51;0;51;100
rococoC11-010100;37029;8773.206543;49.89581;1;159;0;159;100
rococoC11-011100;37029;9024.205406;56.60339;1;131;0;131;100
rococoC12-010001;37029;26787.292147;50.829414;1;200;0;200;100
rococoC12-111000;37029;27337.357381;53.501346;1;230;0;230;100
roi2alpha3n4;37029;-80.526722;7.807845;2;660;8;668;100
roi5alpha10n8;37029;-87.787142;16;2;2014;27;2041;100
roll3000;37029;11097.127677;46.77651;3;35;0;35;100
rout;37029;981.864286;9.898077;1;1;0;1;100
rpp22falsei;37029;0;0;1;37;0;37;0
rvb-sub;37029;11.206514;4.571429;1;681;5;686;100
s100;37029;-0.171097;39.317795;1;24484;21;24505;100
s1234;37029;0.361925;1.578587;3;693;0;693;100
s250r10;37029;-0.165732;55.381636;2;9811;26;9837;100
s55;37029;-22.151773;0;1;1624;3;1627;0
s82;37029;-33.833613;482.284414;2;203184;143;203327;100
satellites1-25;37029;-20;68.01912;1;138;0;138;100
satellites2-25;37029;-30;356.7768;1;27152;3;27155;100
satellites2-40;37029;-30;133.152561;1;4818;2;4820;100
satellites2-60-fs;37029;-30;507.455315;1;2723;1;2724;100
satellites2-60;37029;-30;133.152561;1;4450;2;4452;100
satellites3-25;37029;-39;966.359942;1;226391;5;226396;100
satellites3-40-fs;37029;-39;942.263869;1;24101;3;24104;100
satellites3-40;37029;-39;963.231625;1;229580;5;229585;100
savsched1;37029;22586.49862;0;2;119492;35;119527;100
scpj4scip;37029;213;0;3;1190;20;1210;65.12
scpk4;37029;599;0;3;2522;21;2543;86.6
scpl4;37029;437;0;3;4677;42;4719;66.16
scpm1;37029;905;0;3;45193;133;45326;61.32
scpn2;37029;764;0;3;71008;242;71250;43.07
sct1;37029;-218.139003;91.32546;1;1643;0;1643;100
sct2;37029;-231.116964;14.501214;1;64;0;64;100
sct31;37029;-31.962662;30.054226;1;163;1;164;100
sct32;37029;-62.990833;53.144038;1;730;0;730;100
sct5;37029;-228.176552;35.395811;2;262;3;265;100
seqsolve1;37029;4376.282987;371.073706;19;4205;166;4371;100
seqsolve2short4288;37029;0;419.969766;4;2780;40;2820;100
seqsolve3short4288excess384;37029;-46401.234768;425.509375;7;12368;70;12438;100
set1ch;37029;110241.5;0;2;1;0;1;100
set3-09;37029;1263.077974;49.748593;3;40;0;40;100
set3-10;37029;788.890655;50.61299;3;38;0;38;100
set3-15;37029;8364.040745;53.876403;3;38;0;38;100
set3-16;37029;9916.808562;58.149187;3;36;0;36;100
set3-20;37029;10347.381087;53.849605;3;35;0;35;100
seymour-disj-10;37029;326.000001;2e-06;3;1742;2;1744;100
seymour;37029;460;0;3;207;1;208;8.75
seymour1;37029;426.819841;0;3;230;0;230;3.91
shiftreg1-4;37029;131.656032;300.178571;1;43;0;43;100
shiftreg2-7;37029;206.733052;286.044999;1;62;0;62;100
shiftreg5-1;37029;520.839888;630.584408;1;343;0;343;100
shipsched;37029;0;2.147365;5;148;3;151;100
shipschedule3shipsi;37029;-265650;0;1;34;0;34;0
shipschedule6shipsmixi;37029;-301650;0;1;57;0;57;0
shipschedule8shipsmixuci;37029;-401100;0;1;65;1;66;0
shs1014;37029;22137.410363;391.180556;1;173043;18;173061;100
shs1042;37029;9455.525826;684.883411;1;68881;23;68904;100
siena1;37029;10163179.229002;146.859338;1;1558;2;1560;100
sing11;37029;18640171.224643;331.879469;1;7900;7;7907;100
sing161;37029;19071259.113927;996.464534;1;62432;33;62465;100
sing17;37029;35483848.876514;554.751047;1;30083;20;30103;100
sing2;37029;17150914.71694;252.506822;1;1739;1;1740;100
sing245;37029;25024015.754083;519.079791;1;11932;10;11942;100
sing326;37029;7717674.801189;203.886687;1;2602;2;2604;100
sing359;37029;22534478.962498;1259.613224;1;82980;30;83010;100
sing44;37029;8102513.2194;177.330369;1;3164;2;3166;100
sing5;37029;18418516.013137;272.410096;1;3486;6;3492;100
snip10x10-35r1budget17;37029;30;2.340909;1;497;0;497;100
snp-02-004-104;37029;548044802.97509;10.217187;2;4056;0;4056;100
snp-04-052-052;37029;728196432.049806;735.582559;2;3722;2;3724;100
snp-06-004-052;37029;1787138156.58097;33.734354;2;6048;1;6049;100
snp-10-004-052;37029;5842625068.20526;48.106063;2;14538;2;14540;100
snp-10-052-052;37029;5842626434.04626;1694.316668;2;15939;4;15943;100
sorrell3;37029;-11;0;3;694;10;704;31.25
sorrell4;37029;-16;0;3;2791;31;2822;33.33
sorrell7;37029;-150;0;3;379;5;384;23.47
sorrell8;37029;-260;0;3;76;1;77;25.71
sp150x300d;37029;71;0;2;1;0;1;2.9
sp97ar;37029;859516425.84;0;4;537;8;545;30.09
sp97ic;37029;639243399.84;0;3;499;6;505;49.47
sp98ar;37029;657784123.961774;1.59976;4;756;11;767;100
sp98ic;37029;624669411.84;0;4;411;8;419;39.08
sp98ir;37029;304993983.714031;8.100839;4;77;1;78;100
splice1k1;37029;-1646.777979;8.512635;1;16899;7;16906;100
splice1k1i;37029;-1654;0;1;201;6;207;0
square23;37029;8.333333;12.444444;1;142;3;145;100
square31;37029;8.5;13.75;1;778;13;791;100
square37;37029;8.666667;15;1;2295;31;2326;100
square41;37029;8.839612;15.068891;1;3554;45;3599;100
square47;37029;8.755814;15.976744;1;5941;101;6042;100
stoch-vrpvrp-s5v2c8vrp-v2c8i;37029;0;107;1;32;0;32;100
stockholm;37029;175;0;2;454;0;454;40
stp3d;37029;604.886283;537.229946;2;25601;20;25621;100
sts405;37029;357;0;3;674;2;676;0
sts729;37029;665;0;3;3434;6;3440;0
supportcase1;37029;20078;0.020624;2;277;4;281;100
supportcase10;37029;3.383924;1850.997936;1;8968;3;8971;100
supportcase12;37029;-7609.533054;54.777672;1;1496;1;1497;100
supportcase14;37029;272;9.894737;1;1;0;1;100
supportcase16;37029;272;9;1;1;0;1;100
supportcase17;37029;0;88.508268;2;9;0;9;100
supportcase18;37029;87;9.141806;2;56;0;56;100
supportcase19;37029;12677206;370.390975;1;25535;63;25598;100
supportcase2;37029;0;7.75;1;8867;49;8916;100
supportcase20;37029;2442.144012;4.88286;1;18;0;18;100
supportcase23;37029;-12952;674.436182;1;1604;0;1604;100
supportcase25;37029;0.036932;11.225059;1;111;0;111;100
supportcase26;37029;1288.102161;0.009948;2;2;0;2;100
supportcase27i;37029;0;0.028235;1;2;0;2;100
supportcase3;37029;0;754.600046;3;227;1;228;100
supportcase30;37029;0;102.85702;1;62;0;62;100
supportcase31;37029;-1120655.076;0;3;1880;77;1957;69.88
supportcase33;37029;-450.933468;67.82818;2;448;2;450;100
supportcase34;37029;72.664116;339.350876;1;1219;2;1221;100
supportcase35;37029;77847.333333;96;2;99;0;99;100
supportcase37;37029;-5865.764096;28.04048;2;844;0;844;100
supportcase39;37029;-1062330.369524;22.808785;5;114;7;121;100
supportcase4;37029;0;537.153071;3;168;0;168;100
supportcase40;37029;22536.483379;19;1;237;0;237;100
supportcase41;37029;28;23.62447;5;285;1;286;100
supportcase42;37029;7.343539;48.081295;1;1573;2;1575;100
supportcase43;37029;0;48.147044;2;43297;3;43300;100
supportcase6;37029;45090.732163;30.239669;1;1473;6;1479;100
supportcase7;37029;-2396.218213;53.14731;2;1739;0;1739;100
swath;37029;334.496858;2.2;1;35;0;35;100
swath1;37029;334.496858;0.6;1;37;0;37;100
swath2;37029;334.496858;0.7;1;32;0;32;100
swath3;37029;334.496858;0.8;1;42;0;42;100
t1717;37029;134531.021428;79.098998;1;272;4;276;100
t1722;37029;98815.407611;52.399108;1;141;1;142;100
ta1-UUM;37029;3693674.556772;4.190418;1;5;0;5;100
ta2-UUE;37029;41427354.755773;0.680983;2;143;0;143;100
tanglegram1;37029;0;146;1;243;2;245;100
tanglegram2;37029;0;74;1;48;0;48;100
tanglegram4;37029;0;214;1;797;3;800;100
tanglegram6;37029;0;100;1;54;0;54;100
tbfp-bigm;37029;-178.153988;30;1;279;0;279;100
tbfp-network;37029;23.261535;31;1;804;3;807;100
Test3;37029;2669532.692462;22.368722;2;244;3;247;100
thor50dday;37029;204179;0;2;221;3;224;100
timtab1;37029;1234325.333333;18.45;2;0;0;0;100
timtab1CUTS;37029;613590.095426;35.885811;2;3;0;3;100
timtab2;37029;1487304.333333;29.783333;2;1;0;1;100
tokyometro;37029;11100;243.797433;2;60;0;60;100
toll-like;37029;0;339.5;1;43;0;43;100
tpl-tub-ss16;37029;8052373.477492;2148.906605;3;86231;282;86513;100
tpl-tub-ws1617;37029;10498468.058836;2262.455897;3;118774;432;119206;100
tr12-30;37029;188435.464884;3.580258;2;3;0;3;100
traininstance2;37029;0;641.688695;2;49;0;49;100
traininstance6;37029;0;381.122112;2;39;0;39;100
transportmoment;37029;-70929535815.38;783.890174;2;198;0;198;100
trento1;37029;5182758.848056;76.426737;1;566;0;566;100
triptim1;37029;22.868088;2111.393837;1;9264;3;9267;100
triptim2;37029;10.866359;800.023299;1;10912;4;10916;100
triptim3;37029;13.511741;803.795145;1;9423;3;9426;100
triptim4;37029;9.207022;602.920956;1;11475;3;11478;100
triptim7;37029;2336.732602;589.654105;2;12473;5;12478;100
triptim8;37029;2336.754853;582.63451;2;12889;5;12894;100
tw-myciel4;37029;3.838028;125.746479;6;183;0;183;100
uc-case11;37029;611267.013003;118.157436;1;2771;0;2771;100
uc-case3;37029;7181.264177;95.341586;1;1907;0;1907;100
uccase10;37029;38988.693469;403.985961;1;2591;2;2593;100
uccase12;37029;11507.285324;38.32;1;2007;0;2007;100
uccase7;37029;26527.789654;162.379998;1;3505;0;3505;100
uccase8;37029;11142.163196;63.982247;1;2632;0;2632;100
uccase9;37029;10819.582997;76.021209;1;3954;0;3954;100
uct-subprob;37029;242;56.400387;1;44;0;44;100
umts;37029;91618146.215272;77.667697;2;49;0;49;100
unitcal_7;37029;19387712.348556;143.515421;2;937;0;937;100
usAbbrv-8-25_70;37029;95;142.568932;3;44;0;44;100
usafa;37029;11.961749;2930.074494;2;49711;145;49856;100
v150d30-2hopcds;37029;54;0;3;110;2;112;31.71
van;37029;1.72352;5.404444;1;2502;0;2502;100
var-smallemery-m6j6;37029;-156.056268;90.190835;2;1125;7;1132;100
vpm2;37029;13.372866;5.698001;2;1;0;1;100
vpphard;37029;0;126.795208;1;210;3;213;100
vpphard2;37029;0;224.687229;1;650;10;660;100
wachplan;37029;-9;59.730159;1;35;0;35;100
wnq-n100-mw99-14;37029;194.184211;80.973684;3;4643;29;4672;100
xmas10-2;37029;-548.904684;180.189643;1;208;0;208;100
xmas10;37029;-449.063962;131.814139;7;176;0;176;100
z26;37029;-981;0;3;2759;46;2805;17.35
zeil;37029;813.510308;818.357568;2;84412;15;84427;100
zib54-UUE;37029;19164366;0;2;45;0;45;85.45
10teams;1206151;917;36.45783;1;30;0;30;100
22433;1206151;21552.708079;24.962328;5;7;0;7;100
23588;1206151;8342.863244;17.617619;4;3;0;3;100
2club200v15p5scn;1206151;-96.055556;38.611111;7;121;3;124;100
30n20b8;1206151;5530;16.175931;2;81;1;82;100
30_70_45_05_100;1206151;132;0;6;1002;4;1006;100
30_70_45_095_100;1206151;57;0;5;945;2;947;100
30_70_45_095_98;1206151;575;0;6;826;4;830;100
50v-10;1206151;1493601.476062;0;2;4;0;4;100
a1c1s1;1206151;20912.873333;0.041667;2;34;0;34;100
a2c1s1;1206151;20866.0825;0;2;34;0;34;91.62
ab51-40-100;1206151;-6462960122;0;3;851;1;852;37.98
ab67-40-100;1206151;-7069213256;0;3;2950;1;2951;36.8
ab69-40-100;1206151;-7004957457;0;3;2056;1;2057;37.38
ab71-20-100;1206151;-6512126462;0;3;227;1;228;37.51
ab72-40-100;1206151;-6898618453.00001;0;3;802;2;804;38.33
academictimetablebig;1206151;32;1997.079231;2;3302;33;3335;100
academictimetablesmall;1206151;0;324.85601;2;269;3;272;100
acc-tight2;1206151;0;129.034401;1;35;0;35;100
acc-tight4;1206151;0;135.271717;1;56;0;56;100
acc-tight5;1206151;0;121.269585;1;276;0;276;100
acc-tight6;1206151;0;123.251301;1;250;0;250;100
adult-max5features;1206151;0.081316;0.266955;1;882;5;887;100
adult-regularized;1206151;0.077684;0.234052;1;3691;3;3694;100
aflow30a;1206151;983.167425;6.510845;1;5;0;5;100
aflow40b;1206151;1005.664817;8.247724;1;21;0;21;100
air03;1206151;338864.25;11.875;1;59;0;59;100
air04;1206151;55535.436388;52.288553;1;216;0;216;100
air05;1206151;25877.609268;46.215654;1;153;0;153;100
aligninq;1206151;2755;40.921868;7;16;0;16;100
allcolor10;1206151;6;749.769481;2;150;1;151;100
allcolor58;1206151;42;3883.60245;1;1206;6;1212;100
amaze22012-03-15i;1206151;0;0;1;40;1;41;0
amaze22012-06-28i;1206151;0;0;1;23;0;23;0
amaze22012-07-04i;1206151;0;0;1;27;0;27;0
app1-1;1206151;-2;0.179678;3;59;0;59;100
app1-2;1206151;-23;1e-06;2;4175;1;4176;100
app2-1;1206151;19298.5;0;2;32;0;32;0.02
app2-2;1206151;219402.5;0;3;1;0;1;3.47
app3;1206151;5627412.287938;3.142492;1;36;0;36;100
arki001;1206151;7579599.807787;17.164714;1;35;0;35;100
assign1-10-4;1206151;353.992926;52;1;39;0;39;100
assign1-5-8;1206151;183.362555;24;1;2;0;2;100
atlanta-ip;1206151;81.243206;325.689509;3;4823;6;4829;100
atm20-100;1206151;2141734.684878;124.301066;2;93;0;93;100
australia-abs-cta;1206151;0;39.202778;1;81;0;81;100
b-ball;1206151;-1.818182;4.818182;1;0;0;0;100
b1c1s1;1206151;69966.45;0;2;34;0;34;100
b2c1s1;1206151;70651.01;0;2;40;0;40;100
bab1;1206151;-286923.824223;50.52;1;311;5;316;100
bab2;1206151;-350926.440227;560.525267;2;8732;23;8755;100
bab3;1206151;-579370.271196;518.325237;2;33311;47;33358;100
bab5;1206151;-111134.599976;185.90025;2;514;2;516;100
bab6;1206151;-224575.783183;667.210836;2;5848;16;5864;100
bc;1206151;13.063318;0.063318;2;100;0;100;100
bc1;1206151;6.45558;0.016336;2;107;0;107;100
beasleyC1;1206151;102;0;2;2;0;2;20
beasleyC2;1206151;232;0;2;3;0;3;61.11
beasleyC3;1206151;958;0;2;3;0;3;27.06
beavma;1206151;407840.4;0;3;1;0;1;6.41
berlin;1206151;1741;0;2;28;0;28;66.76
berlin_5_8_0;1206151;52;70.73383;3;5;0;5;100
bg512142;1206151;323992.007013;52.989642;3;27;0;27;100
biella1;1206151;3060037.430763;98.771008;1;262;0;262;100
bienst1;1206151;11.724138;4.390524;1;2;0;2;100
bienst2;1206151;11.724138;5.390524;1;2;0;2;100
binkar10_1;1206151;6637.188027;9.084811;1;7;0;7;100
blend2;1206151;7.489992;0.492283;2;0;0;0;100
bley_xl1;1206151;265.699568;343.861165;6;21647;24;21671;100
bley_xs1;1206151;213538830.272187;107.27048;3;137;0;137;100
bley_xs1noM;1206151;260783449.512445;78.38821;8;114;2;116;100
bley_xs2;1206151;48593009.277766;66.02141;2;21;0;21;100
blp-ar98;1206151;14303.194003;9.189386;9;112;15;127;100
blp-ic97;1206151;6123.238237;3.473359;16;83;16;99;100
blp-ic98;1206151;14141.050706;0.1;4;117;6;123;100
blp-ir98;1206151;5639.818879;2.497817;2;41;1;42;100
bmocbd;1206151;-32041010095048.5;0;1;722;6;728;0
bmocbd2;1206151;-31953009810558.2;0;1;696;6;702;0
bmocbd3;1206151;45423160355.8155;0;3;16258;16;16274;100
bmoipr2;1206151;-46628940.711141;0.184434;3;80;1;81;100
bnatt350;1206151;0;93.793362;6;66;1;67;100
bnatt400;1206151;0;109.069591;9;75;2;77;100
bppc4-08;1206151;51.59;9.776528;1;15;0;15;100
bppc6-02;1206151;108.34;11.886994;1;151;1;152;100
bppc6-06;1206151;200.633333;14.947367;1;158;0;158;100
bppc8-02;1206151;486.5;3.204377;1;1;0;1;100
bppc8-09;1206151;444.436047;5.98123;1;4;0;4;100
brasil;1206151;31819;0;2;29;0;29;100
brazil3;1206151;2;656.675844;1;1006;1;1007;100
breastcancer-regularized;1206151;0.00046;0.002809;1;8;0;8;100
bts4-cta;1206151;33524.637606;1130;1;578;0;578;100
buildingenergy;1206151;33246.215059;1468.85;2;16072;4;16076;100
cap6000;1206151;-2446875;0;3;47;1;48;0.18
cbs-cta;1206151;0;27.74603;1;107;0;107;100
cdc7-4-3-2;1206151;-232;0;3;36618;5;36623;19.44
chromaticindex1024-7;1206151;4;16002.682953;2;2410;10;2420;100
chromaticindex128-5;1206151;4;2021.163699;2;127;1;128;100
chromaticindex256-8;1206151;4;4069.477083;2;366;2;368;100
chromaticindex32-8;1206151;4;504.8875;2;17;0;17;100
chromaticindex512-7;1206151;4;8183.527137;2;1049;4;1053;100
ci-s4;1206151;4.963809;19.526141;2;60;0;60;100
circ10-3;1206151;140;155.071429;1;182;1;183;100
cmflsp40-24-10-7;1206151;52605868.952858;70.70093;3;367;0;367;100
cmflsp40-36-2-10;1206151;72898024.959478;295.649246;3;764;0;764;100
cmflsp50-24-10-4;1206151;64492612.641644;81.236085;3;350;0;350;100
cmflsp50-24-8-8;1206151;59814378.749021;131.86946;3;346;0;346;100
cmflsp60-36-2-6;1206151;97887903.946142;370.689759;3;1734;0;1734;100
CMS750_4;1206151;250;258.584847;3;116;1;117;100
co-100;1206151;1250429.774879;9.799423;2;257;19;276;100
cod105;1206151;-8;0;3;467;1;468;33.33
comp07-2idx;1206151;0;139.65;2;1260;2;1262;100
comp08-2idx;1206151;0;189.588538;3;168;1;169;100
comp12-2idx;1206151;11;251.466598;3;1266;2;1268;100
comp16-3idx;1206151;4;720.391848;1;8392;2;8394;100
comp21-2idx;1206151;0;197.95;2;834;1;835;100
control30-3-2-3;1206151;-20763026.787568;27.97054;1;5;0;5;100
core2536-691;1206151;796;0;3;1430;3;1433;15.53
core2586-950;1206151;1150;0;3;1017;3;1020;21.31
core4284-1064;1206151;1312;0;3;4783;6;4789;23.42
core4872-1529;1206151;1869;0;3;2875;6;2881;22.16
cost266-UUE;1206151;42001606.28;0;2;84;0;84;67.01
cov1075;1206151;56;0;3;6;0;6;100
cryptanalysiskb128n5obj16;1206151;0;7174.215397;2;851;8;859;100
csched007;1206151;269.251587;22.185714;1;42;0;42;100
csched008;1206151;171;19.560203;1;10;0;10;100
csched010;1206151;332.422727;19.770202;1;53;0;53;100
cvrpa-n64k9vrpi;1206151;0;206.143617;1;341;2;343;100
cvrpb-n45k5vrpi;1206151;0;154.740458;1;151;1;152;100
cvrpp-n16k8vrpi;1206151;0;50.204545;1;35;0;35;100
cvrpsimple2i;1206151;0;19.85;1;2;0;2;100
cvs08r139-94;1206151;-24;0;3;14;0;14;79.31
cvs16r106-72;1206151;-10;0;3;31;0;31;87.65
cvs16r128-89;1206151;-11;0;3;34;0;34;88.66
cvs16r70-62;1206151;-5;0;3;28;0;28;88.1
cvs16r89-60;1206151;-7;0;3;27;0;27;89.23
d10200;1206151;12425.583005;34.236879;1;49;0;49;100
d20200;1206151;12229.625788;62.339279;1;324;0;324;100
dale-cta;1206151;0;0.004764;1;321;0;321;100
dano3mip;1206151;576.23162;15.294513;1;1665;0;1665;100
dano3_3;1206151;576.23162;1.932181;1;1780;0;1780;100
dano3_5;1206151;576.23162;2.871834;1;1716;0;1716;100
danoint;1206151;62.63728;5.819184;1;13;0;13;100
dc1c;1206151;1754946.863638;139.834191;1;272;1;273;100
dc1l;1206151;522111659.267954;0;3;1159;16;1175;100
dcmulti;1206151;184858.396836;12.823814;3;3;0;3;100
decomp1;1206151;-120;98;1;45;0;45;100
decomp2;1206151;-160;93.138889;1;52;0;52;100
dfn-bwin-DBE;1206151;797567.4;0;2;36;0;36;100
dfn-gwin-UUM;1206151;27467.257235;5.653537;1;1;0;1;100
dg012142;1206151;5895516.340434;39.442147;5;178;0;178;100
diameterc-mstc-v20a190d5i;1206151;291;56.7;1;33;0;33;100
diameterc-msts-v40a100d5i;1206151;324;100.121212;1;32;0;32;100
disctom;1206151;-5000;51.166667;1;204;0;204;100
disktom;1206151;-5000;51.166667;1;224;0;224;100
dolom1;1206151;6556066.068315;110.606017;1;464;1;465;100
drayage-100-12;1206151;21458.311901;45.375525;1;58;0;58;100
drayage-100-23;1206151;11714.141979;44.659861;1;128;0;128;100
drayage-25-23;1206151;11714.141979;44.421956;1;128;0;128;100
drayage-25-27;1206151;26785.797043;41.335416;1;72;0;72;100
drayage-25-32;1206151;32519.997253;41.203921;1;65;0;65;100
ds-big;1206151;86.820068;30.669231;1;7955;21;7976;100
ds;1206151;57.234565;33.463549;1;1298;7;1305;100
dws008-01;1206151;708.876687;16.484655;2;57;0;57;100
dws008-03;1206151;717.896796;9.217365;2;130;1;131;100
dws012-01;1206151;3450.401707;26.235704;2;120;1;121;100
dws012-02;1206151;1584.690892;16.166549;2;210;2;212;100
dws012-03;1206151;1998.123968;18.170643;2;316;4;320;100
eil33-2;1206151;811.278996;3.61563;1;36;0;36;100
eilA101-2;1206151;803.373888;7.408683;1;888;6;894;100
eilB101;1206151;1075.247691;12.807028;1;21;0;21;100
eilC76-2;1206151;725.754458;7.780208;1;283;2;285;100
ej;1206151;1;0.243844;1;0;0;0;100
elitserienhandball11i;1206151;0;1421.352265;1;243;1;244;100
elitserienhandball13i;1206151;0;1357.692232;1;257;1;258;100
elitserienhandball14i;1206151;0;1543.7577;1;278;1;279;100
elitserienhandball3i;1206151;0;1525.315516;1;254;1;255;100
enlight13;1206151;0;0.5;1;0;0;0;100
enlight15;1206151;0;0.5;1;0;0;0;100
enlight8;1206151;0;0.5;1;0;0;0;100
enlight_hard;1206151;0;14.5;1;0;0;0;100
eva1aprime5x5opt;1206151;-497.247729;0.959853;1;364;0;364;100
eva1aprime6x6opt;1206151;-495.49243;9.408398;1;1747;0;1747;100
ex10;1206151;100;100;1;17556;6;17562;100
ex1010-pi;1206151;304;0;3;685;3;688;29.36
ex9;1206151;81;81;1;1677;3;1680;100
exp-1-500-5-5;1206151;97666.305541;4.045842;2;2;0;2;100
f2000;1206151;1383;1280;2;3617;0;3617;100
f2gap201600;1206151;76429.862296;1.402159;1;3;0;3;100
f2gap401600;1206151;82274.237434;1.19002;1;4;0;4;100
f2gap40400;1206151;20650.898154;3.25358;1;1;0;1;100
f2gap801600;1206151;86570.120867;5.266841;1;5;0;5;100
fast0507;1206151;214;0;3;580;14;594;22.99
fastxgemm-n2r6s0t2;1206151;27;9;1;37;0;37;100
fastxgemm-n2r7s4t1;1206151;27;9;1;36;0;36;100
fastxgemm-n3r21s3t6;1206151;84;27;1;2326;0;2326;100
fastxgemm-n3r22s4t6;1206151;84;27;1;2653;0;2653;100
fastxgemm-n3r23s5t6;1206151;84;27;1;2571;0;2571;100
fhnw-binpack4-48;1206151;0;333.285714;2;133;0;133;100
fhnw-binpack4-58;1206151;0;467.321429;2;156;1;157;100
fhnw-binpack4-77;1206151;0;207.310714;2;114;0;114;100
fhnw-binschedule0;1206151;12632.888779;685.581929;3;11517;38;11555;100
fhnw-binschedule2;1206151;1706.886254;154.751416;3;171;3;174;100
fhnw-schedule-paira100;1206151;-36.643681;5.147307;2;123;0;123;100
fhnw-schedule-paira200;1206151;-73.826479;8.938667;2;277;2;279;100
fhnw-schedule-paira400;1206151;-146.941079;19.26431;2;1164;11;1175;100
fhnw-schedule-pairb200;1206151;-73.826479;516.184695;2;1135;5;1140;100
fhnw-schedule-pairb400;1206151;-146.941079;2338.646383;2;7417;24;7441;100
fhnw-sq2;1206151;0;15.527645;1;4;0;4;100
fiball;1206151;137.069168;68.996028;1;122;1;123;100
fiber;1206151;1023943.76;9.839127;2;3;0;3;100
fillomino7x7-0i;1206151;0;0;1;29;0;29;0
fixnet6;1206151;12170;0;2;1;0;1;100
fjspeasy01i;1206151;216;0;1;36;0;36;0
flugpl;1206151;1167185.725592;3.538918;1;0;0;0;100
g200x740;1206151;45614;0;2;2;0;2;2.93
g200x740i;1206151;44069;0;2;2;0;2;46.48
gasprod1-1;1206151;4539.90753;51.5198;7885;780;6267;7047;100
gasprod1-2;1206151;1691.141291;51.497411;6853;570;4845;5415;100
gasprod1-3;1206151;3682.336923;49.221179;8368;547;5902;6449;100
gasprod2-1;1206151;1306101.609201;404.201103;19;1768;15;1783;100
gasprod2-2;1206151;1330631.091637;502.800224;36;1704;28;1732;100
gen-ip002;1206151;-511.036897;0;3;0;0;0;89.32
gen-ip016;1206151;-9505.628173;1.906914;1;0;0;0;100
gen-ip021;1206151;6642.05262;2.217259;4;0;0;0;100
gen-ip036;1206151;-2162.833562;0;3;0;0;0;53.05
gen-ip054;1206151;16786.476526;1.032398;5;0;0;0;100
gen;1206151;112130.040664;7.929263;1;3;0;3;100
genus-g31-8;1206151;-27;112.333333;1;1499;2;1501;100
genus-g61-25;1206151;-58;262.979034;1;1304;2;1306;100
genus-sym-g31-8;1206151;-27;154.805251;2;4107;3;4110;100
genus-sym-g62-2;1206151;-54;255.080518;2;27652;3;27655;100
genus-sym-grafo5708-48;1206151;-27;115.165439;1;1532;0;1532;100
ger50-17-ptp-pop-3t;1206151;3466.324873;45.213645;1;125;0;125;100
ger50-17-ptp-pop-6t;1206151;6804.447088;50.477969;1;102;0;102;100
ger50-17-trans-dfn-3t;1206151;3453.475245;37.741927;1;190;1;191;100
ger50-17-trans-pop-3t;1206151;3456.252922;49.487013;1;178;1;179;100
ger50_17_trans;1206151;6850.628623;48.22611;1;165;1;166;100
germanrr;1206151;46445702.956442;53.468182;2;824;5;829;100
germany50-DBM;1206151;438028;23.4;1;163;0;163;100
germany50-UUM;1206151;597932.5;24.4;1;39;0;39;100
gesa2-o;1206151;25748173.191117;13.380406;2;5;0;5;100
gesa2;1206151;25477017.874283;13.26737;2;8;0;8;100
gfd-schedulen180f7d50m30k18-16i;1206151;18;108.385679;1;6773;96;6869;100
gfd-schedulen180f7d50m30k18;1206151;1;5019.413851;2;3782;22;3804;100
gfd-schedulen25f5d20m10k3i;1206151;3;13.619895;1;65;1;66;100
gfd-schedulen55f2d50m30k3i;1206151;3;27.695911;1;170;3;173;100
ghoulomb4-9-10i;1206151;9;0;1;65;1;66;0
glass-sc;1206151;29;0;3;119;1;120;26.09
glass4;1206151;800002400;2.059524;1;1;0;1;100
gmu-35-40;1206151;-2400283.756506;1.911023;2;10;0;10;100
gmu-35-50;1206151;-2606307.146543;3.420099;2;22;0;22;100
gmut-75-50;1206151;-14182312.661731;4.988967;1;813;9;822;100
gmut-76-40;1206151;-14171086.316075;9.054451;1;273;2;275;100
gmut-76-50;1206151;-14173884.188063;4.201959;1;555;6;561;100
gmut-77-40;1206151;-14173396.636852;2.97325;1;256;2;258;100
go19;1206151;95;0;3;5;0;5;13.1
gr4x6;1206151;229.05;0;2;0;0;0;13.19
graph20-20-1rand;1206151;-37;48;1;50;0;50;100
graph20-80-1rand;1206151;-117;142;1;1817;1;1818;100
graph40-20-1rand;1206151;-157;185.5;1;4956;3;4959;100
graph40-40-1rand;1206151;-300;341.96929;1;90397;17;90414;100
graphdraw-domain;1206151;12672;21.071817;1;2;0;2;100
graphdraw-gemcutter;1206151;4310;15.521554;1;1;0;1;100
graphdraw-grafo2;1206151;35762;368.152985;1;754;3;757;100
graphdraw-mainerd;1206151;30496;97.975651;1;81;0;81;100
graphdraw-opmanager;1206151;54717;207.745488;1;412;1;413;100
gsvm2rl11;1206151;35640.343493;0;3;342;0;342;96.67
gsvm2rl12;1206151;50;0;3;505;0;505;100
gsvm2rl3;1206151;0.6;0;3;3;0;3;78.29
gsvm2rl5;1206151;10;0;3;8;0;8;84.4
gsvm2rl9;1206151;16356.825869;0;3;62;0;62;100
gt2;1206151;13460.233074;0.728107;1;0;0;0;100
h50x2450;1206151;11147.731511;3.696751;1;26;0;26;100
h80x6320;1206151;3700;0;1;24;0;24;0
h80x6320d;1206151;5325.160104;2.515625;1;43;0;43;100
hanoi5;1206151;1926;332;4;162;1;163;100
haprp;1206151;3665963.213506;96.940858;1;4;0;4;100
harp2;1206151;-74353341.5023;5.485338;1;5;0;5;100
hgms-det;1206151;-53824.391476;32.676364;1;237;0;237;100
hgms30;1206151;-53349.215497;60.694272;1;8729;0;8729;100
hgms62;1206151;-53416.649907;61.317531;1;25819;0;25819;100
hypothyroid-k1;1206151;-2902.852586;39.591978;1;7116;2;7118;100
ic97_potential;1206151;4089;54.966667;2;3;0;3;100
ic97_tension;1206151;3911;15.366667;2;2;0;2;100
icir97_potential;1206151;6612;166.866667;2;38;0;38;100
icir97_tension;1206151;6302;97.366667;2;3;0;3;100
iis-100-0-cov;1206151;35;0;3;92;0;92;20.69
iis-bupa-cov;1206151;46;0;3;149;0;149;27.78
iis-glass-cov;1206151;26;0;3;114;1;115;23.81
iis-hc-cov;1206151;22;0;3;161;3;164;29.41
iis-pima-cov;1206151;39;0;3;203;1;204;18.18
irp;1206151;12123.530222;6;1;75;1;76;100
istanbul-no-cutoff;1206151;51.11;3.607411;1;414;0;414;100
ivu06-big;1206151;135.427718;95.799872;1;54745;179;54924;100
ivu06;1206151;135.901353;97.120377;1;15621;56;15677;100
ivu52;1206151;480.250439;81.742183;1;6900;15;6915;100
ivu59;1206151;884.456993;122.893682;1;104950;213;105163;100
janos-us-DDM;1206151;1488134.75;22.375;1;6;0;6;100
k16x240;1206151;11359;0;2;0;0;0;6.42
k16x240b;1206151;12874;0;2;0;0;0;13
k1mushroom;1206151;-4165.061224;43.877551;1;17329;7;17336;100
k1mushroomi;1206151;-4208;0;1;189;6;195;0
khb05250;1206151;126785464;0;2;1;0;1;18.56
l2p12;1206151;2;1091.539196;1;323;0;323;100
l2p1i;1206151;1;333.207461;1;780;13;793;100
l2p2i;1206151;1;616.41646;1;57;1;58;100
lectsched-1-obj;1206151;0;5.975758;2;227;5;232;100
lectsched-1;1206151;0;3.151515;2;201;6;207;100
lectsched-2;1206151;0;17.149242;5;123;8;131;100
lectsched-3;1206151;0;21.203788;6;216;14;230;100
lectsched-4-obj;1206151;0;12.853788;6;61;3;64;100
lectsched-5-obj;1206151;0;4.117424;2;194;4;198;100
leo1;1206151;1181219706.24;0;3;75;2;77;100
leo2;1206151;1344214233.44;0;3;180;4;184;100
liu;1206151;346;11.003653;2;5;0;5;100
loopha13;1206151;6.279;1.10216;2;206;1;207;100
lotsize;1206151;1335747.052789;7.405615;2;5;0;5;100
lr1dr02vc05v8a-t360;1206151;120706.326475;174.298112;1;847;1;848;100
lr1dr04vc05v17a-t360;1206151;247111.69248;335.090553;1;1924;1;1925;100
lr1dr12vc10v70b-t360;1206151;983950.247945;1069.593454;1;44806;10;44816;100
lr2-22dr3-333vc4v17a-t60;1206151;-72838.215835;239.748662;2;38102;13;38115;100
lrn;1206151;42701141.648089;65.099086;2;441;0;441;100
m100n500k4r1;1206151;-18;0;3;6;0;6;28
macrophage;1206151;0;339;1;29;0;29;100
mad;1206151;0;3.254396;1;1;0;1;100
manna81;1206151;-10107;0;3;35;0;35;23.22
map06;1206151;-406.181173;7.868443;1;2393;1;2394;100
map10;1206151;-602.176181;11.248146;1;2629;1;2630;100
map14;1206151;-778.549324;11.962355;1;2170;1;2171;100
map14860-20;1206151;-998.836419;10.400693;1;2493;1;2494;100
map16715-04;1206151;-296.267898;4.997036;1;2279;1;2280;100
map18;1206151;-932.782685;11.173489;1;2263;1;2264;100
map20;1206151;-998.836419;10.400693;1;2503;1;2504;100
mappingmesh3x3mpeg2i;1206151;87.555556;87.202393;1;34;0;34;100
mario-t-hard5i;1206151;-4482;20.339623;1;1368;2;1370;100
markshare1;1206151;230;0;2;0;0;0;100
markshare2;1206151;454;0;2;0;0;0;100
markshare_4_0;1206151;226;0;2;0;0;0;100
markshare_5_0;1206151;337;0;2;0;0;0;100
mas74;1206151;10482.79528;3.103514;1;1;0;1;100
mas76;1206151;38893.903641;2.555097;1;1;0;1;100
maxgasflow;1206151;-70929535.9;662.35764;2;54;0;54;100
mc11;1206151;13509;0;2;28;0;28;15.57
mc7;1206151;5796;0;2;29;0;29;69.62
mc8;1206151;1929;0;2;28;0;28;23.18
mcsched;1206151;193774.753707;340.221655;1;141;0;141;100
methanosarcina;1206151;0;313;1;107;0;107;100
mik-250-1-100-1;1206151;0;0;2;2;0;2;100
mik-250-20-75-1;1206151;0;0;2;3;0;3;100
mik-250-20-75-2;1206151;0;0;2;3;0;3;100
mik-250-20-75-3;1206151;0;0;2;3;0;3;100
mik-250-20-75-4;1206151;0;0;2;3;0;3;100
mik-250-20-75-5;1206151;0;0;2;3;0;3;100
milo-v12-6-r1-58-1;1206151;410986.648167;129.9058;1;95;0;95;100
milo-v12-6-r1-75-1;1206151;669700.757896;208.836475;1;104;0;104;100
milo-v12-6-r2-40-1;1206151;205532.322265;97.329375;1;65;0;65;100
milo-v13-4-3d-3-0;1206151;23359.288017;1.476277;1;14;0;14;100
milo-v13-4-3d-4-0;1206151;34031.171805;2.550972;1;25;0;25;100
mine-166-5;1206151;-821763677.673139;187.331384;1;214;0;214;100
mine-90-10;1206151;-887165318.510226;202.375368;1;158;0;158;100
mining;1206151;-885353915.925571;8477.535071;96;122270;2679;124949;100
minutedispatchstrategy;1206151;1898.391429;412.137934;2;1312;2;1314;100
misc07;1206151;1415;8;1;3;0;3;100
mitre;1206151;114740.518481;224.156743;1;97;0;97;100
mkc;1206151;-581.85;16.208843;3;29;0;29;100
mkc1;1206151;-611.85;3.942199;3;30;0;30;100
mod010;1206151;6532.083333;14.166667;1;14;0;14;100
modglob;1206151;20786787.016883;0;2;2;0;2;0.22
moj-mining;1206151;-1520532907.35018;566.626558;2;45774;0;45774;100
momentum1;1206151;134660.011921;48.045264;2;1101;1;1102;100
momentum2;1206151;61266.821316;84.616225;3;713;2;715;100
momentum3;1206151;107721.82427;144.721031;3;8519;1;8520;100
mrcpspj30-15-5i;1206151;23;189.992887;1;40;0;40;100
mrcpspj30-17-10i;1206151;25;28.677778;1;38;0;38;100
mrcpspj30-53-3i;1206151;30;43.135185;1;38;0;38;100
msc98-ip;1206151;19520966.151663;393.288169;2;2782;2;2784;100
mspp16;1206151;341;1.241379;1;26656;141;26797;100
mspsphard01i;1206151;16;0;1;45;0;45;0
mspsphard03i;1206151;20;0;1;84;1;85;0
mtest4ma;1206151;60342;0;2;2;0;2;15.71
mushroom-best;1206151;1.3e-05;0.0202;1;562;1;563;100
mzzv11;1206151;-22556.460829;174.328454;2;426;1;427;100
mzzv42z;1206151;-18842.814586;198.473995;2;285;1;286;100
n13-3;1206151;14401970;0;2;29;0;29;100
n15-3;1206151;71710891;0;2;3264;0;3264;0
n2seq36f;1206151;70600;0;3;34;1;35;35.25
n2seq36q;1206151;116003.593822;43.392098;3;159;4;163;100
n3-3;1206151;24303430;0;2;166;0;166;100
n3700;1206151;1342560;0;2;27;0;27;9.36
n3705;1206151;1342540;0;2;30;0;30;9.55
n3707;1206151;1301218;0;2;28;0;28;9.65
n3709;1206151;1324904;0;2;28;0;28;9.68
n370a;1206151;1353042;0;2;27;0;27;0
n370b;1206151;1373791;0;2;29;0;29;11.06
n3div36;1206151;201600;0;3;143;6;149;54.13
n3seq24;1206151;189033.068485;51.670786;3;3032;62;3094;100
n4-3;1206151;13501875;0;2;49;0;49;100
n5-3;1206151;12301325;0;2;13;0;13;100
n6-3;1206151;16502900;0;2;38;0;38;100
n7-3;1206151;14704310;0;2;40;0;40;100
n9-3;1206151;20703625;0;2;137;0;137;100
nag;1206151;465;13.770256;3;47;0;47;100
neos-1061020;1206151;-145860.370608;500.756757;1;893;0;893;100
neos-1067731;1206151;669053;81.272727;1;583;0;583;100
neos-1109824;1206151;278;22;1;58;0;58;100
neos-1112782;1206151;22000000110147.3;0;2;27;0;27;100
neos-1112787;1206151;19500000125389.7;0;2;25;0;25;100
neos-1122047;1206151;161;0.495966;2;474;0;474;100
neos-1171448;1206151;-309;0.936995;2;80;0;80;100
neos-1171692;1206151;-273;3.730892;2;41;0;41;100
neos-1171737;1206151;-195;8.004699;2;42;0;42;100
neos-1225589;1206151;5e+09;0;2;1;0;1;100
neos-1311124;1206151;-182;5;2;4;0;4;100
neos-1324574;1206151;4.5;144;1;37;0;37;100
neos-1330346;1206151;4.5;76.5;1;105;0;105;100
neos-1337307;1206151;-201272;272.493985;2;50;0;50;100
neos-1354092;1206151;46;238.398385;2;1069;2;1071;100
neos-1367061;1206151;31320456.264497;3.75;2;1899;1;1900;100
neos-1396125;1206151;3000.053717;12.531496;2;8;0;8;100
neos-1420546;1206151;22124.4;103.140678;1;380;0;380;100
neos-1420790;1206151;2942.750002;75.132359;1;46;0;46;100
neos-1423785;1206151;-1816.666667;311.9714;1;237;0;237;100
neos-1425699;1206151;3175204364.6353;5.264952;1;0;0;0;100
neos-1426635;1206151;-178;6.429182;2;2;0;2;100
neos-1426662;1206151;-52;10.501303;2;4;0;4;100
neos-1429212;1206151;30;713.975748;1;5336;14;5350;100
neos-1430701;1206151;-78;6.669599;2;4;0;4;100
neos-1436709;1206151;-129;3.502607;2;4;0;4;100
neos-1440225;1206151;36;33.503789;1;113;0;113;100
neos-1440460;1206151;-180;4.85975;2;2;0;2;100
neos-1442119;1206151;-182;2.580471;2;4;0;4;100
neos-1442657;1206151;-156;4.002933;2;3;0;3;100
neos-1445532;1206151;-22877;8.21746;2;87;0;87;100
neos-1445738;1206151;-24232.548846;16.301135;1;160;0;160;100
neos-1445743;1206151;-24579.832968;16.920281;1;159;0;159;100
neos-1445765;1206151;-24699.19766;17.625849;1;152;0;152;100
neos-1456979;1206151;154;8.434222;1;43;0;43;100
neos-1516309;1206151;34769.833333;9.166667;2;31;0;31;100
neos-1582420;1206151;88.398466;56.693409;5;79;1;80;100
neos-1593097;1206151;4424;55.795872;1;109;1;110;100
neos-1599274;1206151;32194.742857;6.464286;3;38;1;39;100
neos-1601936;1206151;1;155.387702;1;783;0;783;100
neos-1603965;1206151;619244367.662955;0.000913;1;605;0;605;100
neos-1605061;1206151;6.150735;159.498166;1;2476;0;2476;100
neos-1605075;1206151;3.214461;176.495942;1;1938;0;1938;100
neos-1616732;1206151;173;0;3;5;0;5;8.81
neos-1620770;1206151;22;35;2;38;0;38;100
neos-2294525-abba;1206151;156.177251;16.071056;1;80;0;80;100
neos-2328163-agri;1206151;26069;54.9;1;64;0;64;100
neos-2624317-amur;1206151;0;33.918936;1;2;0;2;100
neos-2629914-sudost;1206151;39622;7.942933;1;198;0;198;100
neos-2652786-brda;1206151;0;19.477348;2;1;0;1;100
neos-2657525-crna;1206151;0;28.234944;2;1;0;1;100
neos-2669500-cust;1206151;2221.9;230.19862;2;920;12;932;100
neos-2746589-doon;1206151;1985.75;129.965898;2;282;5;287;100
neos-2974461-ibar;1206151;473452396.770997;3364;2;201611;31;201642;100
neos-2978193-inde;1206151;-2.418518;7.4;1;61;0;61;100
neos-2978205-isar;1206151;-12.415307;29.8;1;197;0;197;100
neos-2987202-jeir;1206151;-1847551552.23661;1035.632796;2;63996;1;63997;100
neos-2987310-joes;1206151;-610797465.676974;19.875;2;1808;0;1808;100
neos-2991472-kalu;1206151;459.673619;4.82467;13792;4327;753205;757532;100
neos-3004026-krka;1206151;0;832;1;58;0;58;100
neos-3009394-lami;1206151;0.642857;216.114286;2;4;0;4;100
neos-3024952-loue;1206151;22882;103.3;1;232;0;232;100
neos-3025225-shelon;1206151;0.052574;323.690533;1;98238;41;98279;100
neos-3046601-motu;1206151;185;0.4492;1;1;0;1;100
neos-3046615-murg;1206151;192;0.3458;1;0;0;0;100
neos-3048764-nadi;1206151;-3883988306.36669;0;2;66;0;66;0
neos-3065804-namu;1206151;0;0;1;188;0;188;0
neos-3068746-nene;1206151;77427529.530929;55.412658;2;138;0;138;100
neos-3072252-nete;1206151;10593526;1.938794;2;1;0;1;100
neos-3075395-nile;1206151;54.924462;0.00048;1;170;0;170;100
neos-3083784-nive;1206151;0;12;1;24;0;24;100
neos-3083819-nubu;1206151;6290575.552807;13.541087;1;46;0;46;100
neos-3116779-oban;1206151;0;0;1;23;0;23;0
neos-3118745-obra;1206151;357;0;2;5;0;5;40
neos-3148108-pahi;1206151;0;0;1;272;1;273;0
neos-3209462-rhin;1206151;0;49.45122;2;3670;1;3671;100
neos-3209519-ruhr;1206151;332.85;25.900482;1;60;0;60;100
neos-3214367-sovi;1206151;87802.732596;99.258257;1;2161;0;2161;100
neos-3216931-puriri;1206151;58817.353066;51.622705;1;977;0;977;100
neos-3226448-wkra;1206151;0;512.043709;1;816;0;816;100
neos-3237086-abava;1206151;0;96;1;254;2;256;100
neos-3322547-alsek;1206151;616;115.178534;2;10182;67;10249;100
neos-3352863-ancoa;1206151;495300;0;2;648;8;656;100
neos-3354841-apure;1206151;48447.926267;3.552995;1;2747;23;2770;100
neos-3355120-tarago;1206151;-20453473.616781;80.899969;1;599;1;600;100
neos-3355323-arnon;1206151;0;21.818182;4;74;3;77;100
neos-3372571-onahau;1206151;0.57699;8.695953;2;1404;0;1404;100
neos-3373491-avoca;1206151;21687686014.0154;26.555947;1;6;0;6;100
neos-3381206-awhea;1206151;432;61.334767;2;5;0;5;100
neos-3402294-bobin;1206151;0;35.009213;1;1017;10;1027;100
neos-3426085-ticino;1206151;235;41.78747;3;28;0;28;100
neos-3426132-dieze;1206151;427;103.670666;2;69;0;69;100
neos-3437289-erdre;1206151;0;0;1;84;0;84;0
neos-3530903-gauja;1206151;170;33.253136;3;4;0;4;100
neos-3530905-gaula;1206151;153;29.042208;2;4;0;4;100
neos-3555904-turama;1206151;-41.45;29.464286;1;818;4;822;100
neos-3572885-glina;1206151;0;0;1;423;2;425;0
neos-3581454-haast;1206151;1640;52;1;99;0;99;100
neos-3592146-hawea;1206151;7237144.855333;13.694653;1;45;0;45;100
neos-3594536-henty;1206151;383205;2496;1;151;1;152;100
neos-3603137-hoteo;1206151;0;34.208333;3;44;1;45;100
neos-3610040-iskar;1206151;45;0;2;2;0;2;21.62
neos-3610051-istra;1206151;64;0;2;9;0;9;30.61
neos-3610173-itata;1206151;180;0;2;6;0;6;21.62
neos-3611447-jijia;1206151;129;0;2;3;0;3;20.56
neos-3611689-kaihu;1206151;151;0;2;3;0;3;26.89
neos-3615091-sutlej;1206151;-1506391.117177;170;1;1638;9;1647;100
neos-3627168-kasai;1206151;1020229.4;0;2;3;0;3;3.2
neos-3634244-kauru;1206151;0;152.72;1;4271;7;4278;100
neos-3636886-kereu;1206151;4092.95754;2e-05;2;62;1;63;100
neos-3656078-kumeu;1206151;-18774.7;144.152983;2;211;1;212;100
neos-3660371-kurow;1206151;286.534383;18.305351;1;37;0;37;100
neos-3661949-lesse;1206151;688975700;0.00026;2;52;0;52;100
neos-3665875-lesum;1206151;248.325;39.496094;4;68;0;68;100
neos-3682128-sandon;1206151;79915933.274829;141.641588;2;271;0;271;100
neos-3691541-lonja;1206151;-0.079271;1.110009;2;43;0;43;100
neos-3695882-vesdre;1206151;-145935.214286;38.62531;1;499;3;502;100
neos-3696678-lyvia;1206151;4.90689;306.477181;2;47;0;47;100
neos-3699377-maori;1206151;135877.224265;88.272067;2;106;0;106;100
neos-3703351-marne;1206151;317056.210386;66.75637;2;54;0;54;100
neos-3740487-motru;1206151;152.145486;83.106404;2;40675;72;40747;100
neos-3754480-nidda;1206151;-1216923.270104;12.186832;1;3;0;3;100
neos-3755335-nizao;1206151;50.030157;72.893283;2;532;1;533;100
neos-3759587-noosa;1206151;48.334468;3.376667;2;328;1;329;100
neos-3761878-oglio;1206151;422769.022545;76.021852;2;44;0;44;100
neos-3762025-ognon;1206151;603955.746492;55.414542;2;38;0;38;100
neos-4165869-wannon;1206151;282.410166;67.168679;3;584;5;589;100
neos-4230265-orari;1206151;10055874880.8713;2982.245145;241;4364;176;4540;100
neos-4260495-otere;1206151;3336.109119;251.27169;2;762;15;777;100
neos-4285819-pedja;1206151;9.198014;17.924816;2;122971;91;123062;100
neos-4290317-perth;1206151;6352398.05574;0;2;614;1;615;100
neos-4292145-piako;1206151;203075008.660562;3215.980526;241;3529;175;3704;100
neos-4295773-pissa;1206151;0;3220.505376;1;5152;5;5157;100
neos-4300652-rahue;1206151;0;49;2;737;2;739;100
neos-4306827-ravan;1206151;-35696.901913;2144.305389;5;766;31;797;100
neos-4321076-ruwer;1206151;1880.558333;39.333333;1;15538;1;15539;100
neos-4322846-ryton;1206151;0.419848;26;1;555;5;560;100
neos-4332801-seret;1206151;222328.384492;6070.103294;3;111197;2754;113951;100
neos-4332810-sesia;1206151;-33931.341204;4092.28388;13;104799;9638;114437;100
neos-4333464-siret;1206151;24.731464;0.125;2;76;1;77;100
neos-4333596-skien;1206151;-14653956.91493;0.180763;1;19;0;19;100
neos-4335793-snake;1206151;0;300.868689;2;1114;2;1116;100
neos-4338804-snowy;1206151;1447;0.33;3;5;0;5;100
neos-4343293-stony;1206151;51.62736;0.5;2;83;0;83;100
neos-4355351-swalm;1206151;33.822611;0.094819;2;172;3;175;100
neos-4358725-tagus;1206151;6199.400001;198.323744;73;579;15;594;100
neos-4359986-taipa;1206151;0.296593;39.062139;1;1122;1;1123;100
neos-4360552-sangro;1206151;-29.5;557.645354;1;12882;1;12883;100
neos-4387871-tavua;1206151;36.445048;0.2;2;44;0;44;100
neos-4391920-timok;1206151;9e-06;37.747142;1;6923;4;6927;100
neos-4393408-tinui;1206151;340.267489;0.2;2;35;0;35;100
neos-4408804-prosna;1206151;914.483516;66.321429;1;2751;2;2753;100
neos-4409277-trave;1206151;0;347.723278;1;2032;1;2033;100
neos-4413714-turia;1206151;43.474651;371.333441;1;1910;11;1921;100
neos-4532248-waihi;1206151;0;26.333333;1;734;4;738;100
neos-4533806-waima;1206151;3063.318841;99;1;1111;9;1120;100
neos-4545615-waita;1206151;3606.59419;108.263827;1;15439;71;15510;100
neos-4555749-wards;1206151;3026.812121;68.666667;1;812;9;821;100
neos-4562542-watut;1206151;3743.304348;85.428571;1;3245;14;3259;100
neos-4647027-thurso;1206151;26911.641616;127.083433;1;2518;0;2518;100
neos-4647030-tutaki;1206151;26911.641616;130.175014;1;2758;0;2758;100
neos-4647032-veleka;1206151;26587.908699;174.815461;1;3891;0;3891;100
neos-4650160-yukon;1206151;-22688.54768;228.864;1;5;0;5;100
neos-4722843-widden;1206151;1841.255082;1452.768981;2;409;5;414;100
neos-4724674-aorere;1206151;3758.753179;59.078997;3;517;11;528;100
neos-4736745-arroux;1206151;653873224.676537;1.560199;2;41;0;41;100
neos-4738912-atrato;1206151;617323325.173629;52.400465;2;47;0;47;100
neos-4754521-awarau;1206151;0;0;1;1182;6;1188;0
neos-4760493-puerua;1206151;1908.243695;237.071976;1;33120;3;33123;100
neos-476283;1206151;406.244708;4.622056;2;4296;0;4296;100
neos-4763324-toguru;1206151;1120.986062;232.945926;1;33069;3;33072;100
neos-4797081-pakoka;1206151;0;827.858104;1;5811;2;5813;100
neos-4805882-barwon;1206151;1676.929283;206.756435;2;246;2;248;100
neos-480878;1206151;515.138796;1.008444;2;18;0;18;100
neos-4954274-beardy;1206151;18659.208282;301.285291;2;963;2;965;100
neos-4954672-berkel;1206151;3733961;4.007059;2;3;0;3;100
neos-4966258-blicks;1206151;354.545455;450.828848;3;1467;4;1471;100
neos-4971100-bodrog;1206151;0;0;2;78;0;78;100
neos-4972437-bojana;1206151;355.557128;31.979415;2;8458;4;8462;100
neos-4972461-bolong;1206151;465.045599;50.250248;2;4753;3;4756;100
neos-4976951-bunnoo;1206151;375.694372;25.259996;2;6841;4;6845;100
neos-4984115-canche;1206151;-10414620.716097;6.967648;1;17962;0;17962;100
neos-498623;1206151;16;44.05751;1;122;0;122;100
neos-5013590-toitoi;1206151;1064.447092;169;1;12639;1;12640;100
neos-5018451-chiese;1206151;-149772385.216405;18.530618;1;63414;1;63415;100
neos-503737;1206151;50;47.555718;1;29;0;29;100
neos-5041822-cockle;1206151;5696053.417116;2.418448;3;2529;26;2555;100
neos-5044663-wairoa;1206151;4653100;541.481293;1;21958;1;21959;100
neos-5045105-creuse;1206151;19.06667;21.458183;1;83;0;83;100
neos-5049753-cuanza;1206151;464;69.6;3;2458;5;2463;100
neos-5051588-culgoa;1206151;128.75;31.449091;1;107;0;107;100
neos-5052403-cygnet;1206151;220.147435;87.133886;8;36623;177;36800;100
neos-506422;1206151;0;6.9;1;46;0;46;100
neos-506428;1206151;145945;95.648936;1;595;3;598;100
neos-5075914-elvire;1206151;277.341888;3.120913;2;49;0;49;100
neos-5076235-embley;1206151;1930;0.115385;2;912;0;912;100
neos-5078479-escaut;1206151;7280.474567;0.467977;2;51;0;51;100
neos-5079731-flyers;1206151;2004;1.087912;2;913;0;913;100
neos-5083528-gimone;1206151;0;20.875;1;279;4;283;100
neos-5093327-huahum;1206151;3934;1.841667;2;881;0;881;100
neos-5100895-inster;1206151;2084;3.582418;2;530;0;530;100
neos-5102383-irwell;1206151;1740;2.483516;2;883;0;883;100
neos-5104907-jarama;1206151;639.917149;50.953837;2;9225;4;9229;100
neos-5106984-jizera;1206151;721;3.5;2;3630;7;3637;100
neos-5107597-kakapo;1206151;0;0.59125;2;42;0;42;100
neos-5108386-kalang;1206151;620.501637;57.690941;2;13141;11;13152;100
neos-5114902-kasavu;1206151;518;138;3;9503;16;9519;100
neos-5115478-kaveri;1206151;0;0.529375;2;42;0;42;100
neos-5116085-kenana;1206151;452;142;3;5445;10;5455;100
neos-5118834-korana;1206151;569.216333;123.504863;2;12381;7;12388;100
neos-5118851-kowhai;1206151;1134;5.88;2;5379;9;5388;100
neos-5123665-limmat;1206151;652.42743;71.017903;2;16828;9;16837;100
neos-5125849-lopori;1206151;0;51.956886;1;42;0;42;100
neos-5129192-manaia;1206151;0;3.769231;1;4066;11;4077;100
neos-5138690-middle;1206151;605.364996;106.306535;2;14713;18;14731;100
neos-5140963-mincio;1206151;8877;2.142857;1;1;0;1;100
neos-5149806-wieprz;1206151;0.027694;5.514108;5;395;14;409;100
neos-5151569-mologa;1206151;686023627.750363;27.702234;2;2113;2;2115;100
neos-5178119-nalagi;1206151;8.569859;18.661577;2;64;1;65;100
neos-5182409-nasivi;1206151;0;18.212177;1;7;0;7;100
neos-5188808-nattai;1206151;0;13.024442;1;361;0;361;100
neos-5189128-totara;1206151;330131.390743;21.863581;1;944;2;946;100
neos-5192052-neckar;1206151;-11980000;0.333333;3;0;0;0;100
neos-5193246-nerang;1206151;0;792.331614;1;835;1;836;100
neos-5195221-niemur;1206151;0;700.447361;1;748;1;749;100
neos-5196530-nuhaka;1206151;0;750.534707;1;582;1;583;100
neos-520729;1206151;-1391291.666667;8.76;1;555;1;556;100
neos-5221106-oparau;1206151;0;61.698592;1;268;1;269;100
neos-5223573-tarwin;1206151;0.1058;0.258185;1;15166;3;15169;100
neos-5251015-ogosta;1206151;0.1058;0.226665;1;12467;2;12469;100
neos-525149;1206151;60;3.5;1;273;5;278;100
neos-5260764-orauea;1206151;58748.022532;10.633838;1;65;0;65;100
neos-5261882-treska;1206151;22721.328;6.436135;1;14;0;14;100
neos-5266653-tugela;1206151;20969.906674;15.508215;1;135;1;136;100
neos-5273874-yomtsa;1206151;0;0.2152;1;14656;2;14658;100
neos-555001;1206151;910619.201473;185.329242;1;40;0;40;100
neos-555343;1206151;1241512.54944;273.503416;1;37;0;37;100
neos-555424;1206151;1196312.54944;237.883186;1;33;0;33;100
neos-555884;1206151;1026121.836055;271.3209;1;40;0;40;100
neos-565672;1206151;43884.639336;66.477422;3;15117;17;15134;100
neos-574665;1206151;4948073.456141;10.746401;1;43;0;43;100
neos-578379;1206151;0;134.758643;1;1151;1;1152;100
neos-585192;1206151;-1999690.155301;98.986683;2;187;0;187;100
neos-585467;1206151;-1999711.795869;82.239088;2;22;0;22;100
neos-595904;1206151;61134.474995;16.114622;2;66;0;66;100
neos-619167;1206151;1.481241;34.850492;1;99;0;99;100
neos-631517;1206151;6494999.999936;60.866544;1;8;0;8;100
neos-631710;1206151;544;293.45197;2;6292;16;6308;100
neos-633273;1206151;4678552871.15256;377.739286;1;187;0;187;100
neos-662469;1206151;184340.629649;96.375734;1;433;1;434;100
neos-686190;1206151;5134.81383;17.515957;1;109;0;109;100
neos-691058;1206151;234;83.065598;1;201;0;201;100
neos-693347;1206151;234;75.573465;1;648;0;648;100
neos-738098;1206151;-1099;225.695149;1;120;0;120;100
neos-777800;1206151;-80;68.220262;1;44;0;44;100
neos-780889;1206151;3421500;0;1;625;8;633;0
neos-787933;1206151;300;0;2;233;18;251;100
neos-799711;1206151;-11228065.153797;0.981255;1;1196;0;1196;100
neos-799716;1206151;4932670.661692;0.616814;1;118;0;118;100
neos-807639;1206151;492.688889;1.37037;2;10;0;10;100
neos-820879;1206151;24874.267857;62.867619;1;113;0;113;100
neos-824661;1206151;51;60.642857;2;246;3;249;100
neos-824695;1206151;42;33.8;3;95;1;96;100
neos-826224;1206151;130;70;3;203;3;206;100
neos-826650;1206151;32;109.347222;2;42;0;42;100
neos-826694;1206151;73;92.333333;3;90;2;92;100
neos-826812;1206151;70.011;151.137255;3;103;1;104;100
neos-826841;1206151;32.0082;110.679849;2;41;0;41;100
neos-827015;1206151;2.098071;332.649497;1;1903;3;1906;100
neos-827175;1206151;116.00152;83.555556;2;164;1;165;100
neos-829552;1206151;2.098071;250.649497;1;1680;2;1682;100
neos-831188;1206151;1.76772;215.733333;1;80;0;80;100
neos-847302;1206151;0;49.875712;1;75;0;75;100
neos-848198;1206151;168781;0;2;162;0;162;100
neos-848589;1206151;0;0.075873;1;1425;1;1426;100
neos-849702;1206151;0;87.382423;1;20;0;20;100
neos-850681;1206151;2087;60.770833;1;107;0;107;100
neos-860300;1206151;1666.068586;9;1;57;1;58;100
neos-872648;1206151;52.672838;0;2;1357;8;1365;8.36
neos-873061;1206151;152.431558;0;2;1202;8;1210;34.12
neos-876808;1206151;10030.533833;259.649605;2;6408;10;6418;100
neos-885086;1206151;-243;13.945733;2;164;0;164;100
neos-885524;1206151;11771.55529;9.581376;2;190;7;197;100
neos-911880;1206151;23.26;17.986476;1;2;0;2;100
neos-911970;1206151;23.26;14.456206;1;2;0;2;100
neos-913984;1206151;1000;33.522949;1;156;3;159;100
neos-914441;1206151;5660364.28377;78.177859;1;1705;0;1705;100
neos-916792;1206151;26.203596;16.256328;2;81;0;81;100
neos-932721;1206151;513000;0;4;103;4;107;100
neos-932816;1206151;513000;0;3;208;8;216;100
neos-933562;1206151;0;237.810567;1;56;0;56;100
neos-933638;1206151;335654.662576;0;3;211;5;216;100
neos-933966;1206151;338609.316425;0;3;158;5;163;100
neos-934278;1206151;341538.344697;0;3;295;3;298;100
neos-935234;1206151;368364.764662;0;3;334;1;335;100
neos-935627;1206151;19212.297957;0;3;368;1;369;100
neos-935769;1206151;20474.736468;0;3;414;1;415;100
neos-937511;1206151;46568.6957;0;3;419;1;420;100
neos-937815;1206151;44927.403873;0;3;493;1;494;100
neos-941262;1206151;43855.974502;0;3;361;1;362;100
neos-941313;1206151;9361;325.995652;1;601;8;609;100
neos-942830;1206151;12;68.941632;1;33;0;33;100
neos-948126;1206151;46136.445498;0;3;406;1;407;100
neos-948346;1206151;-212.198292;3.766956;6;500;24;524;100
neos-950242;1206151;2;94;2;111;1;112;100
neos-953928;1206151;-97.806667;0;4;224;6;230;2.1
neos-954925;1206151;-229.766667;0;5;1077;31;1108;3.37
neos-956971;1206151;-235.74;1.742917;4;779;15;794;100
neos-957143;1206151;-204.669492;48.100823;4;481;16;497;100
neos-957323;1206151;-207.803654;25.352843;3;332;11;343;100
neos-957389;1206151;1.5;30.754586;1;103;1;104;100
neos-960392;1206151;-238;303.359003;1;256;2;258;100
neos-983171;1206151;48239.726119;0;3;413;1;414;100
neos-984165;1206151;43929.5052;0;3;466;1;467;100
neos13;1206151;-126.178378;42.160092;2;218;0;218;100
neos15;1206151;144796.909577;0;2;1;0;1;79.65
neos16;1206151;429;13.142857;2;3;0;3;100
neos17;1206151;0.222688;0;2;6;0;6;48.46
neos18;1206151;11;59;3;91;1;92;100
neos2;1206151;-4717.666848;6.724359;1;7;0;7;100
neos22;1206151;413700;227;1;30;0;30;100
neos5;1206151;17.25;0;3;1;0;1;15
neos6;1206151;116.604289;27.902196;4;99;6;105;100
neos8;1206151;-2885.143864;22.041691;3;752;6;758;100
neos808444;1206151;0;221.165702;1;218;1;219;100
neos9;1206151;780;44.25;1;286;0;286;100
net12;1206151;47.514236;132.660069;3;1156;1;1157;100
netdiversion;1206151;454.4;774.4;3;9060;16;9076;100
newdano;1206151;11.724138;8.447296;1;3;0;3;100
nexp-150-20-1-5;1206151;84;0;2;39;0;39;27.27
nexp-150-20-8-5;1206151;656;0;2;82;1;83;100
nexp-50-20-1-1;1206151;34;0;2;1;0;1;17.24
nexp-50-20-4-2;1206151;120;0;2;2;0;2;69.01
nh97_potential;1206151;1461;72.75;2;5;0;5;100
nh97_tension;1206151;1438;81.583333;2;2;0;2;100
nj1;1206151;0;607;1;514;1;515;100
nj2;1206151;0;607;1;682;1;683;100
nj3;1206151;0;607;1;66267;1;66268;100
nobel-eu-DBE;1206151;7662120;0;2;91;0;91;100
noswot;1206151;-9;0;2;1;0;1;78.05
ns1111636;1206151;96.25;19.25;1;623;2;625;100
ns1116954;1206151;0;144.400486;1;794;1;795;100
ns1208400;1206151;0;89.16614;1;61;0;61;100
ns1430538;1206151;73.621609;10.155449;1;549;0;549;100
ns1456591;1206151;361.939022;19;1;117;1;118;100
ns1606230;1206151;13.225;182.603065;1;1809;0;1809;100
ns1631475;1206151;817.193748;716.662243;1;1270;1;1271;100
ns1663818;1206151;1;9.141146;1;5972;84;6056;100
ns1679495;1206151;3337055.001914;100.246101;2;49505;12;49517;100
ns1685374;1206151;-51.800913;96.218654;1;50627;1;50628;100
ns1688347;1206151;2;5.051506;1;54;0;54;100
ns1690781;1206151;-1022.785697;17.664172;2;192;1;193;100
ns1696083;1206151;2;13.475541;1;129;1;130;100
ns1758913;1206151;-1501.183256;124.830251;1;7186;7;7193;100
ns1760995;1206151;-1379.173237;142;1;21008;8;21016;100
ns1778858;1206151;-22635740;227.465047;2;301;0;301;100
ns1828997;1206151;0;75;2;871;3;874;100
ns1830653;1206151;6153;57.880312;1;127;0;127;100
ns1849932;1206151;546;6.131653;1;1062;6;1068;100
ns1853823;1206151;1172000;1386;2;51836;23;51859;100
ns1854840;1206151;1.432e+11;1139.47326;2;6920;17;6937;100
ns1856153;1206151;0;254.167528;1;150;0;150;100
ns1904248;1206151;0;854.146124;14;2614;35;2649;100
ns1905797;1206151;11.75098;19.65;1;196;1;197;100
ns1905800;1206151;6.4366;16.364665;1;41;0;41;100
ns1952667;1206151;0;10.112982;1;213;1;214;100
ns2017839;1206151;77026281754033.4;1.017799;2;7784;0;7784;100
ns2034125;1206151;0;796.623735;2;1890;1;1891;100
ns2071214;1206151;0;60.238929;1;81;0;81;100
ns2081729;1206151;4.6;0.852;2;3;0;3;100
ns2122698;1206151;62785.622771;194.641858;1;551;1;552;100
ns2124243;1206151;53998.333333;195.416667;1;462;1;463;100
ns2137859;1206151;24629;42.075016;1;764;5;769;100
ns4-pr3;1206151;36073;12;1;100;0;100;100
ns4-pr6;1206151;29145.75;8.875;1;50;0;50;100
ns4-pr9;1206151;35175;10;1;93;0;93;100
ns894236;1206151;18;199.238568;2;394;0;394;100
ns894244;1206151;16;340.564115;2;1202;1;1203;100
ns894786;1206151;14;210.712983;2;1355;2;1357;100
ns894788;1206151;7;91.946694;2;173;0;173;100
ns903616;1206151;22;385.201946;2;1043;2;1045;100
nsa;1206151;91.44794;7.482504;1;7;0;7;100
nsr8k;1206151;17500809.511815;639.929911;1;9036;3;9039;100
nsrand-ipx;1206151;646400;0;2;67;2;69;100
nu120-pr12;1206151;38070;13.695833;1;47;0;47;100
nu120-pr3;1206151;21306.442308;42.751022;1;114;0;114;100
nu120-pr9;1206151;19062.5;28.652083;1;87;0;87;100
nu25-pr12;1206151;52757.5;11.9;1;62;0;62;100
nu4-pr9;1206151;35175;22.513333;1;92;0;92;100
nu60-pr9;1206151;22850;28.383333;1;89;0;89;100
nucorsav;1206151;29.0461;81.032136;2;81855;273;82128;100
nursesched-medium-hint03;1206151;33.468485;460.316255;1;1175;3;1178;100
nursesched-medium04;1206151;411;279.979978;2;776;7;783;100
nursesched-sprint-hidden09;1206151;580.911765;177.875;2;428;2;430;100
nursesched-sprint-late03;1206151;34.254806;178.177416;1;406;2;408;100
nursesched-sprint02;1206151;129.416667;125.4375;2;257;2;259;100
nw04;1206151;16310.666667;2;1;285;6;291;100
ofi;1206151;6131846109.62063;1781.999298;135;10040;145;10185;100
ofi2;1206151;6124829152.73116;3158.688481;133;7163;209;7372;100
oocsp-racks030e6cci;1206151;0;0;1;213;2;215;0
opm2-z10-s2;1206151;-18466;0;6;22933;15;22948;45.41
opm2-z10-s4;1206151;-16036;0;5;22787;13;22800;51.8
opm2-z11-s8;1206151;-22036;0;5;50070;18;50088;49.33
opm2-z12-s14;1206151;-35782;0;6;117700;27;117727;44.34
opm2-z12-s7;1206151;-36893;0;6;108890;28;108918;43.69
opm2-z12-s8;1206151;-31528;0;6;108433;26;108459;46.14
opm2-z6-s1;1206151;-3261;0;4;310;1;311;47.42
opm2-z7-s2;1206151;-6001;0;5;866;3;869;41.62
opm2-z7-s8;1206151;-6402;0;5;752;3;755;43.05
opm2-z8-s0;1206151;-9570;0;5;3918;5;3923;39.33
opt1217;1206151;-20.02139;8.22549;1;2;0;2;100
osorio-cta;1206151;0;3.5e-05;1;63;0;63;100
p0201;1206151;6875;20;1;1;0;1;100
p100x588b;1206151;58977;0;2;1;0;1;23.18
p200x1188c;1206151;15747;0;2;2;0;2;4.44
p2756;1206151;2718;2.345553;2;6;0;6;100
p500x2988;1206151;72594;0;2;32;0;32;1.06
p500x2988c;1206151;17212;0;2;28;0;28;13.13
p500x2988d;1206151;6;0;2;25;0;25;0
p6b;1206151;-52;0;3;41;0;41;17.46
p80x400b;1206151;45896;0;2;1;0;1;15.7
pb-fit2d;1206151;-22372.476239;842.898884;1;8411;12;8423;100
pb-gfrd-pnc;1206151;8316.011268;30.700616;1;135;1;136;100
pb-grow22;1206151;-449681.200587;122.632175;1;428;1;429;100
pb-market-split8-70-4;1206151;0;2.197219;1;0;0;0;100
pb-simp-nonunif;1206151;6;513.5;2;3687;48;3735;100
peg-solitaire-a3;1206151;1;289.311002;1;347;0;347;100
pg;1206151;-11098.657382;17.215049;2;4;0;4;100
pg5_34;1206151;-16012.248077;18.476238;2;6;0;6;100
physiciansched3-3;1206151;2432694.766159;1299.771515;17;59534;115;59649;100
physiciansched3-4;1206151;1124678.224456;1152.371387;12;34034;71;34105;100
physiciansched5-3;1206151;5180;1064.20702;3;1320;3;1323;100
physiciansched6-1;1206151;7500;756.571528;2;706;11;717;100
physiciansched6-2;1206151;43012.5;757.225;2;590;10;600;100
pigeon-08;1206151;-8000;8.25974;1;1;0;1;100
pigeon-10;1206151;-10000;13.559596;1;3;0;3;100
pigeon-11;1206151;-11000;16.690909;1;3;0;3;100
pigeon-12;1206151;-12000;21.818182;1;4;0;4;100
pigeon-13;1206151;-13000;24;1;4;0;4;100
pigeon-16;1206151;-16000;74.018182;1;6;0;6;100
pigeon-19;1206151;-19000;59.036364;1;33;0;33;100
pigeon-20;1206151;-20000;62.509091;1;33;0;33;100
piperout-03;1206151;68814.99759;435.327133;6;364;2;366;100
piperout-08;1206151;99128.924471;558.342366;32;411;15;426;100
piperout-27;1206151;6970;1154.464464;12;495;6;501;100
piperout-d20;1206151;25533.842105;676.796097;2;1082;2;1084;100
piperout-d27;1206151;7083.116279;1022.542306;2;1447;2;1449;100
pk1;1206151;0;2.794444;1;0;0;0;100
polygonpack3-15;1206151;-96519350.40932;30.691342;3;1450;6;1456;100
polygonpack4-10;1206151;-93676953.4701;20.42385;3;520;2;522;100
polygonpack4-15;1206151;-114052801.79086;40.321265;3;1446;6;1452;100
polygonpack4-7;1206151;-75324958.8742;9.351219;3;269;1;270;100
polygonpack5-15;1206151;-42382234.50354;24.151449;3;1670;6;1676;100
pp08a;1206151;15000;0;2;0;0;0;100
pp08aCUTS;1206151;16630.402442;0;2;2;0;2;100
probportfolio;1206151;5;15.184084;2;3;0;3;100
prod1;1206151;-100;6.72495;2;1;0;1;100
prod2;1206151;-100;4.433874;2;1;0;1;100
proteindesign121hz512p19;1206151;3197.772133;67.38213;1;17495;133;17628;100
proteindesign121hz512p9;1206151;1423.904449;61.920249;1;736;7;743;100
proteindesign121pgb11p9;1206151;1173.710433;49.777201;1;554;6;560;100
proteindesign122trx11p8;1206151;1720.461105;46.268597;1;514;6;520;100
protfold;1206151;0;35;2;16;0;16;100
pw-myciel4;1206151;0;65.596829;6;35;0;35;100
pythago7824;1206151;0;580.777778;6;736;2;738;100
pythago7825;1206151;0;586.777778;8;899;3;902;100
qap10;1206151;332.566228;55;1;356;0;356;100
qiu;1206151;1805.177143;0;2;4;0;4;100
qnet1;1206151;98035.87;7.221868;2;15;0;15;100
qnet1_o;1206151;96705.12;0;2;8;0;8;100
queens-30;1206151;-29;0;3;189;1;190;27.5
r4l4-02-tree-bounds-50;1206151;510876207;651.016667;2;55;0;55;100
r50x360;1206151;2016;0;2;1;0;1;21.96
r80x800;1206151;5520;0;2;1;0;1;3.53
radiationm18-12-05;1206151;17554.5;196.038066;1;198;1;199;100
radiationm40-10-02;1206151;155306.7;933.533;1;1118;6;1124;100
rail01;1206151;-92.0873;2555.823708;1;10258;5;10263;100
rail02;1206151;-206.6102;3001.898333;1;125323;12;125335;100
rail03;1206151;-920.273762;12426.061971;1;166602;32;166634;100
rail507;1206151;215;0;3;664;13;677;23.56
railway_8_1_0;1206151;397;64.534158;3;10;0;10;100
ramos3;1206151;377;0;3;1400;1;1401;96.35
ran12x21;1206151;4080;0;2;0;0;0;11.35
ran13x13;1206151;3521;0;2;0;0;0;8.27
ran14x18-disj-8;1206151;12451.012696;0;2;21;0;21;100
ran14x18;1206151;4265;0;2;0;0;0;14.9
ran16x16;1206151;4333;0;2;1;0;1;13.34
rd-rplusc-21;1206151;100;4.122769;1;496;1;497;100
reblock115;1206151;-39365983.337347;271.565472;1;192;0;192;100
reblock166;1206151;-886882876.965829;382.279623;1;497;0;497;100
reblock354;1206151;-39640995.765204;569.832903;3;987;1;988;100
reblock420;1206151;-886535897.522137;986.979676;1;2507;0;2507;100
reblock67;1206151;-39339910.923037;159.950504;1;53;0;53;100
rfds-4-days;1206151;-1158940.978167;54.113757;1;63413;26;63439;100
rlp1;1206151;13.244444;9.961905;1;1;0;1;100
rmatr100-p10;1206151;360.593308;9.692735;1;177;0;177;100
rmatr100-p5;1206151;762.040054;5;1;450;0;450;100
rmatr200-p10;1206151;1550.620783;10;1;11078;0;11078;100
rmatr200-p20;1206151;688.357943;19.982266;1;4053;0;4053;100
rmatr200-p5;1206151;3283.653831;5;1;11666;0;11666;100
rmine10;1206151;-1926.821009;886.351115;2;3890;1;3891;100
rmine11;1206151;-2506.77351;1261.593346;9;11065;12;11077;100
rmine13;1206151;-3504.619914;1108.274293;2;41332;6;41338;100
rmine14;1206151;-4308.553472;2211.904816;7;96715;29;96744;100
rmine15;1206151;-5041.323514;4256.942532;5;177173;24;177197;100
rmine6;1206151;-435.437835;43.92694;14;121;2;123;100
rocI-3-11;1206151;-111086.671772;559.283036;1;47;0;47;100
rocI-4-11;1206151;-11111086.671772;810.679039;1;69;0;69;100
rocII-10-11;1206151;-11.974865;306.103805;1;572;2;574;100
rocII-4-11;1206151;-11.937162;82.5;1;145;1;146;100
rocII-5-11;1206151;-11.94973;122.235744;1;178;1;179;100
rocII-7-11;1206151;-11.964093;207.33219;1;315;1;316;100
rocII-8-11;1206151;-11.968581;244.702313;1;456;2;458;100
rocII-9-11;1206151;-11.972072;276.465408;1;482;2;484;100
rococoB10-011000;1206151;8350.199468;49.840978;1;156;0;156;100
rococoC10-001000;1206151;7515.271029;14.886765;1;58;0;58;100
rococoC11-010100;1206151;8773.206543;49.89581;1;158;0;158;100
rococoC11-011100;1206151;9024.205406;56.60339;1;125;0;125;100
rococoC12-010001;1206151;26787.292147;50.829414;1;213;1;214;100
rococoC12-111000;1206151;27337.357381;53.501346;1;272;0;272;100
roi2alpha3n4;1206151;-80.526722;7.807845;2;706;9;715;100
roi5alpha10n8;1206151;-87.787142;16;2;2145;29;2174;100
roll3000;1206151;11097.127677;46.77651;3;36;0;36;100
rout;1206151;981.864286;9.898077;1;2;0;2;100
rpp22falsei;1206151;0;0;1;48;0;48;0
rvb-sub;1206151;11.206514;4.571429;1;713;5;718;100
s100;1206151;-0.171097;43.263533;1;25673;18;25691;100
s1234;1206151;0.361925;1.578294;6;1760;2;1762;100
s250r10;1206151;-0.166732;112.777088;2;10330;25;10355;100
s55;1206151;-22.151773;0;1;1680;3;1683;0
s82;1206151;-33.833613;638.111555;2;198057;167;198224;100
satellites1-25;1206151;-20;46.054099;1;131;0;131;100
satellites2-25;1206151;-30;232.549845;1;4555;2;4557;100
satellites2-40;1206151;-30;128.145498;1;15351;2;15353;100
satellites2-60-fs;1206151;-30;502.252135;1;2478;1;2479;100
satellites2-60;1206151;-30;313.609113;1;16602;3;16605;100
satellites3-25;1206151;-39;981.495523;1;201712;5;201717;100
satellites3-40-fs;1206151;-39;956.482639;1;29091;4;29095;100
satellites3-40;1206151;-39;963.650088;1;206691;6;206697;100
savsched1;1206151;22586.49862;0;2;118205;40;118245;100
scpj4scip;1206151;213;0;3;1244;20;1264;65.12
scpk4;1206151;599;0;3;2649;22;2671;86.6
scpl4;1206151;437;0;3;4702;42;4744;66.16
scpm1;1206151;905;0;3;43918;123;44041;61.32
scpn2;1206151;764;0;3;71132;255;71387;43.07
sct1;1206151;-218.139003;91.32546;1;1403;0;1403;100
sct2;1206151;-231.116964;15.708827;1;64;0;64;100
sct31;1206151;-31.962662;31.547827;1;168;0;168;100
sct32;1206151;-62.990833;53.144038;1;685;0;685;100
sct5;1206151;-228.176552;31.924007;2;291;2;293;100
seqsolve1;1206151;4376.282987;371.073706;19;4067;164;4231;100
seqsolve2short4288;1206151;4.45;440.788269;4;2794;42;2836;100
seqsolve3short4288excess384;1206151;-46401.234768;425.509375;7;12881;62;12943;100
set1ch;1206151;110241.5;0;2;1;0;1;100
set3-09;1206151;1263.077974;49.748593;3;45;0;45;100
set3-10;1206151;788.890655;50.61299;3;38;0;38;100
set3-15;1206151;8364.040745;53.876403;3;40;0;40;100
set3-16;1206151;9916.808562;58.149187;3;45;0;45;100
set3-20;1206151;10347.381087;53.849605;3;42;0;42;100
seymour-disj-10;1206151;326.000001;2e-06;3;1658;1;1659;100
seymour;1206151;460;0;3;208;0;208;8.75
seymour1;1206151;426.819841;0;3;197;0;197;3.91
shiftreg1-4;1206151;131.656032;300.178571;1;60;0;60;100
shiftreg2-7;1206151;206.733052;275.753282;1;69;0;69;100
shiftreg5-1;1206151;520.839888;632.617991;1;320;0;320;100
shipsched;1206151;0;2.147365;5;130;2;132;100
shipschedule3shipsi;1206151;-265650;0;1;38;0;38;0
shipschedule6shipsmixi;1206151;-301650;0;1;62;0;62;0
shipschedule8shipsmixuci;1206151;-401100;0;1;67;1;68;0
shs1014;1206151;22137.410363;350.541667;1;175195;18;175213;100
shs1042;1206151;9455.525826;684.883411;1;66162;19;66181;100
siena1;1206151;10163179.229002;146.859338;1;1555;1;1556;100
sing11;1206151;18640171.224643;331.879469;1;7898;7;7905;100
sing161;1206151;19071259.113927;996.464534;1;63830;36;63866;100
sing17;1206151;35483848.876514;554.751047;1;30388;21;30409;100
sing2;1206151;17150914.71694;252.506822;1;1696;1;1697;100
sing245;1206151;25024015.754083;519.079791;1;12097;11;12108;100
sing326;1206151;7717674.801189;203.886687;1;2562;2;2564;100
sing359;1206151;22534478.962498;1259.613224;1;80606;30;80636;100
sing44;1206151;8102513.2194;177.330369;1;2939;2;2941;100
sing5;1206151;18418516.013137;272.410096;1;3584;6;3590;100
snip10x10-35r1budget17;1206151;30;2.533333;1;440;0;440;100
snp-02-004-104;1206151;548044802.97509;10.217187;2;4135;0;4135;100
snp-04-052-052;1206151;728196432.049806;735.582559;2;3530;2;3532;100
snp-06-004-052;1206151;1787138156.58097;33.734354;2;6167;1;6168;100
snp-10-004-052;1206151;5842625068.20526;48.106063;2;14552;2;14554;100
snp-10-052-052;1206151;5842626434.04626;1694.316668;2;15930;4;15934;100
sorrell3;1206151;-11;0;3;691;8;699;31.25
sorrell4;1206151;-16;0;3;2930;30;2960;33.33
sorrell7;1206151;-150;0;3;367;4;371;23.47
sorrell8;1206151;-260;0;3;77;1;78;25.71
sp150x300d;1206151;71;0;2;0;0;0;2.9
sp97ar;1206151;859516425.84;0;4;520;6;526;30.09
sp97ic;1206151;639243399.84;0;3;363;4;367;49.47
sp98ar;1206151;657784123.961774;1.59976;4;904;8;912;100
sp98ic;1206151;624669411.84;0;4;368;6;374;39.08
sp98ir;1206151;304993983.714031;8.100839;4;66;1;67;100
splice1k1;1206151;-1646.777979;8.512635;1;18896;7;18903;100
splice1k1i;1206151;-1654;0;1;196;6;202;0
square23;1206151;8.333333;12.444444;1;144;3;147;100
square31;1206151;8.5;13.75;1;794;13;807;100
square37;1206151;8.666667;15;1;2374;31;2405;100
square41;1206151;8.839612;15.068891;1;3566;44;3610;100
square47;1206151;8.755814;15.976744;1;6479;88;6567;100
stoch-vrpvrp-s5v2c8vrp-v2c8i;1206151;0;119.181818;1;33;0;33;100
stockholm;1206151;173;0;2;470;0;470;38.4
stp3d;1206151;604.886283;537.229946;2;24234;18;24252;100
sts405;1206151;357;0;3;556;2;558;0
sts729;1206151;665;0;3;3426;7;3433;0
supportcase1;1206151;20078;0.020624;2;301;5;306;100
supportcase10;1206151;3.383924;1850.997936;1;10074;3;10077;100
supportcase11;1206151;-25.979452;762069;1;288978;478;289456;100
supportcase12;1206151;-7609.533054;55.569104;1;1657;2;1659;100
supportcase14;1206151;272;9.894737;1;4;0;4;100
supportcase16;1206151;272;9;1;2;0;2;100
supportcase17;1206151;0;88.929601;2;9;0;9;100
supportcase18;1206151;87;9.141806;2;51;1;52;100
supportcase19;1206151;12677206;370.390975;1;26872;65;26937;100
supportcase2;1206151;0;7.75;1;9287;49;9336;100
supportcase20;1206151;2442.144012;4.88286;1;20;0;20;100
supportcase23;1206151;-12952;674.436182;1;1510;0;1510;100
supportcase25;1206151;0.036932;10.829622;1;97;0;97;100
supportcase26;1206151;1288.102161;0.009948;2;2;0;2;100
supportcase27i;1206151;0;0.028235;1;2;0;2;100
supportcase3;1206151;0;754.600046;3;219;1;220;100
supportcase30;1206151;0;102.85702;1;61;0;61;100
supportcase31;1206151;-1120655.076;0;3;1848;76;1924;69.88
supportcase33;1206151;-468.46299;67.367519;2;450;3;453;100
supportcase34;1206151;72.664116;328.063419;1;1207;2;1209;100
supportcase35;1206151;77847.333333;96;2;118;0;118;100
supportcase37;1206151;-5865.764096;28.093523;2;822;0;822;100
supportcase39;1206151;-1062330.369524;22.808785;5;103;7;110;100
supportcase4;1206151;0;537.153071;3;164;0;164;100
supportcase40;1206151;22536.483379;19;1;254;0;254;100
supportcase41;1206151;28;24.340373;5;299;1;300;100
supportcase42;1206151;7.343539;48.081295;1;1809;2;1811;100
supportcase43;1206151;0;48.147044;2;51888;3;51891;100
supportcase6;1206151;45090.732163;30.239669;1;1391;7;1398;100
supportcase7;1206151;-2396.218213;53.14731;2;1892;0;1892;100
swath;1206151;334.496858;2.2;1;42;0;42;100
swath1;1206151;334.496858;0.6;1;35;0;35;100
swath2;1206151;334.496858;0.7;1;34;0;34;100
swath3;1206151;334.496858;0.8;1;33;0;33;100
t1717;1206151;134531.021428;79.098998;1;289;4;293;100
t1722;1206151;98815.407611;52.399108;1;151;2;153;100
ta1-UUM;1206151;3693674.556772;4.190418;1;4;0;4;100
ta2-UUE;1206151;41427354.755773;0.680983;2;163;0;163;100
tanglegram1;1206151;0;146;1;251;2;253;100
tanglegram2;1206151;0;74;1;39;0;39;100
tanglegram4;1206151;0;214;1;794;3;797;100
tanglegram6;1206151;0;100;1;61;0;61;100
tbfp-bigm;1206151;-178.153988;30;1;269;0;269;100
tbfp-network;1206151;23.261535;31;1;899;3;902;100
Test3;1206151;2669532.692462;22.368722;2;255;3;258;100
thor50dday;1206151;204179;0;2;218;3;221;100
timtab1;1206151;1234325.333333;18.45;2;0;0;0;100
timtab1CUTS;1206151;613590.095426;35.885811;2;3;0;3;100
timtab2;1206151;1487304.333333;29.783333;2;1;0;1;100
tokyometro;1206151;11100;251.050363;2;77;0;77;100
toll-like;1206151;0;339.5;1;36;0;36;100
tpl-tub-ss16;1206151;8052373.477492;2148.906605;3;90392;281;90673;100
tpl-tub-ws1617;1206151;10498468.058836;2262.455897;3;121400;430;121830;100
tr12-30;1206151;188435.464884;3.580258;2;2;0;2;100
traininstance2;1206151;0;641.708827;2;58;0;58;100
traininstance6;1206151;0;381.122112;2;43;0;43;100
transportmoment;1206151;-70929535815.38;783.890174;2;202;0;202;100
trento1;1206151;5182758.848056;76.181959;1;551;0;551;100
triptim1;1206151;22.868087;2090.375;1;10391;3;10394;100
triptim2;1206151;10.866359;807.547954;1;10651;4;10655;100
triptim3;1206151;13.511741;809.069096;1;10628;3;10631;100
triptim4;1206151;9.207022;595.626838;1;11006;3;11009;100
triptim7;1206151;2336.732602;612.910017;2;11845;6;11851;100
triptim8;1206151;2336.754853;584.347661;2;12125;6;12131;100
tw-myciel4;1206151;3.838028;125.987676;4;171;0;171;100
uc-case11;1206151;611267.013003;118.928617;1;2816;0;2816;100
uc-case3;1206151;7181.264177;95.341586;1;2115;0;2115;100
uccase10;1206151;38988.693469;403.985961;1;2803;1;2804;100
uccase12;1206151;11507.285324;38.32;1;2274;1;2275;100
uccase7;1206151;26527.789654;162.379998;1;3941;0;3941;100
uccase8;1206151;11142.163196;63.982247;1;3021;0;3021;100
uccase9;1206151;10819.582997;76.021209;1;4468;0;4468;100
uct-subprob;1206151;242;56.889019;1;41;0;41;100
umts;1206151;91618146.215272;77.667697;2;49;0;49;100
unitcal_7;1206151;19387754.848556;143.965819;2;833;0;833;100
usAbbrv-8-25_70;1206151;95;138.115058;3;35;0;35;100
usafa;1206151;11.961749;2881.373487;2;49760;161;49921;100
v150d30-2hopcds;1206151;54;0;3;123;2;125;31.71
van;1206151;1.72352;5.404444;1;2364;0;2364;100
var-smallemery-m6j6;1206151;-156.056268;90.190835;2;1285;8;1293;100
vpm2;1206151;13.372866;5.698001;2;1;0;1;100
vpphard;1206151;0;125.275;1;226;3;229;100
vpphard2;1206151;0;224.687229;1;675;13;688;100
wachplan;1206151;-9;69.499445;1;45;0;45;100
wnq-n100-mw99-14;1206151;198.078947;81.026316;3;5070;29;5099;100
xmas10-2;1206151;-548.904684;180.189643;1;226;0;226;100
xmas10;1206151;-449.397905;132.337672;7;194;0;194;100
z26;1206151;-981;0;3;2740;46;2786;17.35
zeil;1206151;813.510308;818.357568;2;86679;13;86692;100
zib54-UUE;1206151;19164366;0;2;49;0;49;85.45
