Instance;Seed;Cost;Fractionality;Rounds;LPtime(ms);ZItime(ms);SumLPZI(ms)
10teams;0;917.000000;36.587901;1;30;0;30
22433;0;21552.708079;24.962328;5;5;0;5
23588;0;8355.018475;16.209775;6;3;0;3
2club200v15p5scn;0;-96.055556;38.611111;7;113;4;117
30n20b8;0;5530.000000;18.137303;2;93;1;94
30_70_45_05_100;0;105.000000;-0.000000;5;733;3;736
30_70_45_095_100;0;58.000000;-0.000000;5;851;2;853
30_70_45_095_98;0;369.000000;0.000000;6;786;4;790
50v-10;0;1493601.476062;-0.000000;2;4;0;4
a1c1s1;0;20912.873333;0.041667;2;33;0;33
a2c1s1;0;20866.082500;0.000000;2;34;0;34
ab51-40-100;0;-6461729251.000002;-0.000000;3;834;1;835
ab67-40-100;0;-7069213255.999998;0.000000;3;2620;2;2622
ab69-40-100;0;-7004957457.000000;-0.000000;3;2124;2;2126
ab71-20-100;0;-6510510462.000000;-0.000000;3;226;1;227
ab72-40-100;0;-6898618453.000008;-0.000000;3;764;1;765
academictimetablebig;0;32.000000;1954.747118;2;3046;21;3067
academictimetablesmall;0;0.000000;319.827672;2;219;3;222
acc-tight2;0;0.000000;129.034401;1;38;0;38
acc-tight4;0;0.000000;132.883185;1;58;0;58
acc-tight5;0;0.000000;121.269585;1;243;0;243
acc-tight6;0;0.000000;123.251301;1;239;0;239
adult-max5features;0;0.081316;0.266955;1;906;3;909
adult-regularized;0;0.077684;0.234052;1;1957;3;1960
aflow30a;0;983.167425;6.510845;1;5;0;5
aflow40b;0;1005.664817;8.247724;1;20;0;20
air03;0;338864.250000;11.875000;1;64;0;64
air04;0;55535.436388;52.288553;1;222;0;222
air05;0;25877.609268;46.215654;1;149;0;149
aligninq;0;2755.000000;41.998482;2;15;0;15
allcolor10;0;6.000000;678.251326;2;152;1;153
allcolor58;0;42.000000;3910.528975;1;1089;5;1094
amaze22012-03-15i;0;0.000000;0.000000;1;42;1;43
amaze22012-06-28i;0;0.000000;0.000000;1;26;0;26
amaze22012-07-04i;0;0.000000;0.000000;1;31;0;31
app1-1;0;-2.000000;0.179678;3;58;0;58
app1-2;0;-23.000000;0.000001;2;3918;1;3919
app2-1;0;19298.500000;0.000000;2;32;0;32
app2-2;0;219402.500000;0.000000;3;1;0;1
app3;0;5627412.287938;3.142492;1;34;0;34
arki001;0;7579599.807787;17.164714;2;39;0;39
assign1-10-4;0;353.992926;52.000000;1;35;0;35
assign1-5-8;0;183.362555;24.000000;1;2;0;2
atlanta-ip;0;81.243206;325.689509;3;4329;6;4335
atm20-100;0;2141734.684878;218.990778;2;82;0;82
australia-abs-cta;0;0.000000;42.688829;1;79;0;79
b-ball;0;-1.818182;4.818182;1;0;0;0
b1c1s1;0;69966.450000;0.000000;2;32;0;32
b2c1s1;0;70651.010000;0.000000;2;34;0;34
bab1;0;-286923.824223;50.520000;1;265;6;271
bab2;0;-350926.440227;560.525267;2;8504;24;8528
bab3;0;-583276.153196;508.478505;2;32315;49;32364
bab5;0;-111134.599976;185.900250;2;572;2;574
bab6;0;-222813.467183;662.294028;2;6065;16;6081
bc;0;13.063318;0.063318;2;105;0;105
bc1;0;6.455580;0.016336;2;100;0;100
beasleyC1;0;102.000000;0.000000;2;2;0;2
beasleyC2;0;232.000000;0.000000;2;2;0;2
beasleyC3;0;958.000000;-0.000000;2;3;0;3
beavma;0;407840.400000;0.000000;3;1;0;1
berlin;0;1741.000000;0.000000;2;28;0;28
berlin_5_8_0;0;52.000000;67.593519;3;5;0;5
bg512142;0;323992.007013;52.989642;3;29;0;29
biella1;0;3060037.430763;98.771008;1;244;0;244
bienst1;0;11.724138;4.390524;1;2;0;2
bienst2;0;11.724138;5.390524;1;2;0;2
binkar10_1;0;6637.188027;9.084811;1;12;0;12
blend2;0;7.489992;0.492283;2;0;0;0
bley_xl1;0;265.742874;323.211102;6;19681;25;19706
bley_xs1;0;213538830.272187;107.270480;3;151;0;151
bley_xs1noM;0;251120149.512445;78.388210;8;157;2;159
bley_xs2;0;48593009.277766;66.021410;2;26;0;26
blp-ar98;0;17399.472853;7.353198;5;109;9;118
blp-ic97;0;5900.535862;2.930622;9;92;12;104
blp-ic98;0;12317.691873;0.708955;11;158;22;180
blp-ir98;0;6957.006424;2.497817;3;43;2;45
bmocbd;0;-32041010095048.539062;0.000000;1;750;7;757
bmocbd2;0;-31953009810558.203125;0.000000;1;849;7;856
bmocbd3;0;45423160355.817528;0.000000;2;16767;12;16779
bmoipr2;0;-46628940.711141;0.174413;3;83;1;84
bnatt350;0;0.000000;97.086087;8;77;1;78
bnatt400;0;0.000000;110.074275;9;103;2;105
bppc4-08;0;51.590000;11.594675;1;16;0;16
bppc6-02;0;108.340000;11.886994;1;157;0;157
bppc6-06;0;200.633333;14.947367;1;160;0;160
bppc8-02;0;486.500000;3.204377;1;1;0;1
bppc8-09;0;444.436047;5.981230;1;4;0;4
brasil;0;31819.000000;0.000000;2;23;0;23
brazil3;0;2.000000;656.675844;1;967;1;968
breastcancer-regularized;0;0.000460;0.002809;1;8;0;8
bts4-cta;0;33524.637606;1130.000000;1;616;0;616
buildingenergy;0;33246.215059;1468.850000;2;15998;5;16003
cap6000;0;-2446875.000000;0.000000;3;41;1;42
cbs-cta;0;0.000000;29.948722;1;122;0;122
cdc7-4-3-2;0;-231.000000;-0.000000;3;37043;5;37048
chromaticindex1024-7;0;4.000000;16002.682953;2;2401;10;2411
chromaticindex128-5;0;4.000000;2021.163699;2;143;1;144
chromaticindex256-8;0;4.000000;4069.477083;2;389;3;392
chromaticindex32-8;0;4.000000;504.887500;2;18;0;18
chromaticindex512-7;0;4.000000;8183.527137;2;1119;5;1124
ci-s4;0;4.963809;19.526141;2;76;0;76
circ10-3;0;140.000000;154.374862;1;189;1;190
cmflsp40-24-10-7;0;52605868.952858;70.700930;3;384;0;384
cmflsp40-36-2-10;0;72898024.959478;295.649246;3;864;0;864
cmflsp50-24-10-4;0;64492612.641644;81.236085;3;365;0;365
cmflsp50-24-8-8;0;59814378.749021;131.869460;3;397;0;397
cmflsp60-36-2-6;0;97887903.946142;370.689759;3;1926;0;1926
CMS750_4;0;250.000000;254.215077;3;112;1;113
co-100;0;1250429.774879;9.799423;2;294;22;316
cod105;0;-8.000000;0.000000;3;472;1;473
comp07-2idx;0;0.000000;139.650000;2;1260;2;1262
comp08-2idx;0;0.000000;197.321317;2;203;1;204
comp12-2idx;0;11.000000;244.467887;3;1394;2;1396
comp16-3idx;0;4.000000;723.409056;1;8249;2;8251
comp21-2idx;0;0.000000;197.950000;2;807;1;808
control30-3-2-3;0;-20763026.787568;27.970540;1;5;0;5
core2536-691;0;801.000000;0.000000;3;1411;4;1415
core2586-950;0;1164.000000;0.000000;3;887;3;890
core4284-1064;0;1299.000000;-0.000000;3;5821;6;5827
core4872-1529;0;1837.000000;0.000000;3;2873;6;2879
cost266-UUE;0;42001606.280000;-0.000000;2;88;0;88
cov1075;0;35.000000;0.000000;2;5;0;5
cryptanalysiskb128n5obj16;0;0.000000;7174.215397;2;868;7;875
csched007;0;269.251587;22.185714;1;50;0;50
csched008;0;171.000000;18.883137;1;14;0;14
csched010;0;332.422727;20.376263;1;46;0;46
cvrpa-n64k9vrpi;0;0.000000;209.553191;188;347;467;814
cvrpb-n45k5vrpi;0;0.000000;147.183206;10;568;11;579
cvrpp-n16k8vrpi;0;0.000000;53.977273;82;35;11;46
cvrpsimple2i;0;0.000000;27.500000;3;3;0;3
cvs08r139-94;0;-24.000000;-0.000000;3;17;0;17
cvs16r106-72;0;-10.000000;-0.000000;3;39;0;39
cvs16r128-89;0;-11.000000;0.000000;3;38;0;38
cvs16r70-62;0;-5.000000;0.000000;3;31;0;31
cvs16r89-60;0;-7.000000;0.000000;3;32;0;32
d10200;0;12425.583005;34.236879;1;60;0;60
d20200;0;12229.625788;62.339279;1;339;0;339
dale-cta;0;0.000000;0.004715;1;295;0;295
dano3mip;0;576.231620;15.294513;1;1774;0;1774
dano3_3;0;576.231620;1.932181;1;1820;0;1820
dano3_5;0;576.231620;2.871834;1;1784;0;1784
danoint;0;62.637280;5.819184;1;17;0;17
dc1c;0;1754946.863638;139.215684;1;320;1;321
dc1l;0;203610672.021484;-0.000000;3;1241;18;1259
dcmulti;0;184858.396836;12.823814;3;3;0;3
decomp1;0;-120.000000;96.333333;1;49;0;49
decomp2;0;-160.000000;93.138889;1;57;0;57
dfn-bwin-DBE;0;797567.400000;0.000000;2;34;0;34
dfn-gwin-UUM;0;27467.257235;5.653537;1;1;0;1
dg012142;0;5895516.340434;39.442147;5;212;0;212
diameterc-mstc-v20a190d5i;0;291.000000;53.666667;1;34;0;34
diameterc-msts-v40a100d5i;0;324.000000;67.621212;1;35;0;35
disctom;0;-5000.000000;51.166667;1;237;0;237
disktom;0;-5000.000000;51.166667;1;230;1;231
dolom1;0;6556066.068315;110.727743;1;582;1;583
drayage-100-12;0;21458.311901;46.026463;1;69;0;69
drayage-100-23;0;11714.141979;43.924470;1;145;0;145
drayage-25-23;0;11714.141979;42.862104;1;137;0;137
drayage-25-27;0;26785.797043;43.727905;1;61;0;61
drayage-25-32;0;32519.997253;42.366841;1;66;0;66
ds-big;0;86.820068;30.669231;1;8613;27;8640
ds;0;57.234565;33.463549;1;1143;8;1151
dws008-01;0;708.876687;16.484655;2;69;0;69
dws008-03;0;713.120881;8.976636;2;139;2;141
dws012-01;0;3454.189654;25.988823;2;126;1;127
dws012-02;0;1587.939100;18.836864;2;239;3;242
dws012-03;0;1598.560608;20.577095;2;386;5;391
eil33-2;0;811.278996;3.615630;1;42;0;42
eilA101-2;0;803.373888;7.408683;1;1051;8;1059
eilB101;0;1075.247691;12.807028;1;23;0;23
eilC76-2;0;725.754458;7.780208;1;304;3;307
ej;0;1.000000;0.243844;1;0;0;0
elitserienhandball11i;0;0.000000;1421.352265;1;273;1;274
elitserienhandball13i;0;0.000000;1357.692232;1;298;1;299
elitserienhandball14i;0;0.000000;1543.757700;1;271;1;272
elitserienhandball3i;0;0.000000;1525.315516;1;295;1;296
enlight13;0;0.000000;0.500000;1;0;0;0
enlight15;0;0.000000;0.500000;1;0;0;0
enlight8;0;0.000000;0.500000;1;0;0;0
enlight_hard;0;0.000000;14.500000;1;0;0;0
eva1aprime5x5opt;0;-497.247729;1.038251;1;501;0;501
eva1aprime6x6opt;0;-495.492430;7.017665;1;1688;0;1688
ex10;0;100.000000;100.000000;1;16905;6;16911
ex1010-pi;0;314.000000;0.000000;3;732;4;736
ex9;0;81.000000;81.000000;1;1632;3;1635
exp-1-500-5-5;0;97666.305541;4.045842;2;2;0;2
f2000;0;1383.000000;1280.000000;2;3750;0;3750
f2gap201600;0;76429.862296;1.402159;1;4;0;4
f2gap401600;0;82274.237434;1.190020;1;5;0;5
f2gap40400;0;20650.898154;3.253580;1;1;0;1
f2gap801600;0;86570.120867;5.266841;1;5;0;5
fast0507;0;221.000000;-0.000000;3;579;13;592
fastxgemm-n2r6s0t2;0;27.000000;9.000000;1;35;0;35
fastxgemm-n2r7s4t1;0;27.000000;9.000000;1;37;0;37
fastxgemm-n3r21s3t6;0;84.000000;27.000000;1;2436;0;2436
fastxgemm-n3r22s4t6;0;84.000000;27.000000;1;2688;0;2688
fastxgemm-n3r23s5t6;0;84.000000;27.000000;1;2668;0;2668
fhnw-binpack4-48;0;0.000000;333.285714;2;129;0;129
fhnw-binpack4-58;0;0.000000;467.321429;2;136;1;137
fhnw-binpack4-77;0;0.000000;207.310714;2;116;0;116
fhnw-binschedule0;0;12632.888779;685.581929;3;11336;42;11378
fhnw-binschedule2;0;1706.886254;169.991138;3;183;4;187
fhnw-schedule-paira100;0;-36.643681;5.147307;2;132;0;132
fhnw-schedule-paira200;0;-73.826479;8.938667;2;281;3;284
fhnw-schedule-paira400;0;-146.941079;19.264310;2;1531;13;1544
fhnw-schedule-pairb200;0;-73.826479;516.184695;2;1238;7;1245
fhnw-schedule-pairb400;0;-146.941079;2338.646383;2;7387;23;7410
fhnw-sq2;0;0.000000;15.502573;1;5;0;5
fiball;0;137.069168;72.208175;1;118;1;119
fiber;0;1023943.760000;9.839127;2;3;0;3
fillomino7x7-0i;0;0.000000;0.000000;1;29;0;29
fixnet6;0;12170.000000;-0.000000;2;1;0;1
fjspeasy01i;0;216.000000;0.000000;1;36;0;36
flugpl;0;1167185.725592;3.538918;1;0;0;0
g200x740;0;45614.000000;-0.000000;2;2;0;2
g200x740i;0;44069.000000;-0.000000;2;2;0;2
gasprod1-1;0;4539.907530;51.519800;7885;852;6750;7602
gasprod1-2;0;1691.141291;51.497411;6853;590;4751;5341
gasprod1-3;0;3682.336923;49.221179;8368;539;6127;6666
gasprod2-1;0;1306101.609201;404.201103;19;1667;16;1683
gasprod2-2;0;1330631.091637;502.800224;36;1852;28;1880
gen-ip002;0;-511.036897;0.000000;3;0;0;0
gen-ip016;0;-9505.628173;1.906914;1;0;0;0
gen-ip021;0;6642.052620;2.217259;4;0;0;0
gen-ip036;0;-2162.833562;0.000000;3;0;0;0
gen-ip054;0;16786.476526;1.032398;5;0;0;0
gen;0;112130.040664;7.929263;1;3;0;3
genus-g31-8;0;-27.000000;94.724138;2;1059;3;1062
genus-g61-25;0;-58.000000;242.754550;1;839;2;841
genus-sym-g31-8;0;-27.000000;154.805251;2;3886;3;3889
genus-sym-g62-2;0;-54.000000;256.205696;2;24706;3;24709
genus-sym-grafo5708-48;0;-27.000000;115.405493;1;1210;0;1210
ger50-17-ptp-pop-3t;0;3466.324873;45.213645;1;111;0;111
ger50-17-ptp-pop-6t;0;6804.447088;50.477969;1;94;0;94
ger50-17-trans-dfn-3t;0;3453.475245;37.741927;1;167;1;168
ger50-17-trans-pop-3t;0;3456.252922;49.487013;1;173;1;174
ger50_17_trans;0;6850.628623;48.226110;1;151;1;152
germanrr;0;46672614.461982;53.234848;4;682;8;690
germany50-DBM;0;438028.000000;23.400000;1;132;0;132
germany50-UUM;0;597932.500000;24.400000;1;37;0;37
gesa2-o;0;25748173.191117;13.380406;2;5;0;5
gesa2;0;25477017.874283;13.267370;2;7;0;7
gfd-schedulen180f7d50m30k18-16i;0;18.000000;107.002753;2;5887;160;6047
gfd-schedulen180f7d50m30k18;0;1.000000;5037.697107;2;3596;23;3619
gfd-schedulen25f5d20m10k3i;0;3.000000;13.619895;2;63;2;65
gfd-schedulen55f2d50m30k3i;0;3.000000;27.695911;2;145;5;150
ghoulomb4-9-10i;0;9.000000;0.000000;1;61;1;62
glass-sc;0;23.000000;0.000000;3;125;1;126
glass4;0;800002400.000000;2.059524;1;1;0;1
gmu-35-40;0;-2400283.756506;1.911023;2;10;0;10
gmu-35-50;0;-2606307.146543;3.420099;2;22;0;22
gmut-75-50;0;-14182312.661731;4.988967;2;610;13;623
gmut-76-40;0;-14171086.316075;9.054451;2;213;4;217
gmut-76-50;0;-14173884.188063;4.201959;2;458;12;470
gmut-77-40;0;-14173396.636852;2.973250;2;220;4;224
go19;0;96.000000;-0.000000;3;5;0;5
gr4x6;0;229.050000;-0.000000;2;0;0;0
graph20-20-1rand;0;-37.000000;48.000000;1;42;0;42
graph20-80-1rand;0;-117.000000;142.000000;1;1600;1;1601
graph40-20-1rand;0;-157.000000;181.500000;1;4165;3;4168
graph40-40-1rand;0;-300.000000;341.969290;1;93057;10;93067
graphdraw-domain;0;12672.000000;21.206816;1;3;0;3
graphdraw-gemcutter;0;4310.000000;10.986111;1;1;0;1
graphdraw-grafo2;0;35762.000000;326.358342;1;835;3;838
graphdraw-mainerd;0;30496.000000;107.642303;2;80;0;80
graphdraw-opmanager;0;54717.000000;173.389041;1;419;1;420
gsvm2rl11;0;35640.343493;0.000000;2;353;0;353
gsvm2rl12;0;50.000000;-0.000000;2;661;0;661
gsvm2rl3;0;0.600000;-0.000000;2;3;0;3
gsvm2rl5;0;10.000000;-0.000000;2;8;0;8
gsvm2rl9;0;16356.825869;0.000000;2;57;0;57
gt2;0;13460.233074;0.728107;1;0;0;0
h50x2450;0;11147.731511;3.696751;1;28;0;28
h80x6320;0;3700.000000;0.000000;1;27;0;27
h80x6320d;0;5325.160104;2.515625;1;47;0;47
hanoi5;0;1926.000000;328.000000;5;172;1;173
haprp;0;3665963.213506;96.940858;1;4;0;4
harp2;0;-74353341.502300;5.485338;1;6;0;6
hgms-det;0;-53824.391476;32.676364;1;208;0;208
hgms30;0;-53349.215497;60.694272;1;9381;0;9381
hgms62;0;-53416.649907;61.317531;1;26618;0;26618
hypothyroid-k1;0;-2902.852586;39.591978;1;7810;2;7812
ic97_potential;0;4077.000000;55.066667;2;4;0;4
ic97_tension;0;3911.000000;15.366667;2;2;0;2
icir97_potential;0;6587.000000;169.250000;2;42;0;42
icir97_tension;0;6302.000000;97.366667;2;4;0;4
iis-100-0-cov;0;41.000000;0.000000;3;98;0;98
iis-bupa-cov;0;49.000000;-0.000000;3;155;1;156
iis-glass-cov;0;28.000000;0.000000;3;131;1;132
iis-hc-cov;0;22.000000;0.000000;3;205;3;208
iis-pima-cov;0;41.000000;-0.000000;3;244;1;245
irp;0;12123.530222;6.000000;1;93;1;94
istanbul-no-cutoff;0;51.110000;3.607411;1;431;0;431
ivu06-big;0;135.427718;95.799872;1;55422;188;55610
ivu06;0;135.901353;97.120377;1;15477;63;15540
ivu52;0;480.250438;82.244023;1;7271;16;7287
ivu59;0;884.456993;122.994949;1;109158;243;109401
janos-us-DDM;0;1488134.750000;22.375000;1;7;0;7
k16x240;0;11359.000000;0.000000;2;0;0;0
k16x240b;0;12874.000000;0.000000;2;0;0;0
k1mushroom;0;-4165.061224;43.877551;1;17123;7;17130
k1mushroomi;0;-4208.000000;0.000000;1;189;7;196
khb05250;0;126785464.000000;0.000000;2;1;0;1
l2p12;0;2.000000;1073.407198;1;353;0;353
l2p1i;0;1.000000;526.902668;1;892;16;908
l2p2i;0;1.000000;375.079280;1;56;1;57
lectsched-1-obj;0;0.000000;5.942424;3;246;9;255
lectsched-1;0;0.000000;3.125758;3;204;9;213
lectsched-2;0;0.000000;17.414394;3;129;5;134
lectsched-3;0;0.000000;21.056818;4;217;10;227
lectsched-4-obj;0;0.000000;15.216667;3;67;2;69
lectsched-5-obj;0;0.000000;4.092424;3;195;7;202
leo1;0;6964178576.159993;0.000000;2;83;1;84
leo2;0;7067212476.319995;0.000000;3;198;5;203
liu;0;346.000000;8.863619;3;8;0;8
loopha13;0;6.279000;1.102160;2;249;1;250
lotsize;0;1335747.052789;7.754078;2;7;0;7
lr1dr02vc05v8a-t360;0;120706.326475;174.298112;1;931;0;931
lr1dr04vc05v17a-t360;0;247111.692480;335.090553;1;1758;2;1760
lr1dr12vc10v70b-t360;0;983950.247945;1069.593454;1;44323;12;44335
lr2-22dr3-333vc4v17a-t60;0;-72838.215835;239.748662;2;35347;9;35356
lrn;0;42701141.648089;65.099086;2;505;0;505
m100n500k4r1;0;-18.000000;0.000000;3;8;0;8
macrophage;0;0.000000;339.000000;1;35;0;35
mad;0;0.000000;2.744433;1;1;0;1
manna81;0;-11868.000000;0.000000;3;40;0;40
map06;0;-406.181173;7.868443;1;2654;1;2655
map10;0;-602.176181;11.248146;1;2681;1;2682
map14;0;-778.549324;11.962355;1;2276;1;2277
map14860-20;0;-998.836419;10.400693;1;2743;1;2744
map16715-04;0;-296.267898;4.997036;1;2354;1;2355
map18;0;-932.782685;11.173489;1;2322;1;2323
map20;0;-998.836419;10.400693;1;2778;1;2779
mappingmesh3x3mpeg2i;0;87.555556;87.202393;1;39;0;39
mario-t-hard5i;0;-4482.000000;4.134921;1;1433;2;1435
markshare1;0;230.000000;0.000000;2;0;0;0
markshare2;0;167.000000;-0.000000;3;0;0;0
markshare_4_0;0;226.000000;0.000000;2;0;0;0
markshare_5_0;0;324.000000;0.000000;2;0;0;0
mas74;0;10482.795280;3.103514;1;1;0;1
mas76;0;38893.903641;2.555097;1;1;0;1
maxgasflow;0;-70929535.900000;625.438243;2;58;0;58
mc11;0;13509.000000;-0.000000;2;29;0;29
mc7;0;5796.000000;-0.000000;2;28;0;28
mc8;0;1929.000000;-0.000000;2;28;0;28
mcsched;0;193774.753707;340.221655;1;125;0;125
methanosarcina;0;0.000000;313.000000;1;103;0;103
mik-250-1-100-1;0;-0.000000;0.000000;2;2;0;2
mik-250-20-75-1;0;-0.000000;0.000000;2;3;0;3
mik-250-20-75-2;0;-0.000000;-0.000000;2;3;0;3
mik-250-20-75-3;0;-0.000000;-0.000000;2;3;0;3
mik-250-20-75-4;0;-0.000000;-0.000000;2;3;0;3
mik-250-20-75-5;0;0.000000;-0.000000;2;3;0;3
milo-v12-6-r1-58-1;0;410986.648167;146.256423;1;146;0;146
milo-v12-6-r1-75-1;0;669700.757896;230.843427;1;171;0;171
milo-v12-6-r2-40-1;0;205532.322265;93.667967;1;60;0;60
milo-v13-4-3d-3-0;0;23359.288017;1.476277;1;12;0;12
milo-v13-4-3d-4-0;0;34031.171805;2.550972;1;21;0;21
mine-166-5;0;-821763677.673139;187.331384;1;211;0;211
mine-90-10;0;-887165318.510226;202.375368;1;164;0;164
mining;0;-885962268.692866;8562.753844;62;105904;1694;107598
minutedispatchstrategy;0;1898.391429;412.137934;2;1278;2;1280
misc07;0;3065.000000;8.000000;3;2;0;2
mitre;0;114740.518481;224.156743;1;107;0;107
mkc;0;-581.850000;16.741625;3;37;0;37
mkc1;0;-611.850000;4.474982;3;34;0;34
mod010;0;6532.083333;14.166667;1;14;0;14
modglob;0;20786787.016883;-0.000000;2;2;0;2
moj-mining;0;-1520532907.350177;566.626558;12;45968;4;45972
momentum1;0;134660.011921;48.045264;2;1005;1;1006
momentum2;0;61266.821316;84.616225;3;713;2;715
momentum3;0;107721.824270;144.721031;3;8506;1;8507
mrcpspj30-15-5i;0;23.000000;93.580990;1;56;0;56
mrcpspj30-17-10i;0;25.000000;28.677778;2;47;1;48
mrcpspj30-53-3i;0;30.000000;45.456614;1;40;0;40
msc98-ip;0;19520966.151663;338.886443;3;4162;3;4165
mspp16;0;341.000000;1.241379;1;28030;137;28167
mspsphard01i;0;16.000000;0.000000;2;49;1;50
mspsphard03i;0;20.000000;0.000000;2;85;2;87
mtest4ma;0;60342.000000;0.000000;2;2;0;2
mushroom-best;0;0.000013;0.020200;1;248;1;249
mzzv11;0;-22556.460829;174.328454;2;420;1;421
mzzv42z;0;-18842.814586;198.473995;2;287;2;289
n13-3;0;14401970.000000;-0.000000;2;28;0;28
n15-3;0;71710891.000000;0.000000;2;3219;0;3219
n2seq36f;0;71600.000000;-0.000000;3;33;1;34
n2seq36q;0;78631.821523;37.583580;3;160;3;163
n3-3;0;24603430.000000;-0.000000;2;119;0;119
n3700;0;1342560.000000;0.000000;2;32;0;32
n3705;0;1342540.000000;0.000000;2;33;0;33
n3707;0;1301218.000000;0.000000;2;31;0;31
n3709;0;1324904.000000;-0.000000;2;31;0;31
n370a;0;1353042.000000;-0.000000;2;31;0;31
n370b;0;1373791.000000;-0.000000;2;31;0;31
n3div36;0;174200.000000;-0.000000;3;145;7;152
n3seq24;0;189433.068485;51.670786;3;2896;64;2960
n4-3;0;13501875.000000;-0.000000;2;62;0;62
n5-3;0;12301325.000000;-0.000000;2;15;0;15
n6-3;0;16502900.000000;-0.000000;2;37;0;37
n7-3;0;14704310.000000;-0.000000;2;40;0;40
n9-3;0;21603625.000000;-0.000000;2;151;0;151
nag;0;465.000000;14.526159;3;46;0;46
neos-1061020;0;-145860.370608;501.716216;1;953;1;954
neos-1067731;0;669053.000000;81.272727;1;511;0;511
neos-1109824;0;278.000000;22.000000;1;64;0;64
neos-1112782;0;22000000110147.347656;0.000000;2;21;0;21
neos-1112787;0;19500000125389.667969;0.000000;2;21;0;21
neos-1122047;0;161.000000;0.412190;2;468;0;468
neos-1171448;0;-309.000000;0.936995;2;80;0;80
neos-1171692;0;-273.000000;3.730892;2;41;0;41
neos-1171737;0;-195.000000;8.004699;2;41;0;41
neos-1225589;0;5000000000.000000;-0.000000;2;1;0;1
neos-1311124;0;-182.000000;5.000000;2;3;0;3
neos-1324574;0;4.500000;144.000000;1;43;0;43
neos-1330346;0;4.500000;76.500000;1;153;0;153
neos-1337307;0;-201272.000000;272.493985;2;56;0;56
neos-1354092;0;46.000000;238.398385;2;1041;2;1043
neos-1367061;0;32019318.370467;3.750000;2;1386;1;1387
neos-1396125;0;3000.053717;12.531496;2;9;0;9
neos-1420546;0;22124.400000;103.140678;1;385;0;385
neos-1420790;0;2942.750002;75.132359;1;49;0;49
neos-1423785;0;-1816.666667;311.971400;1;238;0;238
neos-1425699;0;3175204364.635297;5.264952;1;0;0;0
neos-1426635;0;-178.000000;6.429182;2;2;0;2
neos-1426662;0;-52.000000;10.501303;2;4;0;4
neos-1429212;0;30.000000;721.879477;1;5359;13;5372
neos-1430701;0;-78.000000;6.669599;2;2;0;2
neos-1436709;0;-129.000000;3.502607;2;3;0;3
neos-1440225;0;36.000000;33.724480;1;105;0;105
neos-1440460;0;-180.000000;4.859750;2;2;0;2
neos-1442119;0;-182.000000;2.580471;2;3;0;3
neos-1442657;0;-156.000000;4.002933;2;2;0;2
neos-1445532;0;-22860.000000;8.217460;2;91;0;91
neos-1445738;0;-24232.548846;16.302388;1;153;0;153
neos-1445743;0;-24579.832968;16.952539;1;154;0;154
neos-1445765;0;-24699.197660;17.625849;1;155;0;155
neos-1456979;0;154.000000;8.434222;1;44;0;44
neos-1516309;0;34769.833333;9.166667;2;30;0;30
neos-1582420;0;88.428075;56.693409;5;82;2;84
neos-1593097;0;4424.000000;55.795872;1;116;1;117
neos-1599274;0;32194.742857;6.464286;3;39;1;40
neos-1601936;0;1.000000;158.376054;1;1185;0;1185
neos-1603965;0;619244367.662955;0.000913;2;632;1;633
neos-1605061;0;6.150735;151.705349;1;2730;0;2730
neos-1605075;0;3.214461;172.430143;1;2370;0;2370
neos-1616732;0;174.000000;0.000000;3;6;0;6
neos-1620770;0;22.000000;35.000000;2;45;0;45
neos-2294525-abba;0;156.177251;19.424787;1;91;0;91
neos-2328163-agri;0;26069.000000;51.500000;1;73;0;73
neos-2624317-amur;0;0.000000;29.293934;2;3;0;3
neos-2629914-sudost;0;39622.000000;5.983409;1;217;0;217
neos-2652786-brda;0;0.000000;20.196086;2;2;0;2
neos-2657525-crna;0;0.000000;29.542619;2;2;0;2
neos-2669500-cust;0;2221.900000;230.198620;2;968;14;982
neos-2746589-doon;0;1985.750000;129.965898;2;306;7;313
neos-2974461-ibar;0;473452396.770997;3364.000000;2;218337;38;218375
neos-2978193-inde;0;-2.418518;7.400000;1;67;0;67
neos-2978205-isar;0;-12.415307;30.200000;1;220;0;220
neos-2987202-jeir;0;-1847551552.236608;1035.632796;13;66123;8;66131
neos-2987310-joes;0;-610797465.676974;19.875000;21;1326;5;1331
neos-2991472-kalu;0;457.286985;4.008344;5;4219;282;4501
neos-3004026-krka;0;0.000000;832.000000;1;55;0;55
neos-3009394-lami;0;0.642857;216.628571;1;4;0;4
neos-3024952-loue;0;22882.000000;103.300000;1;243;0;243
neos-3025225-shelon;0;0.052574;323.690533;1;98132;47;98179
neos-3046601-motu;0;185.000000;0.449200;1;1;0;1
neos-3046615-murg;0;192.000000;0.345800;1;1;0;1
neos-3048764-nadi;0;-3883988306.366695;0.000000;2;44;0;44
neos-3065804-namu;0;0.000000;0.000000;1;205;0;205
neos-3068746-nene;0;77427529.530929;55.412658;2;130;0;130
neos-3072252-nete;0;10593526.000000;1.938794;2;1;0;1
neos-3075395-nile;0;54.924463;0.000480;1;162;0;162
neos-3083784-nive;0;0.000000;12.000000;1;27;0;27
neos-3083819-nubu;0;6290575.552807;13.541087;1;49;0;49
neos-3116779-oban;0;1359.000000;0.000000;2;22;0;22
neos-3118745-obra;0;321.000000;-0.000000;3;3;0;3
neos-3148108-pahi;0;0.000000;0.000000;1;268;2;270
neos-3209462-rhin;0;0.000000;49.451220;2;4079;1;4080
neos-3209519-ruhr;0;332.850000;25.900482;1;55;0;55
neos-3214367-sovi;0;87802.732596;100.370721;1;2768;0;2768
neos-3216931-puriri;0;58817.353066;51.872979;1;1157;0;1157
neos-3226448-wkra;0;0.000000;512.043709;1;839;0;839
neos-3237086-abava;0;0.000000;96.000000;2;274;5;279
neos-3322547-alsek;0;616.000000;115.178534;2;10447;68;10515
neos-3352863-ancoa;0;84919300.000000;-0.000000;2;767;22;789
neos-3354841-apure;0;48447.926267;4.235023;1;2774;32;2806
neos-3355120-tarago;0;-20453473.616781;80.899969;1;686;2;688
neos-3355323-arnon;0;0.000000;21.818182;4;97;4;101
neos-3372571-onahau;0;0.576990;8.695953;2;1499;0;1499
neos-3373491-avoca;0;21687686014.015358;26.555947;1;7;0;7
neos-3381206-awhea;0;432.000000;61.334767;2;5;0;5
neos-3402294-bobin;0;0.000000;31.847179;2;1062;20;1082
neos-3426085-ticino;0;235.000000;41.787470;3;35;0;35
neos-3426132-dieze;0;427.000000;103.670666;2;54;0;54
neos-3437289-erdre;0;0.000000;0.000000;1;83;1;84
neos-3530903-gauja;0;170.000000;33.253136;3;4;0;4
neos-3530905-gaula;0;153.000000;29.042208;2;4;0;4
neos-3555904-turama;0;-41.450000;24.388889;2;929;13;942
neos-3572885-glina;0;0.000000;0.000000;1;417;4;421
neos-3581454-haast;0;1640.000000;52.000000;1;107;0;107
neos-3592146-hawea;0;7237144.855333;13.694653;1;43;0;43
neos-3594536-henty;0;383205.000000;2498.000000;1;152;1;153
neos-3603137-hoteo;0;0.000000;33.083333;3;48;1;49
neos-3610040-iskar;0;100.000000;0.000000;2;3;0;3
neos-3610051-istra;0;100.000000;0.000000;2;9;0;9
neos-3610173-itata;0;289.000000;-0.000000;2;7;0;7
neos-3611447-jijia;0;310.000000;-0.000000;2;3;0;3
neos-3611689-kaihu;0;322.000000;-0.000000;2;3;0;3
neos-3615091-sutlej;0;-1506391.117177;170.000000;1;1845;10;1855
neos-3627168-kasai;0;1589229.400000;0.000000;2;3;0;3
neos-3634244-kauru;0;0.000000;152.720000;1;4487;8;4495
neos-3636886-kereu;0;4092.957540;0.000020;2;53;1;54
neos-3656078-kumeu;0;-18774.700000;91.708421;2;191;1;192
neos-3660371-kurow;0;286.534383;18.669345;1;35;0;35
neos-3661949-lesse;0;688975700.000000;0.000260;2;60;0;60
neos-3665875-lesum;0;248.325000;39.028367;3;74;0;74
neos-3682128-sandon;0;79915933.274829;141.641588;2;263;0;263
neos-3691541-lonja;0;-0.079271;1.305745;2;42;0;42
neos-3695882-vesdre;0;-145935.214286;38.934758;1;502;3;505
neos-3696678-lyvia;0;5.751893;310.554171;2;47;0;47
neos-3699377-maori;0;135877.224265;88.231293;2;102;0;102
neos-3703351-marne;0;317056.210386;69.800933;2;53;0;53
neos-3740487-motru;0;152.145486;83.106404;2;41079;68;41147
neos-3754480-nidda;0;-1216923.270104;12.186832;1;3;0;3
neos-3755335-nizao;0;50.030157;75.009695;2;538;1;539
neos-3759587-noosa;0;48.334468;2.610000;2;334;1;335
neos-3761878-oglio;0;422769.022545;78.194778;2;45;0;45
neos-3762025-ognon;0;603955.746492;54.883004;2;76;0;76
neos-4165869-wannon;0;282.410166;124.185195;3;525;5;530
neos-4230265-orari;0;10055874880.871296;2982.245145;241;4182;158;4340
neos-4260495-otere;0;3336.109119;669.742339;2;888;16;904
neos-4264598-oueme;0;4322420611.771976;2932.943948;241;3600;185;3785
neos-4285819-pedja;0;9.198008;667.947302;2;126202;83;126285
neos-4290317-perth;0;6352398.055740;0.000000;2;621;1;622
neos-4292145-piako;0;303343868.774658;3216.581456;241;3473;155;3628
neos-4295773-pissa;0;0.000000;3220.505376;1;5609;5;5614
neos-4300652-rahue;0;0.000000;49.333333;2;643;2;645
neos-4306827-ravan;0;-35696.901913;2170.794876;5;746;33;779
neos-4321076-ruwer;0;1880.558333;39.333333;1;15685;1;15686
neos-4322846-ryton;0;0.419848;25.715394;1;527;5;532
neos-4332801-seret;0;222328.384492;6081.508223;3;123090;2804;125894
neos-4332810-sesia;0;-33455.127882;4082.272110;11;107842;8675;116517
neos-4333464-siret;0;24.731464;0.125000;2;57;0;57
neos-4333596-skien;0;-14653956.914930;0.180763;1;14;0;14
neos-4335793-snake;0;0.000000;300.868689;2;1093;2;1095
neos-4338804-snowy;0;1447.000000;0.268400;3;7;0;7
neos-4343293-stony;0;51.627360;0.500000;2;74;0;74
neos-4355351-swalm;0;33.822611;0.094819;2;152;3;155
neos-4358725-tagus;0;6199.400001;198.082841;73;628;20;648
neos-4359986-taipa;0;0.296593;39.115369;1;1023;1;1024
neos-4360552-sangro;0;-29.500000;600.333144;1;8345;1;8346
neos-4387871-tavua;0;36.445048;0.200000;2;60;0;60
neos-4391920-timok;0;0.000009;37.747142;1;6920;5;6925
neos-4393408-tinui;0;340.267489;0.200000;2;45;0;45
neos-4408804-prosna;0;914.483516;66.321429;1;2773;2;2775
neos-4409277-trave;0;0.000000;347.723278;1;2121;1;2122
neos-4413714-turia;0;43.474651;377.046713;1;1908;11;1919
neos-4532248-waihi;0;0.000000;23.666667;1;714;5;719
neos-4533806-waima;0;3063.318841;99.000000;2;1356;17;1373
neos-4545615-waita;0;3606.594190;108.263827;2;15433;133;15566
neos-4555749-wards;0;3026.812121;69.872917;2;1244;19;1263
neos-4562542-watut;0;3743.304348;85.428571;2;3524;24;3548
neos-4647027-thurso;0;26911.641616;127.083433;1;2440;0;2440
neos-4647030-tutaki;0;26911.641616;130.175014;1;2800;0;2800
neos-4647032-veleka;0;26587.908699;174.815461;1;3812;0;3812
neos-4650160-yukon;0;-22688.547680;228.864000;1;4;0;4
neos-4722843-widden;0;1841.255082;1452.768981;2;376;7;383
neos-4724674-aorere;0;3758.753179;59.078997;3;491;12;503
neos-4736745-arroux;0;653873224.676537;1.560199;2;50;0;50
neos-4738912-atrato;0;617323325.173629;52.400465;2;48;0;48
neos-4754521-awarau;0;0.000000;0.000000;5;1175;34;1209
neos-4760493-puerua;0;1908.243695;237.071976;1;33800;3;33803
neos-476283;0;406.244708;4.622056;2;4427;0;4427
neos-4763324-toguru;0;1120.986062;232.945926;1;40159;2;40161
neos-4797081-pakoka;0;0.000000;843.653470;1;5251;2;5253
neos-4805882-barwon;0;4638.072751;212.668151;2;239;2;241
neos-480878;0;515.138796;1.008444;2;17;0;17
neos-4954274-beardy;0;18659.208282;301.285291;2;900;2;902
neos-4954672-berkel;0;3733961.000000;4.007059;2;3;0;3
neos-4966258-blicks;0;354.545455;449.406152;3;1509;4;1513
neos-4971100-bodrog;0;0.000000;-0.000000;2;77;0;77
neos-4972437-bojana;0;355.557128;28.473103;2;5629;4;5633
neos-4972461-bolong;0;465.045599;64.589276;2;6030;4;6034
neos-4976951-bunnoo;0;375.694372;28.497892;2;6212;4;6216
neos-4984115-canche;0;-10414620.716097;6.967648;1;17411;0;17411
neos-498623;0;16.000000;42.880487;1;122;0;122
neos-5013590-toitoi;0;1064.447092;169.000000;1;11597;1;11598
neos-5018451-chiese;0;-149772385.216405;18.530618;1;65025;1;65026
neos-503737;0;50.000000;47.555718;1;34;0;34
neos-5041822-cockle;0;5696053.417116;2.418448;3;2645;26;2671
neos-5044663-wairoa;0;4653100.000000;520.323884;1;21758;2;21760
neos-5045105-creuse;0;19.066672;20.054760;1;79;0;79
neos-5049753-cuanza;0;464.000000;69.600000;3;2564;6;2570
neos-5051588-culgoa;0;128.750000;30.228278;1;100;0;100
neos-5052403-cygnet;0;218.201738;85.626509;5;37642;119;37761
neos-506422;0;0.000000;6.525000;1;49;0;49
neos-506428;0;145945.000000;95.648936;1;541;2;543
neos-5075914-elvire;0;277.341888;1.833786;2;73;0;73
neos-5076235-embley;0;1930.000000;0.115385;2;800;0;800
neos-5078479-escaut;0;7280.474567;0.468116;2;46;0;46
neos-5079731-flyers;0;2004.000000;1.087912;2;826;0;826
neos-5083528-gimone;0;0.000000;20.875000;1;260;3;263
neos-5093327-huahum;0;3934.000000;1.841667;2;744;0;744
neos-5100895-inster;0;2084.000000;3.582418;2;552;0;552
neos-5102383-irwell;0;1740.000000;2.483516;2;900;0;900
neos-5104907-jarama;0;639.917149;48.321066;2;9104;5;9109
neos-5106984-jizera;0;721.000000;3.500000;2;3725;7;3732
neos-5107597-kakapo;0;0.000000;0.591250;2;48;0;48
neos-5108386-kalang;0;620.501637;51.720269;2;14545;8;14553
neos-5114902-kasavu;0;518.000000;146.666667;3;12675;13;12688
neos-5115478-kaveri;0;0.000000;0.529375;2;47;0;47
neos-5116085-kenana;0;452.000000;134.000000;3;5629;11;5640
neos-5118834-korana;0;569.216333;121.981431;2;9854;6;9860
neos-5118851-kowhai;0;1134.000000;5.840000;2;5496;8;5504
neos-5123665-limmat;0;652.427430;76.174025;2;18434;8;18442
neos-5125849-lopori;0;0.000000;51.956886;1;39;0;39
neos-5129192-manaia;0;0.000000;4.888889;1;4342;15;4357
neos-5138690-middle;0;605.364996;105.521522;2;16706;7;16713
neos-5140963-mincio;0;8877.000000;2.142857;1;1;0;1
neos-5149806-wieprz;0;0.027694;5.467711;3;395;10;405
neos-5151569-mologa;0;692042188.905220;27.702234;2;2231;2;2233
neos-5178119-nalagi;0;8.569859;18.677141;2;70;1;71
neos-5182409-nasivi;0;0.000000;18.744405;1;7;0;7
neos-5188808-nattai;0;0.000000;14.000000;1;321;0;321
neos-5189128-totara;0;330131.390743;21.863581;1;988;2;990
neos-5192052-neckar;0;-11980000.000000;0.333333;3;0;0;0
neos-5193246-nerang;0;0.000000;682.884923;1;1011;1;1012
neos-5195221-niemur;0;0.000000;693.911578;1;797;1;798
neos-5196530-nuhaka;0;0.000000;717.082935;1;609;1;610
neos-520729;0;-1391291.666667;11.576667;1;559;1;560
neos-5221106-oparau;0;0.000000;63.787338;1;261;1;262
neos-5223573-tarwin;0;0.105800;0.258185;1;16673;3;16676
neos-5251015-ogosta;0;0.105800;0.226665;1;12833;2;12835
neos-525149;0;60.000000;11.200000;1;278;5;283
neos-5260764-orauea;0;58748.022532;10.633838;1;66;0;66
neos-5261882-treska;0;22721.328000;8.134322;1;14;0;14
neos-5266653-tugela;0;20969.906674;15.508215;1;145;1;146
neos-5273874-yomtsa;0;0.000000;0.215200;1;17048;2;17050
neos-555001;0;910619.201473;185.329242;1;44;0;44
neos-555343;0;1241512.549440;273.503416;1;38;0;38
neos-555424;0;1196312.549440;237.883186;1;37;0;37
neos-555884;0;1026121.836055;271.320900;1;44;0;44
neos-565672;0;43884.639336;63.466320;4;16464;24;16488
neos-574665;0;4948073.456141;10.746401;1;40;0;40
neos-578379;0;0.000000;133.932682;1;1281;1;1282
neos-585192;0;-1999690.155301;98.986618;2;205;0;205
neos-585467;0;-1999711.795869;82.239088;2;23;0;23
neos-595904;0;61134.474995;16.114622;2;63;0;63
neos-619167;0;1.481241;35.779031;1;106;0;106
neos-631517;0;6494999.999936;63.264599;1;9;0;9
neos-631710;0;509.000000;180.857887;2;6328;19;6347
neos-633273;0;4678552871.152559;377.739286;1;250;0;250
neos-662469;0;184340.629649;94.654114;1;516;2;518
neos-686190;0;5134.813830;17.515957;1;148;0;148
neos-691058;0;234.000000;83.448532;1;200;0;200
neos-693347;0;234.000000;76.436508;1;608;0;608
neos-738098;0;-1099.000000;218.517759;1;130;0;130
neos-777800;0;-80.000000;63.202189;1;42;0;42
neos-780889;0;3421500.000000;0.000000;1;605;9;614
neos-787933;0;300.000000;-0.000000;3;217;28;245
neos-799711;0;-11228065.153797;0.983265;1;1070;0;1070
neos-799716;0;4932670.661692;0.587130;1;139;0;139
neos-807639;0;492.688889;1.370370;2;9;0;9
neos-820879;0;24874.267857;62.867619;1;94;0;94
neos-824661;0;51.000000;60.642857;2;244;1;245
neos-824695;0;42.000000;33.800000;3;94;1;95
neos-826224;0;130.000000;70.000000;3;200;3;203
neos-826650;0;32.000000;109.347222;2;40;0;40
neos-826694;0;75.000000;92.333333;2;83;1;84
neos-826812;0;70.011000;151.137255;3;120;1;121
neos-826841;0;32.008200;110.679849;2;39;0;39
neos-827015;0;2.098071;332.649497;1;1701;3;1704
neos-827175;0;116.001520;83.555556;2;164;1;165
neos-829552;0;2.098071;250.649497;1;1591;1;1592
neos-831188;0;1.767720;215.733333;1;72;0;72
neos-847302;0;0.000000;52.501540;1;63;0;63
neos-848198;0;168781.000000;-0.000000;2;150;0;150
neos-848589;0;0.000000;0.075873;1;1400;1;1401
neos-849702;0;0.000000;90.561492;1;21;0;21
neos-850681;0;2087.000000;47.991071;1;83;0;83
neos-860300;0;1666.068586;9.000000;1;57;1;58
neos-872648;0;52.570282;0.000000;2;1126;7;1133
neos-873061;0;152.530404;-0.000000;2;1089;7;1096
neos-876808;0;10030.533833;255.649605;3;5929;17;5946
neos-885086;0;-243.000000;13.945733;2;176;0;176
neos-885524;0;11771.555290;9.581376;2;158;9;167
neos-911880;0;23.260000;16.065242;1;2;0;2
neos-911970;0;23.260000;17.457173;1;2;0;2
neos-913984;0;1000.000000;33.372450;1;143;4;147
neos-914441;0;5660364.283770;78.177859;1;1661;1;1662
neos-916792;0;26.203596;16.641224;2;88;0;88
neos-932721;0;509030.000000;-0.000000;3;112;4;116
neos-932816;0;507025.000000;0.000000;2;227;7;234
neos-933562;0;0.000000;237.810567;1;61;0;61
neos-933638;0;410039.000000;-0.000000;2;212;4;216
neos-933966;0;414037.000000;0.000000;2;163;4;167
neos-934278;0;446011.000000;-0.000000;2;302;3;305
neos-935234;0;422081.000000;-0.000000;2;338;1;339
neos-935627;0;23430.000000;-0.000000;2;363;1;364
neos-935769;0;23430.000000;-0.000000;2;381;1;382
neos-937511;0;52830.000000;0.000000;2;444;1;445
neos-937815;0;53700.000000;-0.000000;2;507;1;508
neos-941262;0;52113.000000;0.000000;2;354;1;355
neos-941313;0;9361.000000;305.563636;1;543;8;551
neos-942830;0;12.000000;65.468960;1;28;0;28
neos-948126;0;51842.000000;-0.000000;2;382;1;383
neos-948346;0;-208.675026;5.578968;5;576;22;598
neos-950242;0;2.000000;94.000000;2;131;1;132
neos-953928;0;-99.806667;0.000000;3;236;5;241
neos-954925;0;-220.766667;0.253965;5;1097;32;1129
neos-956971;0;-230.740000;2.884533;4;779;18;797
neos-957143;0;-205.296379;49.220165;4;549;18;567
neos-957323;0;-206.808469;21.862876;3;357;13;370
neos-957389;0;1.500000;33.433333;1;113;2;115
neos-960392;0;-238.000000;280.998182;1;316;3;319
neos-983171;0;52602.000000;0.000000;2;554;1;555
neos-984165;0;52002.000000;0.000000;2;845;1;846
neos13;0;-126.178378;33.143487;3;272;0;272
neos15;0;144796.909577;0.000000;2;2;0;2
neos16;0;429.000000;11.142857;2;4;0;4
neos17;0;0.222688;0.000000;2;7;0;7
neos18;0;11.000000;64.750000;3;72;1;73
neos2;0;-4717.666848;6.724359;1;8;0;8
neos22;0;413700.000000;227.000000;1;33;0;33
neos5;0;17.250000;0.000000;2;1;0;1
neos6;0;110.989760;27.902196;4;110;7;117
neos8;0;-2885.143864;21.860834;3;828;7;835
neos808444;0;0.000000;246.264287;1;346;2;348
neos9;0;780.000000;44.250000;1;424;1;425
net12;0;47.514236;132.660069;3;1425;1;1426
netdiversion;0;454.800000;783.800000;2;8121;12;8133
newdano;0;11.724138;8.447296;1;3;0;3
nexp-150-20-1-5;0;84.000000;0.000000;2;36;0;36
nexp-150-20-8-5;0;656.000000;-0.000000;2;86;1;87
nexp-50-20-1-1;0;34.000000;-0.000000;2;1;0;1
nexp-50-20-4-2;0;120.000000;0.000000;2;3;0;3
nh97_potential;0;1462.000000;74.900000;2;6;0;6
nh97_tension;0;1438.000000;81.583333;2;3;0;3
nj1;0;0.000000;607.000000;1;525;1;526
nj2;0;0.000000;607.000000;1;726;1;727
nj3;0;0.000000;607.000000;1;68488;1;68489
nobel-eu-DBE;0;7285051.500000;1.398889;2;99;0;99
noswot;0;-9.000000;0.000000;2;0;0;0
ns1111636;0;96.250000;19.250000;1;608;1;609
ns1116954;0;0.000000;161.808346;1;1045;1;1046
ns1208400;0;0.000000;82.641509;1;61;0;61
ns1430538;0;73.621609;10.390804;1;535;0;535
ns1456591;0;361.939022;19.000000;1;118;1;119
ns1606230;0;13.225000;182.892472;1;1742;0;1742
ns1631475;0;817.193748;716.662243;1;1303;1;1304
ns1663818;0;1.000000;9.141146;1;5854;88;5942
ns1679495;0;3337055.001914;100.246101;2;50338;12;50350
ns1685374;0;-51.800913;96.218654;1;51795;1;51796
ns1688347;0;2.000000;8.278489;1;55;0;55
ns1690781;0;-1022.785697;17.664172;2;199;0;199
ns1696083;0;2.000000;13.288374;1;172;1;173
ns1758913;0;-1501.183256;125.476622;1;9317;6;9323
ns1760995;0;-1379.173237;142.000000;1;20957;9;20966
ns1778858;0;-22635740.000000;227.465047;2;297;0;297
ns1828997;0;0.000000;75.000000;2;867;4;871
ns1830653;0;6153.000000;57.514255;1;147;0;147
ns1849932;0;546.000000;5.620915;1;1075;6;1081
ns1853823;0;1172000.000000;1386.000000;2;51320;32;51352
ns1854840;0;143199999999.999939;1139.473260;2;7013;16;7029
ns1856153;0;0.000000;255.683145;1;183;1;184
ns1904248;0;0.000000;854.146124;14;2595;37;2632
ns1905797;0;11.750980;19.650000;1;207;1;208
ns1905800;0;6.436600;16.364665;1;42;0;42
ns1952667;0;0.000000;9.995738;1;222;2;224
ns2017839;0;77026281754033.437500;1.017799;2;8057;0;8057
ns2034125;0;0.000000;802.127535;2;2064;1;2065
ns2071214;0;0.000000;12.477000;1;128;0;128
ns2081729;0;4.600000;0.926000;2;4;0;4
ns2122698;0;62785.622771;194.641858;1;618;1;619
ns2124243;0;53998.333333;195.416667;1;500;1;501
ns2137859;0;24629.000000;42.075016;1;816;7;823
ns4-pr3;0;36073.000000;12.000000;1;108;0;108
ns4-pr6;0;29145.750000;8.875000;1;42;0;42
ns4-pr9;0;35175.000000;8.500000;1;87;0;87
ns894236;0;18.000000;200.447471;2;456;1;457
ns894244;0;16.000000;346.579338;2;1367;2;1369
ns894786;0;14.000000;209.541645;2;1631;3;1634
ns894788;0;7.000000;91.946694;2;171;0;171
ns903616;0;22.000000;385.982498;2;1176;2;1178
nsa;0;91.447940;7.482504;1;8;0;8
nsr8k;0;17500809.511815;639.929911;1;9171;3;9174
nsrand-ipx;0;754880.000000;0.000000;2;65;2;67
nu120-pr12;0;38070.000000;13.695833;1;40;0;40
nu120-pr3;0;21306.442308;42.751022;1;102;0;102
nu120-pr9;0;19062.500000;28.652083;1;75;0;75
nu25-pr12;0;52757.500000;11.900000;1;45;0;45
nu4-pr9;0;35175.000000;18.213333;1;74;0;74
nu60-pr9;0;22850.000000;28.383333;1;85;0;85
nucorsav;0;29.046100;81.089972;2;59930;275;60205
nursesched-medium-hint03;0;33.468485;460.316255;1;1385;4;1389
nursesched-medium04;0;366.000000;231.738095;2;1004;9;1013
nursesched-sprint-hidden09;0;580.911765;177.875000;2;334;3;337
nursesched-sprint-late03;0;34.254806;178.177416;1;388;1;389
nursesched-sprint02;0;96.416667;144.916667;2;223;3;226
nw04;0;16310.666667;2.000000;1;243;6;249
ofi;0;6131846109.620631;1781.999298;471;9933;552;10485
ofi2;0;6124829152.731160;3158.688481;471;6873;699;7572
oocsp-racks030e6cci;0;0.000000;0.000000;1;225;2;227
opm2-z10-s2;0;-19912.000000;-0.000000;4;23674;10;23684
opm2-z10-s4;0;-17801.000000;-0.000000;4;24342;12;24354
opm2-z11-s8;0;-24040.000000;0.000000;4;54680;13;54693
opm2-z12-s14;0;-39815.000000;-0.000000;6;117039;29;117068
opm2-z12-s7;0;-39769.000000;-0.000000;5;113600;25;113625
opm2-z12-s8;0;-34893.000000;-0.000000;5;107389;25;107414
opm2-z6-s1;0;-2356.000000;-0.000000;3;316;1;317
opm2-z7-s2;0;-7132.000000;-0.000000;4;860;2;862
opm2-z7-s8;0;-6856.000000;-0.000000;4;778;2;780
opm2-z8-s0;0;-8004.000000;0.000000;3;3733;3;3736
opt1217;0;-20.021390;8.225490;1;1;0;1
osorio-cta;0;0.000000;0.000035;1;63;0;63
p0201;0;6875.000000;20.000000;1;1;0;1
p100x588b;0;58977.000000;0.000000;2;1;0;1
p200x1188c;0;15747.000000;0.000000;2;1;0;1
p2756;0;2718.000000;2.359254;3;5;0;5
p500x2988;0;72594.000000;0.000000;2;27;0;27
p500x2988c;0;17212.000000;-0.000000;2;27;0;27
p500x2988d;0;6.000000;0.000000;2;27;0;27
p6b;0;-53.000000;0.000000;3;41;0;41
p80x400b;0;45896.000000;-0.000000;2;1;0;1
pb-fit2d;0;-22372.476239;842.898884;1;6994;11;7005
pb-gfrd-pnc;0;8316.011268;30.700616;1;130;1;131
pb-grow22;0;-449681.200587;122.632175;1;405;1;406
pb-market-split8-70-4;0;0.000000;2.197219;1;0;0;0
pb-simp-nonunif;0;6.000000;513.500000;2;3741;54;3795
peg-solitaire-a3;0;1.000000;289.311002;1;342;0;342
pg;0;-11098.657382;17.215049;2;4;0;4
pg5_34;0;-16012.248077;18.476238;2;6;0;6
physiciansched3-3;0;2432694.766159;1286.212272;17;53950;113;54063
physiciansched3-4;0;1124678.224456;1159.305049;3;38411;19;38430
physiciansched5-3;0;5180.000000;1105.727341;3;1533;3;1536
physiciansched6-1;0;7500.000000;666.252778;2;633;13;646
physiciansched6-2;0;43012.500000;698.196528;2;667;13;680
pigeon-08;0;-8000.000000;8.259740;2;2;0;2
pigeon-10;0;-10000.000000;13.559596;2;2;0;2
pigeon-11;0;-11000.000000;16.690909;2;3;0;3
pigeon-12;0;-12000.000000;21.818182;2;3;0;3
pigeon-13;0;-13000.000000;24.000000;2;5;0;5
pigeon-16;0;-16000.000000;74.018182;2;7;0;7
pigeon-19;0;-19000.000000;59.036364;2;34;0;34
pigeon-20;0;-20000.000000;62.509091;2;33;0;33
piperout-03;0;68814.997590;437.705308;6;334;3;337
piperout-08;0;99128.924471;555.254611;38;515;25;540
piperout-27;0;6970.000000;1154.464464;12;603;8;611
piperout-d20;0;25533.842105;676.796097;2;1223;2;1225
piperout-d27;0;7083.116279;1022.542306;2;1619;2;1621
pk1;0;0.000000;2.782038;1;0;0;0
polygonpack3-15;0;-96519350.409320;29.662451;3;1351;6;1357
polygonpack4-10;0;-93676953.470100;19.421532;3;400;3;403
polygonpack4-15;0;-114052801.790860;41.802079;3;1348;6;1354
polygonpack4-7;0;-75324958.874200;9.351219;3;217;1;218
polygonpack5-15;0;-42382234.503540;22.715348;3;1786;7;1793
pp08a;0;15000.000000;-0.000000;2;0;0;0
pp08aCUTS;0;16630.402442;0.000000;2;2;0;2
probportfolio;0;5.000000;16.022687;2;3;0;3
prod1;0;-100.000000;6.724950;2;1;0;1
prod2;0;-100.000000;4.433874;2;2;0;2
proteindesign121hz512p19;0;3197.772133;67.382130;1;17208;138;17346
proteindesign121hz512p9;0;1423.904449;61.920249;1;762;10;772
proteindesign121pgb11p9;0;1173.710433;49.777201;1;593;8;601
proteindesign122trx11p8;0;1720.461105;46.268597;1;626;8;634
protfold;0;0.000000;35.000000;2;19;0;19
pw-myciel4;0;0.000000;55.252164;11;39;1;40
pythago7824;0;0.000000;582.666667;6;850;3;853
pythago7825;0;0.000000;592.222222;8;851;4;855
qap10;0;332.566228;55.000000;1;417;0;417
qiu;0;1805.177143;0.000000;2;6;0;6
qnet1;0;109077.650000;7.221868;2;22;0;22
qnet1_o;0;108535.940000;-0.000000;2;9;0;9
queens-30;0;-30.000000;0.000000;3;238;2;240
r4l4-02-tree-bounds-50;0;510876207.000000;651.016667;2;53;0;53
r50x360;0;2016.000000;-0.000000;2;1;0;1
r80x800;0;5520.000000;-0.000000;2;1;0;1
radiationm18-12-05;0;17554.500000;195.797325;1;244;1;245
radiationm40-10-02;0;155306.700000;932.506000;1;1178;6;1184
rail01;0;-92.087300;2556.210517;1;11372;6;11378
rail02;0;-206.610200;2995.655556;1;130417;14;130431
rail03;0;-920.273762;12424.501007;1;163313;38;163351
rail507;0;216.000000;0.000000;3;721;16;737
railway_8_1_0;0;397.000000;56.575553;3;12;0;12
ramos3;0;440.000000;-0.000000;3;1458;0;1458
ran12x21;0;4080.000000;0.000000;2;0;0;0
ran13x13;0;3521.000000;0.000000;2;0;0;0
ran14x18-disj-8;0;12451.012696;0.000000;2;20;0;20
ran14x18;0;4265.000000;0.000000;2;0;0;0
ran16x16;0;4333.000000;0.000000;2;0;0;0
rd-rplusc-21;0;100.000000;4.122871;1;520;1;521
reblock115;0;-39365983.337347;271.565472;1;176;0;176
reblock166;0;-886882876.965829;382.279623;1;533;0;533
reblock354;0;-39640995.765204;569.832903;3;847;1;848
reblock420;0;-886535897.522137;986.979676;1;2451;0;2451
reblock67;0;-39339910.923037;159.950504;1;57;0;57
rfds-4-days;0;-1158940.978167;54.200000;1;70339;29;70368
rlp1;0;13.244444;9.961905;1;1;0;1
rmatr100-p10;0;360.593308;9.692735;1;193;0;193
rmatr100-p5;0;762.040054;5.000000;1;493;0;493
rmatr200-p10;0;1550.620783;10.000000;1;10656;0;10656
rmatr200-p20;0;688.357943;19.982266;1;4695;0;4695
rmatr200-p5;0;3283.653831;5.000000;1;11008;0;11008
rmine10;0;-1926.821009;886.351115;2;4021;2;4023
rmine11;0;-2511.986814;1275.572328;14;11151;20;11171
rmine13;0;-3504.619914;1108.274293;2;47260;6;47266
rmine14;0;-4308.869811;2215.505904;7;93407;29;93436
rmine15;0;-5041.420189;4256.942532;4;178741;20;178761
rmine6;0;-436.021627;48.709031;12;137;1;138
rocI-3-11;0;-111086.671772;561.026391;1;44;0;44
rocI-4-11;0;-11111086.671772;777.743465;1;64;0;64
rocII-10-11;0;-11.974865;294.327643;1;478;2;480
rocII-4-11;0;-11.937162;82.500000;1;141;0;141
rocII-5-11;0;-11.949730;122.235744;1;183;1;184
rocII-7-11;0;-11.964093;214.470392;1;353;2;355
rocII-8-11;0;-11.968581;241.290622;1;498;1;499
rocII-9-11;0;-11.972072;280.930540;1;428;2;430
rococoB10-011000;0;8350.199468;49.840978;1;108;0;108
rococoC10-001000;0;7515.271029;14.905897;1;57;0;57
rococoC11-010100;0;8773.206543;49.895810;1;151;0;151
rococoC11-011100;0;9024.205406;56.603390;1;110;0;110
rococoC12-010001;0;26787.292147;50.829414;1;197;1;198
rococoC12-111000;0;27337.357381;53.501346;1;252;0;252
roi2alpha3n4;0;-80.526722;7.807845;2;662;9;671
roi5alpha10n8;0;-87.787142;16.000000;2;2098;32;2130
roll3000;0;11097.127677;46.776510;3;35;0;35
rout;0;981.864286;9.898077;1;1;0;1
rpp22falsei;0;0.000000;0.000000;2;43;1;44
rvb-sub;0;11.206514;4.571429;1;681;6;687
s100;0;-0.171097;43.317795;2;25858;34;25892
s1234;0;0.361925;1.578294;6;1648;2;1650
s250r10;0;-0.167732;144.624718;2;10589;29;10618
s55;0;-22.151773;0.000000;1;1898;4;1902
s82;0;-33.833613;710.326157;2;195759;166;195925
satellites1-25;0;-20.000000;56.544916;1;246;0;246
satellites2-25;0;-30.000000;407.221093;1;23928;2;23930
satellites2-40;0;-30.000000;67.162241;1;12934;3;12937
satellites2-60-fs;0;-30.000000;516.985048;1;2599;1;2600
satellites2-60;0;-30.000000;87.159446;1;4446;2;4448
satellites3-25;0;-39.000000;972.947677;1;212544;6;212550
satellites3-40-fs;0;-39.000000;958.442288;1;28291;4;28295
satellites3-40;0;-39.000000;977.959854;1;213393;6;213399
savsched1;0;31758.726989;0.000000;3;116654;55;116709
scpj4scip;0;183.000000;-0.000000;3;1261;26;1287
scpk4;0;389.000000;0.000000;3;2586;25;2611
scpl4;0;360.000000;-0.000000;3;4642;53;4695
scpm1;0;774.000000;0.000000;3;45796;138;45934
scpn2;0;741.000000;0.000000;3;72208;279;72487
sct1;0;-218.139003;92.140138;1;1443;0;1443
sct2;0;-231.116964;17.274400;1;59;0;59
sct31;0;-31.962662;30.130308;1;166;0;166
sct32;0;-62.990833;53.144038;1;655;0;655
sct5;0;-228.176552;31.034278;3;276;4;280
seqsolve1;0;4379.032014;371.073706;19;4151;168;4319
seqsolve2short4288;0;0.000000;430.323729;4;3286;41;3327
seqsolve3short4288excess384;0;-46401.234768;425.509375;7;12891;63;12954
set1ch;0;110241.500000;-0.000000;2;1;0;1
set3-09;0;1263.077974;49.748593;3;46;0;46
set3-10;0;788.890655;50.612990;3;35;0;35
set3-15;0;8364.040745;53.876403;3;38;0;38
set3-16;0;9916.808562;58.149187;3;40;0;40
set3-20;0;10347.381087;53.849605;3;41;0;41
seymour-disj-10;0;320.000002;0.000002;3;1775;1;1776
seymour;0;454.000000;-0.000000;3;242;1;243
seymour1;0;422.819841;-0.000000;3;246;0;246
shiftreg1-4;0;131.656032;300.178571;1;47;0;47
shiftreg2-7;0;206.733052;241.553825;1;75;0;75
shiftreg5-1;0;520.839888;728.895607;1;336;0;336
shipsched;0;0.000000;2.147365;5;127;3;130
shipschedule3shipsi;0;-265650.000000;0.000000;1;33;0;33
shipschedule6shipsmixi;0;-301650.000000;0.000000;1;70;0;70
shipschedule8shipsmixuci;0;-401100.000000;0.000000;1;71;1;72
shs1014;0;22137.410363;389.865942;1;182216;20;182236
shs1042;0;9455.525826;684.883411;1;68927;20;68947
siena1;0;10163179.229002;146.859338;1;1796;2;1798
sing11;0;18640171.224643;331.879469;1;8087;7;8094
sing161;0;19071259.113927;996.464534;1;65910;39;65949
sing17;0;35483848.876514;554.751047;1;29719;23;29742
sing2;0;17150914.716940;252.506822;1;1590;1;1591
sing245;0;25024015.754083;519.079791;1;12021;11;12032
sing326;0;7717674.801189;203.886687;1;2879;2;2881
sing359;0;22534478.962498;1259.613224;1;83648;33;83681
sing44;0;8102513.219400;177.330369;1;3377;3;3380
sing5;0;18418516.013137;272.410096;1;3552;7;3559
snip10x10-35r1budget17;0;30.000000;2.700000;2;465;1;466
snp-02-004-104;0;548044802.975090;10.217187;2;4356;0;4356
snp-04-052-052;0;728196432.049806;735.582559;2;3894;2;3896
snp-06-004-052;0;1787138156.580973;33.734354;2;6316;1;6317
snp-10-004-052;0;5842625068.205259;48.106063;2;14571;1;14572
snp-10-052-052;0;5842626434.046261;1694.316668;2;16123;5;16128
sorrell3;0;-11.000000;0.000000;3;728;8;736
sorrell4;0;-16.000000;0.000000;3;2873;34;2907
sorrell7;0;-138.000000;0.000000;3;369;4;373
sorrell8;0;-259.000000;0.000000;3;69;1;70
sp150x300d;0;71.000000;0.000000;2;0;0;0
sp97ar;0;807607302.399999;1.342794;4;479;6;485
sp97ic;0;597287696.727546;1.277104;3;383;6;389
sp98ar;0;642003743.188383;1.613817;16;593;45;638
sp98ic;0;633805370.656431;1.781976;4;401;8;409
sp98ir;0;265679354.122102;8.206982;4;64;1;65
splice1k1;0;-1646.777979;8.512635;1;17030;8;17038
splice1k1i;0;-1654.000000;0.000000;1;194;7;201
square23;0;8.333333;12.444444;1;137;3;140
square31;0;8.500000;13.750000;1;811;18;829
square37;0;8.666667;13.666667;1;2284;40;2324
square41;0;8.839612;15.068891;1;4101;52;4153
square47;0;8.755814;15.976744;1;6585;102;6687
stoch-vrpvrp-s5v2c8vrp-v2c8i;0;0.000000;114.363636;19;34;2;36
stockholm;0;173.000000;-0.000000;2;489;0;489
stp3d;0;604.886283;537.229946;2;25563;18;25581
sts405;0;357.000000;0.000000;2;521;1;522
sts729;0;665.000000;0.000000;2;3122;4;3126
supportcase1;0;20078.000000;0.020624;2;288;4;292
supportcase10;0;3.383924;2427.713951;2;9098;6;9104
supportcase11;0;-25.979452;762069.000000;2;296995;835;297830
supportcase12;0;-7609.533054;54.777672;1;1783;2;1785
supportcase14;0;272.000000;9.894737;2;4;0;4
supportcase16;0;272.000000;9.000000;2;2;0;2
supportcase17;0;0.000000;45.488491;2;10;0;10
supportcase18;0;87.000000;9.141806;2;57;1;58
supportcase19;0;12677206.000000;370.390975;1;26516;63;26579
supportcase2;0;0.000000;7.750000;1;10063;58;10121
supportcase20;0;2442.144012;4.882860;1;17;0;17
supportcase23;0;-12952.000000;674.436182;1;1663;0;1663
supportcase25;0;0.036932;11.225052;1;104;0;104
supportcase26;0;1288.102161;0.009948;2;1;0;1
supportcase27i;0;0.000000;0.028235;1;1;0;1
supportcase3;0;0.000000;754.600046;3;233;1;234
supportcase30;0;0.000000;102.857020;1;63;0;63
supportcase31;0;-1614279.834398;0.000000;3;1842;71;1913
supportcase33;0;-463.421212;67.102214;2;426;3;429
supportcase34;0;72.664116;343.748454;1;1270;3;1273
supportcase35;0;77847.333333;96.000000;2;110;0;110
supportcase37;0;-5865.764096;28.040480;2;935;0;935
supportcase39;0;-1062330.369524;22.808785;5;136;8;144
supportcase4;0;0.000000;537.153071;3;170;0;170
supportcase40;0;22536.483379;19.000000;1;245;0;245
supportcase41;0;28.000000;27.337236;5;292;1;293
supportcase42;0;7.343539;48.081295;1;1580;2;1582
supportcase43;0;0.000000;48.147044;2;52233;3;52236
supportcase6;0;45090.732163;30.107438;1;1581;8;1589
supportcase7;0;-2396.218213;53.147310;2;1756;0;1756
swath;0;93009.624258;2.200000;2;42;0;42
swath1;0;31598.395258;0.600000;2;37;0;37
swath2;0;32714.963058;0.700000;2;35;0;35
swath3;0;37181.234258;0.800000;2;35;0;35
t1717;0;134531.021428;79.098998;1;311;5;316
t1722;0;98815.407611;52.399108;1;158;2;160
ta1-UUM;0;3693674.556772;4.190418;1;4;0;4
ta2-UUE;0;41427354.755773;0.680983;2;175;0;175
tanglegram1;0;0.000000;146.000000;1;234;2;236
tanglegram2;0;0.000000;74.000000;1;39;0;39
tanglegram4;0;0.000000;214.000000;1;800;3;803
tanglegram6;0;0.000000;100.000000;1;60;0;60
tbfp-bigm;0;-178.153988;30.000000;1;306;0;306
tbfp-network;0;23.261535;31.000000;1;943;3;946
Test3;0;2669532.692462;22.368722;2;237;3;240
thor50dday;0;204179.000000;-0.000000;2;224;3;227
timtab1;0;1234321.333333;18.450000;2;1;0;1
timtab1CUTS;0;613590.095426;35.885811;2;3;0;3
timtab2;0;1487304.333333;29.783333;2;1;0;1
tokyometro;0;11100.000000;244.805246;2;96;0;96
toll-like;0;0.000000;339.500000;1;41;0;41
tpl-tub-ss16;0;8052373.477492;2148.906605;2;90005;212;90217
tpl-tub-ws1617;0;10498468.058836;2262.455897;2;118863;272;119135
tr12-30;0;188435.464884;3.580258;2;2;0;2
traininstance2;0;0.000000;641.686234;2;55;0;55
traininstance6;0;0.000000;381.122112;2;42;0;42
transportmoment;0;-70929535815.380005;783.890174;2;208;0;208
trento1;0;5182758.848056;80.357739;1;555;0;555
triptim1;0;22.868087;2087.419346;1;9171;4;9175
triptim2;0;10.866359;801.595268;1;11890;3;11893
triptim3;0;13.511741;809.069096;1;10975;3;10978
triptim4;0;9.207022;591.583434;1;11540;3;11543
triptim7;0;2336.732602;590.375308;2;11920;6;11926
triptim8;0;2336.754853;583.672570;2;12333;6;12339
tw-myciel4;0;3.838028;122.191901;8;186;1;187
uc-case11;0;611267.013003;123.092075;1;2537;0;2537
uc-case3;0;7181.264177;95.341586;1;1942;0;1942
uccase10;0;38988.693469;403.985961;1;2553;1;2554
uccase12;0;11507.285324;38.320000;1;2066;1;2067
uccase7;0;26527.789654;162.379998;1;3579;0;3579
uccase8;0;11142.163196;63.982247;1;2668;0;2668
uccase9;0;10819.582997;76.021209;2;4591;1;4592
uct-subprob;0;242.000000;57.775663;1;47;0;47
umts;0;91618146.215272;77.667697;2;51;0;51
unitcal_7;0;19387712.348556;143.074673;2;1108;0;1108
usAbbrv-8-25_70;0;95.000000;138.522583;3;43;0;43
usafa;0;11.961749;2930.074494;2;49620;147;49767
v150d30-2hopcds;0;52.000000;-0.000000;3;114;2;116
van;0;1.723520;5.404444;1;3085;0;3085
var-smallemery-m6j6;0;-156.056268;90.190835;2;1342;11;1353
vpm2;0;13.372866;5.698001;2;1;0;1
vpphard;0;0.000000;128.390476;1;224;4;228
vpphard2;0;0.000000;224.687229;1;653;13;666
wachplan;0;-9.000000;59.344774;2;39;1;40
wnq-n100-mw99-14;0;198.394737;81.157895;3;5039;30;5069
xmas10-2;0;-548.904684;180.189643;1;234;0;234
xmas10;0;-449.063962;131.814139;7;247;0;247
z26;0;-967.000000;0.000000;3;2774;43;2817
zeil;0;813.510308;818.357568;2;83849;13;83862
zib54-UUE;0;19164366.000000;-0.000000;2;49;0;49
10teams;37029;917.000000;36.681642;1;33;0;33
22433;37029;21552.708079;24.962328;5;8;0;8
23588;37029;8342.863244;17.617619;4;4;0;4
2club200v15p5scn;37029;-96.055556;38.611111;7;120;4;124
30n20b8;37029;5530.000000;15.589981;2;105;1;106
30_70_45_05_100;37029;105.000000;-0.000000;5;812;2;814
30_70_45_095_100;37029;58.000000;-0.000000;5;769;2;771
30_70_45_095_98;37029;375.000000;-0.000000;6;862;4;866
50v-10;37029;1493601.476062;-0.000000;2;4;0;4
a1c1s1;37029;20912.873333;0.041667;2;32;0;32
a2c1s1;37029;20866.082500;0.000000;2;40;0;40
ab51-40-100;37029;-6461729251.000002;-0.000000;3;870;1;871
ab67-40-100;37029;-7069213255.999996;-0.000000;3;2619;1;2620
ab69-40-100;37029;-7004957456.999993;-0.000000;3;2041;1;2042
ab71-20-100;37029;-6510510462.000000;-0.000000;3;213;1;214
ab72-40-100;37029;-6898618453.000008;-0.000000;3;766;1;767
academictimetablebig;37029;57.000000;2027.119953;2;3231;20;3251
academictimetablesmall;37029;0.000000;327.222248;2;227;3;230
acc-tight2;37029;0.000000;129.034401;1;33;0;33
acc-tight4;37029;0.000000;133.878393;1;60;0;60
acc-tight5;37029;0.000000;121.269585;1;255;0;255
acc-tight6;37029;0.000000;120.058761;1;241;0;241
adult-max5features;37029;0.081316;0.266955;1;886;3;889
adult-regularized;37029;0.077684;0.234052;1;2059;3;2062
aflow30a;37029;983.167425;6.510845;1;5;0;5
aflow40b;37029;1005.664817;8.247724;1;19;0;19
air03;37029;338864.250000;11.875000;1;66;0;66
air04;37029;55535.436388;52.288553;1;229;0;229
air05;37029;25877.609268;46.215654;1;145;0;145
aligninq;37029;2755.000000;40.921868;7;15;0;15
allcolor10;37029;6.000000;755.781169;2;155;1;156
allcolor58;37029;42.000000;3660.566767;1;1256;5;1261
amaze22012-03-15i;37029;0.000000;0.000000;1;44;1;45
amaze22012-06-28i;37029;0.000000;0.000000;1;23;0;23
amaze22012-07-04i;37029;0.000000;0.000000;1;26;0;26
app1-1;37029;-2.000000;0.179678;3;61;0;61
app1-2;37029;-23.000000;0.000001;2;3812;1;3813
app2-1;37029;19298.500000;0.000000;2;35;0;35
app2-2;37029;219402.500000;0.000000;3;1;0;1
app3;37029;5627412.287938;3.142492;1;41;0;41
arki001;37029;7579599.807787;17.164714;1;32;0;32
assign1-10-4;37029;353.992926;52.000000;1;42;0;42
assign1-5-8;37029;183.362555;24.000000;1;2;0;2
atlanta-ip;37029;81.243206;325.689509;3;4387;10;4397
atm20-100;37029;2141734.684878;124.301066;2;86;0;86
australia-abs-cta;37029;0.000000;38.750723;1;96;0;96
b-ball;37029;-1.818182;4.818182;1;0;0;0
b1c1s1;37029;69966.450000;0.000000;2;33;0;33
b2c1s1;37029;70651.010000;0.000000;2;41;0;41
bab1;37029;-286923.824223;50.520000;1;256;5;261
bab2;37029;-353606.266494;534.575488;2;8522;27;8549
bab3;37029;-557391.946196;518.635380;2;31142;47;31189
bab5;37029;-111176.514726;175.635250;2;519;2;521
bab6;37029;-224575.783183;661.616846;2;6044;19;6063
bc;37029;13.063318;0.063318;2;101;0;101
bc1;37029;6.455580;0.016336;2;104;0;104
beasleyC1;37029;102.000000;0.000000;2;2;0;2
beasleyC2;37029;232.000000;0.000000;2;2;0;2
beasleyC3;37029;958.000000;-0.000000;2;3;0;3
beavma;37029;407840.400000;0.000000;3;1;0;1
berlin;37029;1741.000000;0.000000;2;28;0;28
berlin_5_8_0;37029;52.000000;64.959947;3;9;0;9
bg512142;37029;323992.007013;52.989642;3;28;0;28
biella1;37029;3060037.430763;98.771008;1;248;0;248
bienst1;37029;11.724138;4.390524;1;2;0;2
bienst2;37029;11.724138;5.390524;1;2;0;2
binkar10_1;37029;6637.188027;9.084811;1;8;0;8
blend2;37029;7.489992;0.492283;2;0;0;0
bley_xl1;37029;265.571332;336.926676;6;23245;24;23269
bley_xs1;37029;213538830.272187;107.270480;3;150;0;150
bley_xs1noM;37029;251120149.512445;78.388210;8;117;1;118
bley_xs2;37029;48593009.277766;66.021410;2;26;0;26
blp-ar98;37029;14303.194003;9.189386;9;106;17;123
blp-ic97;37029;6123.238237;3.473359;16;87;18;105
blp-ic98;37029;14141.050706;0.100000;4;245;24;269
blp-ir98;37029;5639.818879;2.497817;2;52;2;54
bmocbd;37029;-32041010095048.539062;0.000000;1;948;7;955
bmocbd2;37029;-31953009810558.203125;0.000000;1;1023;11;1034
bmocbd3;37029;45423160355.817528;0.000000;2;17508;11;17519
bmoipr2;37029;-46628940.711141;0.160693;3;82;1;83
bnatt350;37029;0.000000;91.914943;4;76;0;76
bnatt400;37029;0.000000;98.918149;7;70;1;71
bppc4-08;37029;51.590000;8.850948;1;18;0;18
bppc6-02;37029;108.340000;11.886994;1;142;0;142
bppc6-06;37029;200.633333;14.947367;1;168;0;168
bppc8-02;37029;486.500000;3.204377;1;1;0;1
bppc8-09;37029;444.436047;5.981230;1;4;0;4
brasil;37029;31819.000000;0.000000;2;28;0;28
brazil3;37029;2.000000;656.675844;1;1099;1;1100
breastcancer-regularized;37029;0.000460;0.002809;1;7;0;7
bts4-cta;37029;33524.637606;1130.000000;1;611;0;611
buildingenergy;37029;33246.215059;1468.850000;2;16129;4;16133
cap6000;37029;-2446875.000000;0.000000;3;43;1;44
cbs-cta;37029;0.000000;28.754656;1;128;0;128
cdc7-4-3-2;37029;-231.000000;-0.000000;3;37381;7;37388
chromaticindex1024-7;37029;4.000000;16002.682953;2;2516;11;2527
chromaticindex128-5;37029;4.000000;2021.163699;2;153;1;154
chromaticindex256-8;37029;4.000000;4069.477083;2;472;3;475
chromaticindex32-8;37029;4.000000;504.887500;2;22;0;22
chromaticindex512-7;37029;4.000000;8183.527137;2;1149;5;1154
ci-s4;37029;4.963809;19.526141;2;66;0;66
circ10-3;37029;140.000000;154.207692;1;179;1;180
cmflsp40-24-10-7;37029;52605868.952858;70.700930;3;361;0;361
cmflsp40-36-2-10;37029;72898024.959478;295.649246;3;904;0;904
cmflsp50-24-10-4;37029;64492612.641644;81.236085;3;344;0;344
cmflsp50-24-8-8;37029;59814378.749021;131.869460;3;344;0;344
cmflsp60-36-2-6;37029;97887903.946142;370.689759;3;1810;0;1810
CMS750_4;37029;250.000000;258.046726;3;113;1;114
co-100;37029;1250429.774879;9.799423;2;274;20;294
cod105;37029;-8.000000;0.000000;3;468;1;469
comp07-2idx;37029;0.000000;139.650000;2;1572;2;1574
comp08-2idx;37029;0.000000;183.178592;3;201;2;203
comp12-2idx;37029;11.000000;249.122949;3;1362;2;1364
comp16-3idx;37029;4.000000;722.299516;1;8119;2;8121
comp21-2idx;37029;0.000000;197.950000;2;949;1;950
control30-3-2-3;37029;-20763026.787568;27.970540;1;5;0;5
core2536-691;37029;797.000000;0.000000;3;1423;3;1426
core2586-950;37029;1164.000000;0.000000;3;871;3;874
core4284-1064;37029;1303.000000;0.000000;3;4744;5;4749
core4872-1529;37029;1837.000000;-0.000000;3;2799;5;2804
cost266-UUE;37029;42001606.280000;-0.000000;2;87;0;87
cov1075;37029;35.000000;0.000000;2;5;0;5
cryptanalysiskb128n5obj16;37029;0.000000;7174.215397;2;941;7;948
csched007;37029;269.251587;22.185714;1;37;0;37
csched008;37029;171.000000;19.809478;1;11;0;11
csched010;37029;332.422727;20.035354;1;33;0;33
cvrpa-n64k9vrpi;37029;0.000000;211.276596;1;363;3;366
cvrpb-n45k5vrpi;37029;0.000000;153.312977;1;166;1;167
cvrpp-n16k8vrpi;37029;0.000000;50.625000;1;31;0;31
cvrpsimple2i;37029;0.000000;25.800000;1;2;0;2
cvs08r139-94;37029;-24.000000;-0.000000;3;14;0;14
cvs16r106-72;37029;-10.000000;-0.000000;3;32;0;32
cvs16r128-89;37029;-11.000000;0.000000;3;35;0;35
cvs16r70-62;37029;-5.000000;-0.000000;3;30;0;30
cvs16r89-60;37029;-7.000000;0.000000;3;30;0;30
d10200;37029;12425.583005;34.236879;1;48;0;48
d20200;37029;12229.625788;62.339279;1;303;0;303
dale-cta;37029;0.000000;0.004730;1;275;0;275
dano3mip;37029;576.231620;15.294513;1;1744;0;1744
dano3_3;37029;576.231620;1.932181;1;1799;0;1799
dano3_5;37029;576.231620;2.871834;1;1661;0;1661
danoint;37029;62.637280;5.819184;1;15;0;15
dc1c;37029;1754946.863638;139.779852;1;283;0;283
dc1l;37029;203610672.021484;-0.000000;3;1323;17;1340
dcmulti;37029;184858.396836;12.823814;3;3;0;3
decomp1;37029;-120.000000;98.888889;1;47;0;47
decomp2;37029;-160.000000;93.138889;1;53;0;53
dfn-bwin-DBE;37029;797567.400000;-0.000000;2;36;0;36
dfn-gwin-UUM;37029;27467.257235;5.653537;1;1;0;1
dg012142;37029;5895516.340434;39.442147;5;193;0;193
diameterc-mstc-v20a190d5i;37029;291.000000;62.000000;1;37;0;37
diameterc-msts-v40a100d5i;37029;324.000000;100.621212;1;33;0;33
disctom;37029;-5000.000000;51.166667;1;214;0;214
disktom;37029;-5000.000000;51.166667;1;208;0;208
dolom1;37029;6556066.068315;110.720910;1;470;1;471
drayage-100-12;37029;21458.311901;43.599962;1;59;0;59
drayage-100-23;37029;11714.141979;43.327810;1;135;0;135
drayage-25-23;37029;11714.141979;42.142735;1;144;0;144
drayage-25-27;37029;26785.797043;43.712602;1;57;0;57
drayage-25-32;37029;32519.997253;43.268141;1;62;0;62
ds-big;37029;86.820068;30.669231;1;8268;24;8292
ds;37029;57.234565;33.463549;1;1051;8;1059
dws008-01;37029;708.876687;16.484655;2;72;0;72
dws008-03;37029;716.047081;7.806469;2;150;2;152
dws012-01;37029;3473.575073;26.230322;2;142;1;143
dws012-02;37029;2128.039491;19.344808;2;251;3;254
dws012-03;37029;2125.884828;18.678617;2;364;4;368
eil33-2;37029;811.278996;3.615630;1;40;0;40
eilA101-2;37029;803.373888;7.408683;1;959;7;966
eilB101;37029;1075.247691;12.807028;1;22;0;22
eilC76-2;37029;725.754458;7.780208;1;322;2;324
ej;37029;1.000000;0.243844;1;0;0;0
elitserienhandball11i;37029;0.000000;1421.352265;1;288;1;289
elitserienhandball13i;37029;0.000000;1357.692232;1;290;1;291
elitserienhandball14i;37029;0.000000;1543.757700;1;245;1;246
elitserienhandball3i;37029;0.000000;1525.315516;1;254;1;255
enlight13;37029;0.000000;0.500000;1;0;0;0
enlight15;37029;0.000000;0.500000;1;0;0;0
enlight8;37029;0.000000;0.500000;1;0;0;0
enlight_hard;37029;0.000000;14.500000;1;0;0;0
eva1aprime5x5opt;37029;-497.247729;0.844656;1;422;0;422
eva1aprime6x6opt;37029;-495.492430;7.714269;1;2008;0;2008
ex10;37029;100.000000;100.000000;1;17196;7;17203
ex1010-pi;37029;314.000000;-0.000000;3;711;4;715
ex9;37029;81.000000;81.000000;1;1734;3;1737
exp-1-500-5-5;37029;97666.305541;4.045842;2;2;0;2
f2000;37029;1383.000000;1280.000000;2;3545;0;3545
f2gap201600;37029;76429.862296;1.402159;1;3;0;3
f2gap401600;37029;82274.237434;1.190020;1;3;0;3
f2gap40400;37029;20650.898154;3.253580;1;1;0;1
f2gap801600;37029;86570.120867;5.266841;1;5;0;5
fast0507;37029;221.000000;-0.000000;3;567;10;577
fastxgemm-n2r6s0t2;37029;27.000000;9.000000;1;30;0;30
fastxgemm-n2r7s4t1;37029;27.000000;9.000000;1;32;0;32
fastxgemm-n3r21s3t6;37029;84.000000;27.000000;1;2360;0;2360
fastxgemm-n3r22s4t6;37029;84.000000;27.000000;1;2653;0;2653
fastxgemm-n3r23s5t6;37029;84.000000;27.000000;1;2591;0;2591
fhnw-binpack4-48;37029;0.000000;333.285714;2;132;0;132
fhnw-binpack4-58;37029;0.000000;467.321429;2;137;1;138
fhnw-binpack4-77;37029;0.000000;207.310714;2;107;0;107
fhnw-binschedule0;37029;12632.888779;685.581929;3;11277;39;11316
fhnw-binschedule2;37029;1706.886254;185.026392;3;186;3;189
fhnw-schedule-paira100;37029;-36.643681;5.147307;2;126;0;126
fhnw-schedule-paira200;37029;-73.826479;8.938667;2;279;2;281
fhnw-schedule-paira400;37029;-146.941079;19.264310;2;1435;10;1445
fhnw-schedule-pairb200;37029;-73.826479;516.184695;2;1102;6;1108
fhnw-schedule-pairb400;37029;-146.941079;2338.646383;2;7148;24;7172
fhnw-sq2;37029;0.000000;14.298419;1;4;0;4
fiball;37029;137.069168;82.028566;1;136;1;137
fiber;37029;1023943.760000;9.839127;2;3;0;3
fillomino7x7-0i;37029;0.000000;0.000000;1;30;0;30
fixnet6;37029;12170.000000;-0.000000;2;1;0;1
fjspeasy01i;37029;216.000000;0.000000;1;44;0;44
flugpl;37029;1167185.725592;3.538918;1;0;0;0
g200x740;37029;45614.000000;-0.000000;2;2;0;2
g200x740i;37029;44069.000000;-0.000000;2;2;0;2
gasprod1-1;37029;4539.907530;51.519800;7885;772;6460;7232
gasprod1-2;37029;1691.141291;51.497411;6853;574;4663;5237
gasprod1-3;37029;3682.336923;49.221179;8368;540;5866;6406
gasprod2-1;37029;1306101.609201;404.201103;19;1773;17;1790
gasprod2-2;37029;1330631.091637;502.800224;36;1715;33;1748
gen-ip002;37029;-511.036897;0.000000;3;0;0;0
gen-ip016;37029;-9505.628173;1.906914;1;0;0;0
gen-ip021;37029;6642.052620;2.217259;4;0;0;0
gen-ip036;37029;-2162.833562;0.000000;3;0;0;0
gen-ip054;37029;16786.476526;1.032398;5;0;0;0
gen;37029;112130.040664;7.929263;1;3;0;3
genus-g31-8;37029;-27.000000;83.000000;1;1087;1;1088
genus-g61-25;37029;-58.000000;249.312678;1;681;2;683
genus-sym-g31-8;37029;-27.000000;154.805251;2;3947;3;3950
genus-sym-g62-2;37029;-54.000000;251.108763;2;22550;3;22553
genus-sym-grafo5708-48;37029;-27.000000;115.061005;1;1397;0;1397
ger50-17-ptp-pop-3t;37029;3466.324873;45.213645;1;98;0;98
ger50-17-ptp-pop-6t;37029;6804.447088;50.477969;1;97;0;97
ger50-17-trans-dfn-3t;37029;3453.475245;37.741927;1;175;1;176
ger50-17-trans-pop-3t;37029;3456.252922;49.487013;1;166;2;168
ger50_17_trans;37029;6850.628623;48.226110;1;168;1;169
germanrr;37029;46445702.956442;53.468182;2;799;5;804
germany50-DBM;37029;438028.000000;23.400000;1;139;0;139
germany50-UUM;37029;597932.500000;24.400000;1;39;0;39
gesa2-o;37029;25748173.191117;13.380406;2;5;0;5
gesa2;37029;25477017.874283;13.267370;2;8;0;8
gfd-schedulen180f7d50m30k18-16i;37029;18.000000;108.864749;1;5832;92;5924
gfd-schedulen180f7d50m30k18;37029;1.000000;4971.136881;2;3493;24;3517
gfd-schedulen25f5d20m10k3i;37029;3.000000;13.619895;1;67;1;68
gfd-schedulen55f2d50m30k3i;37029;3.000000;27.695911;1;164;2;166
ghoulomb4-9-10i;37029;9.000000;0.000000;1;64;1;65
glass-sc;37029;23.000000;0.000000;3;115;1;116
glass4;37029;800002400.000000;2.059524;1;1;0;1
gmu-35-40;37029;-2400283.756506;1.911023;2;9;0;9
gmu-35-50;37029;-2606307.146543;3.420099;2;20;0;20
gmut-75-50;37029;-14182312.661731;4.988967;1;613;6;619
gmut-76-40;37029;-14171086.316075;9.054451;1;226;1;227
gmut-76-50;37029;-14173884.188063;4.201959;1;460;4;464
gmut-77-40;37029;-14173396.636852;2.973250;1;233;1;234
go19;37029;96.000000;-0.000000;3;4;0;4
gr4x6;37029;229.050000;-0.000000;2;0;0;0
graph20-20-1rand;37029;-37.000000;48.500000;1;57;0;57
graph20-80-1rand;37029;-117.000000;142.000000;1;1750;1;1751
graph40-20-1rand;37029;-157.000000;183.500000;1;3916;3;3919
graph40-40-1rand;37029;-300.000000;327.000000;1;90678;9;90687
graphdraw-domain;37029;12672.000000;18.037296;1;2;0;2
graphdraw-gemcutter;37029;4310.000000;10.690226;1;1;0;1
graphdraw-grafo2;37029;35762.000000;325.965485;1;769;3;772
graphdraw-mainerd;37029;30496.000000;102.656285;1;78;0;78
graphdraw-opmanager;37029;54717.000000;178.181738;1;439;1;440
gsvm2rl11;37029;35640.343493;0.000000;2;343;0;343
gsvm2rl12;37029;50.000000;-0.000000;2;562;0;562
gsvm2rl3;37029;0.600000;-0.000000;2;3;0;3
gsvm2rl5;37029;10.000000;-0.000000;2;8;0;8
gsvm2rl9;37029;16356.825869;0.000000;2;57;0;57
gt2;37029;13460.233074;0.728107;1;0;0;0
h50x2450;37029;11147.731511;3.696751;1;32;0;32
h80x6320;37029;3700.000000;0.000000;1;24;0;24
h80x6320d;37029;5325.160104;2.515625;1;40;0;40
hanoi5;37029;1931.000000;324.000000;4;157;1;158
haprp;37029;3665963.213506;96.940858;1;5;0;5
harp2;37029;-74353341.502300;5.485338;1;7;0;7
hgms-det;37029;-53824.391476;32.676364;1;219;0;219
hgms30;37029;-53349.215497;60.694272;1;9372;0;9372
hgms62;37029;-53416.649907;61.317531;1;27241;0;27241
hypothyroid-k1;37029;-2902.852586;39.591978;1;7424;2;7426
ic97_potential;37029;4060.000000;54.466667;2;4;0;4
ic97_tension;37029;3911.000000;15.366667;2;2;0;2
icir97_potential;37029;6620.000000;169.333333;2;63;0;63
icir97_tension;37029;6302.000000;97.366667;2;4;0;4
iis-100-0-cov;37029;41.000000;0.000000;3;110;0;110
iis-bupa-cov;37029;49.000000;-0.000000;3;167;1;168
iis-glass-cov;37029;28.000000;0.000000;3;140;1;141
iis-hc-cov;37029;22.000000;0.000000;3;195;3;198
iis-pima-cov;37029;41.000000;-0.000000;3;228;1;229
irp;37029;12123.530222;6.000000;1;83;1;84
istanbul-no-cutoff;37029;51.110000;3.607411;1;402;0;402
ivu06-big;37029;135.427718;95.799872;1;55601;177;55778
ivu06;37029;135.901353;97.120377;1;15356;55;15411
ivu52;37029;480.250439;83.130280;1;7184;15;7199
ivu59;37029;884.456993;122.834601;1;108091;228;108319
janos-us-DDM;37029;1488134.750000;22.375000;1;5;0;5
k16x240;37029;11359.000000;0.000000;2;1;0;1
k16x240b;37029;12874.000000;0.000000;2;0;0;0
k1mushroom;37029;-4165.061224;43.877551;1;16851;7;16858
k1mushroomi;37029;-4208.000000;0.000000;1;187;6;193
khb05250;37029;126785464.000000;0.000000;2;2;0;2
l2p12;37029;2.000000;1084.341227;1;363;0;363
l2p1i;37029;1.000000;186.848182;1;843;16;859
l2p2i;37029;1.000000;9.888081;1;60;1;61
lectsched-1-obj;37029;0.000000;5.975758;2;234;6;240
lectsched-1;37029;0.000000;3.151515;2;207;6;213
lectsched-2;37029;0.000000;17.328030;5;117;8;125
lectsched-3;37029;0.000000;25.257576;6;202;13;215
lectsched-4-obj;37029;0.000000;12.074242;4;58;2;60
lectsched-5-obj;37029;0.000000;4.117424;2;191;4;195
leo1;37029;1181219706.240000;-0.000000;3;75;2;77
leo2;37029;1344214233.440000;0.000000;3;195;4;199
liu;37029;346.000000;10.938399;2;6;0;6
loopha13;37029;6.279000;1.102160;2;199;1;200
lotsize;37029;1335747.052789;7.405615;2;6;0;6
lr1dr02vc05v8a-t360;37029;120706.326475;174.298112;1;900;1;901
lr1dr04vc05v17a-t360;37029;247111.692480;335.090553;1;1757;2;1759
lr1dr12vc10v70b-t360;37029;983950.247945;1069.593454;1;43146;11;43157
lr2-22dr3-333vc4v17a-t60;37029;-72838.215835;239.748662;2;36931;8;36939
lrn;37029;42701141.648089;65.099086;2;467;0;467
m100n500k4r1;37029;-17.000000;-0.000000;3;6;0;6
macrophage;37029;0.000000;339.000000;1;33;0;33
mad;37029;0.000000;3.084841;1;1;0;1
manna81;37029;-11868.000000;0.000000;3;36;0;36
map06;37029;-406.181173;7.868443;1;2238;1;2239
map10;37029;-602.176181;11.248146;1;2392;1;2393
map14;37029;-778.549324;11.962355;1;2124;1;2125
map14860-20;37029;-998.836419;10.400693;1;2578;1;2579
map16715-04;37029;-296.267898;4.997036;1;2412;1;2413
map18;37029;-932.782685;11.173489;1;4195;1;4196
map20;37029;-998.836419;10.400693;1;2572;1;2573
mappingmesh3x3mpeg2i;37029;87.555556;87.202393;1;34;0;34
mario-t-hard5i;37029;-4482.000000;10.942559;1;1551;3;1554
markshare1;37029;230.000000;0.000000;2;0;0;0
markshare2;37029;454.000000;-0.000000;2;0;0;0
markshare_4_0;37029;226.000000;0.000000;2;0;0;0
markshare_5_0;37029;337.000000;0.000000;2;0;0;0
mas74;37029;10482.795280;3.103514;1;1;0;1
mas76;37029;38893.903641;2.555097;1;1;0;1
maxgasflow;37029;-70929535.900000;647.128713;2;57;0;57
mc11;37029;13509.000000;-0.000000;2;29;0;29
mc7;37029;5796.000000;-0.000000;2;31;0;31
mc8;37029;1929.000000;-0.000000;2;31;0;31
mcsched;37029;193774.753707;340.221655;1;134;0;134
methanosarcina;37029;0.000000;313.000000;1;104;0;104
mik-250-1-100-1;37029;-0.000000;0.000000;2;2;0;2
mik-250-20-75-1;37029;-0.000000;0.000000;2;3;0;3
mik-250-20-75-2;37029;-0.000000;-0.000000;2;3;0;3
mik-250-20-75-3;37029;-0.000000;-0.000000;2;3;0;3
mik-250-20-75-4;37029;-0.000000;-0.000000;2;3;0;3
mik-250-20-75-5;37029;0.000000;-0.000000;2;3;0;3
milo-v12-6-r1-58-1;37029;410986.648167;146.256423;1;160;0;160
milo-v12-6-r1-75-1;37029;669700.757896;230.843427;1;209;0;209
milo-v12-6-r2-40-1;37029;205532.322265;97.799498;1;73;0;73
milo-v13-4-3d-3-0;37029;23359.288017;1.476277;1;13;0;13
milo-v13-4-3d-4-0;37029;34031.171805;2.550972;1;22;0;22
mine-166-5;37029;-821763677.673139;187.331384;1;211;0;211
mine-90-10;37029;-887165318.510226;202.375368;1;168;0;168
mining;37029;-885962268.692866;8562.753844;62;108225;1683;109908
minutedispatchstrategy;37029;1898.391429;412.137934;2;1131;2;1133
misc07;37029;1415.000000;8.000000;1;2;0;2
mitre;37029;114740.518481;224.156743;1;101;0;101
mkc;37029;-581.850000;16.208843;3;29;0;29
mkc1;37029;-611.850000;3.942199;3;31;0;31
mod010;37029;6532.083333;14.166667;1;14;0;14
modglob;37029;20786787.016883;-0.000000;2;2;0;2
moj-mining;37029;-1520532907.350177;566.626558;2;46353;0;46353
momentum1;37029;134660.011921;48.045264;2;1004;0;1004
momentum2;37029;61266.821316;84.616225;3;738;2;740
momentum3;37029;107721.824270;144.721031;3;8340;1;8341
mrcpspj30-15-5i;37029;23.000000;136.179484;1;60;0;60
mrcpspj30-17-10i;37029;25.000000;28.677778;1;44;0;44
mrcpspj30-53-3i;37029;30.000000;39.081217;1;40;0;40
msc98-ip;37029;19520966.151663;338.886443;2;4365;2;4367
mspp16;37029;341.000000;1.241379;1;27237;156;27393
mspsphard01i;37029;16.000000;0.000000;1;46;0;46
mspsphard03i;37029;20.000000;0.000000;1;88;1;89
mtest4ma;37029;60342.000000;0.000000;2;1;0;1
mushroom-best;37029;0.000013;0.019200;1;354;1;355
mzzv11;37029;-22556.460829;174.328454;2;406;1;407
mzzv42z;37029;-18842.814586;198.473995;2;279;1;280
n13-3;37029;14401970.000000;-0.000000;2;30;0;30
n15-3;37029;71710891.000000;0.000000;2;3304;0;3304
n2seq36f;37029;71600.000000;-0.000000;3;35;1;36
n2seq36q;37029;101037.600000;28.840000;3;156;3;159
n3-3;37029;24003430.000000;0.000000;2;134;0;134
n3700;37029;1342560.000000;0.000000;2;27;0;27
n3705;37029;1342540.000000;0.000000;2;29;0;29
n3707;37029;1301218.000000;0.000000;2;28;0;28
n3709;37029;1324904.000000;-0.000000;2;29;0;29
n370a;37029;1353042.000000;-0.000000;2;30;0;30
n370b;37029;1373791.000000;-0.000000;2;30;0;30
n3div36;37029;174200.000000;-0.000000;3;143;6;149
n3seq24;37029;189433.068485;51.670786;3;2961;59;3020
n4-3;37029;13501875.000000;-0.000000;2;50;0;50
n5-3;37029;12301325.000000;-0.000000;2;18;0;18
n6-3;37029;16502900.000000;-0.000000;2;45;0;45
n7-3;37029;14704310.000000;-0.000000;2;39;0;39
n9-3;37029;21603625.000000;-0.000000;2;175;0;175
nag;37029;465.000000;14.734996;3;45;0;45
neos-1061020;37029;-145860.370608;501.179054;1;992;0;992
neos-1067731;37029;669053.000000;81.272727;1;502;0;502
neos-1109824;37029;278.000000;22.000000;1;60;0;60
neos-1112782;37029;22000000110147.347656;0.000000;2;27;0;27
neos-1112787;37029;19500000125389.667969;0.000000;2;22;0;22
neos-1122047;37029;162.181757;1.265657;2;498;0;498
neos-1171448;37029;-309.000000;0.936995;2;79;0;79
neos-1171692;37029;-273.000000;3.730892;2;39;0;39
neos-1171737;37029;-195.000000;8.004699;2;59;0;59
neos-1225589;37029;5000000000.000000;-0.000000;2;1;0;1
neos-1311124;37029;-182.000000;5.000000;2;4;0;4
neos-1324574;37029;4.500000;144.000000;1;35;0;35
neos-1330346;37029;4.500000;76.500000;1;123;0;123
neos-1337307;37029;-201272.000000;272.493985;2;51;0;51
neos-1354092;37029;46.000000;238.398385;2;1053;2;1055
neos-1367061;37029;31320456.264497;4.625000;2;2242;1;2243
neos-1396125;37029;3000.053717;12.531496;2;7;0;7
neos-1420546;37029;22124.400000;103.140678;1;377;0;377
neos-1420790;37029;2942.750002;75.132359;1;53;0;53
neos-1423785;37029;-1816.666667;311.971400;1;243;0;243
neos-1425699;37029;3175204364.635297;5.264952;1;0;0;0
neos-1426635;37029;-178.000000;6.429182;2;2;0;2
neos-1426662;37029;-52.000000;10.501303;2;4;0;4
neos-1429212;37029;30.000000;702.979352;1;5721;14;5735
neos-1430701;37029;-78.000000;6.669599;2;2;0;2
neos-1436709;37029;-129.000000;3.502607;2;3;0;3
neos-1440225;37029;36.000000;32.952030;1;124;0;124
neos-1440460;37029;-180.000000;4.859750;2;2;0;2
neos-1442119;37029;-182.000000;2.580471;2;4;0;4
neos-1442657;37029;-156.000000;4.002933;2;3;0;3
neos-1445532;37029;-22860.000000;8.217460;2;91;0;91
neos-1445738;37029;-24232.548846;16.549339;1;145;0;145
neos-1445743;37029;-24579.832968;16.952539;1;154;0;154
neos-1445765;37029;-24699.197660;17.463301;1;160;0;160
neos-1456979;37029;154.000000;8.434222;1;41;0;41
neos-1516309;37029;34769.833333;9.166667;2;32;0;32
neos-1582420;37029;88.469527;56.693409;5;96;1;97
neos-1593097;37029;4424.000000;55.795872;1;105;1;106
neos-1599274;37029;32194.742857;6.464286;3;53;1;54
neos-1601936;37029;1.000000;160.240666;1;723;0;723
neos-1603965;37029;619244367.662955;0.000913;1;644;0;644
neos-1605061;37029;6.150735;155.194245;1;2218;0;2218
neos-1605075;37029;3.214461;172.430143;1;2315;0;2315
neos-1616732;37029;174.000000;0.000000;3;6;0;6
neos-1620770;37029;22.000000;35.000000;2;44;0;44
neos-2294525-abba;37029;156.177251;16.374339;1;92;0;92
neos-2328163-agri;37029;26069.000000;48.333333;1;66;0;66
neos-2624317-amur;37029;0.000000;24.102739;1;3;0;3
neos-2629914-sudost;37029;39622.000000;6.805742;1;214;0;214
neos-2652786-brda;37029;0.000000;23.382167;2;2;0;2
neos-2657525-crna;37029;0.000000;28.348834;2;2;0;2
neos-2669500-cust;37029;2221.900000;230.198620;2;997;17;1014
neos-2746589-doon;37029;1985.750000;129.965898;2;319;6;325
neos-2974461-ibar;37029;473452396.770997;3364.000000;2;220657;32;220689
neos-2978193-inde;37029;-2.418518;7.400000;1;67;0;67
neos-2978205-isar;37029;-12.415307;28.800000;1;204;0;204
neos-2987202-jeir;37029;-1847551552.236608;1035.632796;2;67629;1;67630
neos-2987310-joes;37029;-610797465.676974;19.875000;2;1121;0;1121
neos-2991472-kalu;37029;441.200405;3.938339;5;4146;281;4427
neos-3004026-krka;37029;0.000000;832.000000;1;50;0;50
neos-3009394-lami;37029;0.642857;216.285714;1;4;0;4
neos-3024952-loue;37029;22882.000000;103.300000;1;262;0;262
neos-3025225-shelon;37029;0.052574;323.690533;1;100256;49;100305
neos-3046601-motu;37029;185.000000;0.449200;1;1;0;1
neos-3046615-murg;37029;192.000000;0.345800;1;1;0;1
neos-3048764-nadi;37029;-3883988306.366695;0.000000;2;46;0;46
neos-3065804-namu;37029;0.000000;0.000000;1;193;0;193
neos-3068746-nene;37029;77427529.530929;55.412658;2;136;0;136
neos-3072252-nete;37029;10593526.000000;1.938794;2;1;0;1
neos-3075395-nile;37029;54.924463;0.000480;1;156;0;156
neos-3083784-nive;37029;0.000000;12.000000;1;25;0;25
neos-3083819-nubu;37029;6290575.552807;13.541087;1;50;0;50
neos-3116779-oban;37029;0.000000;0.000000;1;22;0;22
neos-3118745-obra;37029;357.000000;-0.000000;2;3;0;3
neos-3148108-pahi;37029;0.000000;0.000000;1;265;2;267
neos-3209462-rhin;37029;0.000000;49.451220;2;4288;1;4289
neos-3209519-ruhr;37029;332.850000;25.900482;1;54;0;54
neos-3214367-sovi;37029;87802.732596;100.084430;1;1911;0;1911
neos-3216931-puriri;37029;58817.353066;51.400190;1;1039;0;1039
neos-3226448-wkra;37029;0.000000;512.043709;1;767;0;767
neos-3237086-abava;37029;0.000000;96.000000;1;295;2;297
neos-3322547-alsek;37029;616.000000;115.178534;2;10351;72;10423
neos-3352863-ancoa;37029;495300.000000;-0.000000;2;731;10;741
neos-3354841-apure;37029;48447.926267;4.407066;1;2775;26;2801
neos-3355120-tarago;37029;-20453473.616781;80.899969;1;669;2;671
neos-3355323-arnon;37029;0.000000;33.818182;4;99;3;102
neos-3372571-onahau;37029;0.576990;8.695953;2;1686;0;1686
neos-3373491-avoca;37029;21687686014.015358;26.555947;1;7;0;7
neos-3381206-awhea;37029;432.000000;61.334767;2;5;0;5
neos-3402294-bobin;37029;0.000000;39.298587;1;1159;10;1169
neos-3426085-ticino;37029;235.000000;41.787470;3;52;0;52
neos-3426132-dieze;37029;427.000000;103.670666;2;55;0;55
neos-3437289-erdre;37029;0.000000;0.000000;1;93;1;94
neos-3530903-gauja;37029;170.000000;33.253136;3;5;0;5
neos-3530905-gaula;37029;153.000000;29.042208;2;4;0;4
neos-3555904-turama;37029;-41.450000;29.000000;1;904;5;909
neos-3572885-glina;37029;0.000000;0.000000;1;411;3;414
neos-3581454-haast;37029;1640.000000;52.000000;1;115;0;115
neos-3592146-hawea;37029;7237144.855333;13.694653;1;47;0;47
neos-3594536-henty;37029;383205.000000;2498.000000;1;167;1;168
neos-3603137-hoteo;37029;0.000000;38.166667;3;55;1;56
neos-3610040-iskar;37029;46.000000;0.000000;2;3;0;3
neos-3610051-istra;37029;64.000000;0.000000;2;11;0;11
neos-3610173-itata;37029;180.000000;-0.000000;2;7;0;7
neos-3611447-jijia;37029;129.000000;-0.000000;2;3;0;3
neos-3611689-kaihu;37029;151.000000;-0.000000;2;3;0;3
neos-3615091-sutlej;37029;-1506391.117177;170.000000;1;1808;10;1818
neos-3627168-kasai;37029;1020229.400000;0.000000;2;4;0;4
neos-3634244-kauru;37029;0.000000;152.720000;1;4451;8;4459
neos-3636886-kereu;37029;4092.957540;0.000020;2;57;1;58
neos-3656078-kumeu;37029;-18774.700000;92.164195;2;204;1;205
neos-3660371-kurow;37029;286.534383;17.739294;1;35;0;35
neos-3661949-lesse;37029;688975700.000000;0.000260;2;50;0;50
neos-3665875-lesum;37029;248.325000;41.380444;2;64;0;64
neos-3682128-sandon;37029;79915933.274829;141.641588;2;297;0;297
neos-3691541-lonja;37029;-0.079271;1.110009;2;41;0;41
neos-3695882-vesdre;37029;-145935.214286;38.466278;1;494;3;497
neos-3696678-lyvia;37029;5.599133;305.182559;2;46;0;46
neos-3699377-maori;37029;135877.224265;86.475608;2;111;0;111
neos-3703351-marne;37029;317056.210386;71.850613;2;57;0;57
neos-3740487-motru;37029;152.145486;225.379322;2;40549;75;40624
neos-3754480-nidda;37029;-1216923.270104;12.186832;1;3;0;3
neos-3755335-nizao;37029;50.030157;76.942384;2;566;1;567
neos-3759587-noosa;37029;48.334468;2.274444;2;331;1;332
neos-3761878-oglio;37029;422769.022545;74.732087;2;45;0;45
neos-3762025-ognon;37029;603955.746492;53.791954;2;38;0;38
neos-4165869-wannon;37029;282.410166;126.294292;3;477;5;482
neos-4260495-otere;37029;3336.109119;244.496957;2;831;14;845
neos-4264598-oueme;37029;4322420655.771976;2999.342361;241;4074;153;4227
neos-4285819-pedja;37029;9.198008;18.083988;2;128496;90;128586
neos-4290317-perth;37029;6352398.055740;0.000000;2;615;1;616
neos-4292145-piako;37029;203285265.067233;3216.299810;241;3406;153;3559
neos-4295773-pissa;37029;0.000000;3220.505376;1;5504;4;5508
neos-4300652-rahue;37029;0.000000;52.333333;2;701;1;702
neos-4306827-ravan;37029;-35696.901913;771.837676;2;1131;13;1144
neos-4321076-ruwer;37029;1880.558333;39.333333;1;15314;1;15315
neos-4322846-ryton;37029;0.419848;25.388427;1;536;4;540
neos-4332801-seret;37029;222328.384492;5750.571985;4;135746;3528;139274
neos-4332810-sesia;37029;-33455.127882;4060.356957;11;117630;7991;125621
neos-4333464-siret;37029;24.731464;0.125000;2;80;0;80
neos-4333596-skien;37029;-14653956.914930;0.180763;1;19;0;19
neos-4335793-snake;37029;0.000000;300.868689;2;1075;2;1077
neos-4338804-snowy;37029;1447.000000;0.313600;3;6;0;6
neos-4343293-stony;37029;51.627360;0.500000;2;69;0;69
neos-4355351-swalm;37029;33.822611;0.094819;2;167;4;171
neos-4358725-tagus;37029;6199.400001;197.672071;73;709;15;724
neos-4359986-taipa;37029;0.296593;39.671142;1;1533;1;1534
neos-4360552-sangro;37029;-29.500000;572.086779;1;10547;1;10548
neos-4387871-tavua;37029;36.445048;0.200000;2;66;0;66
neos-4391920-timok;37029;0.000009;37.747142;1;7136;5;7141
neos-4393408-tinui;37029;340.267489;0.200000;2;45;0;45
neos-4408804-prosna;37029;914.483516;66.321429;1;2892;1;2893
neos-4409277-trave;37029;0.000000;347.723278;1;1908;1;1909
neos-4413714-turia;37029;43.474651;370.587709;1;1959;10;1969
neos-4532248-waihi;37029;0.000000;26.808725;1;694;4;698
neos-4533806-waima;37029;3063.318841;99.000000;1;1077;9;1086
neos-4545615-waita;37029;3606.594190;108.263827;1;15339;63;15402
neos-4555749-wards;37029;3026.812121;70.000000;1;814;7;821
neos-4562542-watut;37029;3743.304348;85.428571;1;3136;14;3150
neos-4647027-thurso;37029;26911.641616;127.083433;1;2424;0;2424
neos-4647030-tutaki;37029;26911.641616;130.175014;1;2778;0;2778
neos-4647032-veleka;37029;26587.908699;174.815461;1;3834;0;3834
neos-4650160-yukon;37029;-22688.547680;228.864000;1;5;0;5
neos-4722843-widden;37029;1841.255082;1452.768981;2;405;6;411
neos-4724674-aorere;37029;3758.753179;59.078997;3;508;10;518
neos-4736745-arroux;37029;653873224.676537;1.560199;2;43;0;43
neos-4738912-atrato;37029;617323325.173629;52.400465;2;46;0;46
neos-4754521-awarau;37029;0.000000;0.000000;1;1197;6;1203
neos-4760493-puerua;37029;1908.243695;237.071976;1;34530;3;34533
neos-476283;37029;406.244708;4.622056;2;4385;0;4385
neos-4763324-toguru;37029;1120.986062;232.945926;1;32610;2;32612
neos-4797081-pakoka;37029;0.000000;821.218711;1;4799;2;4801
neos-4805882-barwon;37029;1603.902830;209.539059;1;234;1;235
neos-480878;37029;515.138796;1.008444;2;17;0;17
neos-4954274-beardy;37029;18659.208282;301.285291;2;877;2;879
neos-4954672-berkel;37029;3733961.000000;4.007059;2;3;0;3
neos-4966258-blicks;37029;354.545455;449.137117;3;1446;4;1450
neos-4971100-bodrog;37029;0.000000;-0.000000;2;76;0;76
neos-4972437-bojana;37029;355.557128;29.484099;2;8929;4;8933
neos-4972461-bolong;37029;465.045599;63.710690;2;5561;3;5564
neos-4976951-bunnoo;37029;375.694372;27.122883;2;5691;4;5695
neos-4984115-canche;37029;-10414620.716097;6.967648;1;17863;0;17863
neos-498623;37029;16.000000;43.578586;1;148;1;149
neos-5013590-toitoi;37029;1064.447092;169.000000;1;13921;1;13922
neos-5018451-chiese;37029;-149772385.216405;18.530618;1;62754;0;62754
neos-503737;37029;50.000000;47.555718;1;28;0;28
neos-5041822-cockle;37029;5696053.417116;2.418448;3;2703;26;2729
neos-5044663-wairoa;37029;4653100.000000;578.736130;1;23047;2;23049
neos-5045105-creuse;37029;19.066670;19.669391;1;74;0;74
neos-5049753-cuanza;37029;464.000000;69.600000;3;2445;5;2450
neos-5051588-culgoa;37029;128.750000;32.574490;1;125;0;125
neos-5052403-cygnet;37029;216.787100;83.839163;9;37597;179;37776
neos-506422;37029;0.000000;6.600000;1;45;0;45
neos-506428;37029;145945.000000;95.648936;1;530;2;532
neos-5075914-elvire;37029;277.341888;1.484053;2;47;0;47
neos-5076235-embley;37029;1930.000000;0.115385;2;900;0;900
neos-5078479-escaut;37029;7280.474567;0.468278;2;45;0;45
neos-5079731-flyers;37029;2004.000000;1.087912;2;810;0;810
neos-5083528-gimone;37029;0.000000;20.875000;1;245;3;248
neos-5093327-huahum;37029;3934.000000;1.841667;2;839;0;839
neos-5100895-inster;37029;2084.000000;3.582418;2;603;0;603
neos-5102383-irwell;37029;1740.000000;2.483516;2;929;0;929
neos-5104907-jarama;37029;639.917149;47.861040;2;8923;5;8928
neos-5106984-jizera;37029;721.000000;3.500000;2;3751;6;3757
neos-5107597-kakapo;37029;0.000000;0.591250;2;41;0;41
neos-5108386-kalang;37029;620.501637;53.159082;2;14435;8;14443
neos-5114902-kasavu;37029;518.000000;141.333333;3;13253;15;13268
neos-5115478-kaveri;37029;0.000000;0.529375;2;42;0;42
neos-5116085-kenana;37029;452.000000;142.000000;3;5605;10;5615
neos-5118834-korana;37029;569.216333;121.434394;2;9730;6;9736
neos-5118851-kowhai;37029;1134.000000;5.860000;2;5506;8;5514
neos-5123665-limmat;37029;652.427430;72.359737;2;17494;8;17502
neos-5125849-lopori;37029;0.000000;51.956886;1;39;0;39
neos-5129192-manaia;37029;0.000000;10.000000;1;3950;12;3962
neos-5138690-middle;37029;605.364996;107.846299;2;16544;8;16552
neos-5140963-mincio;37029;8877.000000;2.142857;1;1;0;1
neos-5149806-wieprz;37029;0.027694;5.467604;3;467;12;479
neos-5151569-mologa;37029;686023627.750363;27.702234;2;2366;4;2370
neos-5178119-nalagi;37029;8.569859;18.674756;2;75;1;76
neos-5182409-nasivi;37029;0.000000;18.341185;1;9;0;9
neos-5188808-nattai;37029;0.000000;10.715654;1;639;0;639
neos-5189128-totara;37029;330131.390743;21.863581;1;990;2;992
neos-5192052-neckar;37029;-11980000.000000;0.333333;3;0;0;0
neos-5193246-nerang;37029;0.000000;707.729862;1;994;1;995
neos-5195221-niemur;37029;0.000000;722.524895;1;907;1;908
neos-5196530-nuhaka;37029;0.000000;698.361784;1;719;1;720
neos-520729;37029;-1391291.666667;7.783333;1;529;1;530
neos-5221106-oparau;37029;0.000000;51.816243;1;332;2;334
neos-5223573-tarwin;37029;0.105800;0.258185;1;15679;3;15682
neos-5251015-ogosta;37029;0.105800;0.226665;1;12047;2;12049
neos-525149;37029;60.000000;12.153846;1;289;5;294
neos-5260764-orauea;37029;58748.022532;10.633838;1;63;0;63
neos-5261882-treska;37029;22721.328000;7.770659;1;14;0;14
neos-5266653-tugela;37029;20969.906674;15.508215;1;141;1;142
neos-5273874-yomtsa;37029;0.000000;0.215200;1;14112;2;14114
neos-555001;37029;910619.201473;185.329242;1;42;0;42
neos-555343;37029;1241512.549440;273.503416;1;39;0;39
neos-555424;37029;1196312.549440;237.883186;1;37;0;37
neos-555884;37029;1026121.836055;271.320900;1;42;0;42
neos-565672;37029;43884.639336;66.477422;3;16809;17;16826
neos-574665;37029;4948073.456141;10.746401;1;44;0;44
neos-578379;37029;0.000000;134.076115;1;1168;0;1168
neos-585192;37029;-1999690.155301;98.986682;2;176;0;176
neos-585467;37029;-1999711.795869;82.239088;2;22;0;22
neos-595904;37029;61134.474995;16.114622;2;65;0;65
neos-619167;37029;1.481241;35.984608;1;124;0;124
neos-631517;37029;6494999.999936;64.357845;1;7;0;7
neos-631710;37029;515.000000;243.082736;2;6219;18;6237
neos-633273;37029;4678552871.152559;377.739286;1;192;0;192
neos-662469;37029;184340.629649;94.654114;1;485;2;487
neos-686190;37029;5134.813830;17.515957;1;121;0;121
neos-691058;37029;234.000000;83.756531;1;234;0;234
neos-693347;37029;234.000000;78.950927;1;737;0;737
neos-738098;37029;-1099.000000;222.818437;1;156;0;156
neos-777800;37029;-80.000000;67.656924;1;51;0;51
neos-780889;37029;3421500.000000;0.000000;1;649;10;659
neos-787933;37029;300.000000;-0.000000;2;244;33;277
neos-799711;37029;-11228065.153797;0.946665;1;1284;0;1284
neos-799716;37029;4932670.661692;0.575059;1;126;0;126
neos-807639;37029;492.688889;1.370370;2;10;0;10
neos-820879;37029;24874.267857;62.867619;1;101;0;101
neos-824661;37029;51.000000;60.642857;2;286;2;288
neos-824695;37029;42.000000;33.800000;3;95;1;96
neos-826224;37029;130.000000;70.000000;3;211;3;214
neos-826650;37029;32.000000;109.347222;2;44;0;44
neos-826694;37029;73.000000;92.333333;3;86;2;88
neos-826812;37029;70.011000;151.137255;3;102;1;103
neos-826841;37029;32.008200;110.679849;2;44;0;44
neos-827015;37029;2.098071;332.649497;1;1674;3;1677
neos-827175;37029;116.001520;83.555556;2;198;2;200
neos-829552;37029;2.098071;250.649497;1;1549;1;1550
neos-831188;37029;1.767720;215.733333;1;56;0;56
neos-847302;37029;-0.000000;51.325978;1;55;0;55
neos-848198;37029;168781.000000;-0.000000;2;139;0;139
neos-848589;37029;0.000000;0.075873;1;1522;1;1523
neos-849702;37029;0.000000;88.550656;1;26;0;26
neos-850681;37029;2087.000000;55.075614;1;167;0;167
neos-860300;37029;1666.068586;9.000000;1;52;1;53
neos-872648;37029;52.674788;0.000000;2;1316;9;1325
neos-873061;37029;152.429202;-0.000000;2;1303;7;1310
neos-876808;37029;10030.533833;259.649605;2;6616;12;6628
neos-885086;37029;-243.000000;13.945733;2;189;0;189
neos-885524;37029;11771.555290;9.581376;2;163;7;170
neos-911880;37029;23.260000;17.220292;1;2;0;2
neos-911970;37029;23.260000;20.048919;1;2;0;2
neos-913984;37029;1000.000000;37.312893;1;151;3;154
neos-914441;37029;5660364.283770;78.177859;1;1697;0;1697
neos-916792;37029;26.203596;16.256328;2;89;0;89
neos-932721;37029;513000.000000;-0.000000;3;105;4;109
neos-932816;37029;513000.000000;0.000000;2;225;6;231
neos-933562;37029;0.000000;237.810567;1;58;0;58
neos-933638;37029;444022.000000;0.000000;2;203;3;206
neos-933966;37029;450019.000000;0.000000;2;158;4;162
neos-934278;37029;446011.000000;-0.000000;2;306;2;308
neos-935234;37029;422081.000000;-0.000000;2;334;1;335
neos-935627;37029;23250.000000;-0.000000;2;359;1;360
neos-935769;37029;23430.000000;-0.000000;2;371;1;372
neos-937511;37029;53020.000000;-0.000000;2;514;1;515
neos-937815;37029;53700.000000;-0.000000;2;500;1;501
neos-941262;37029;52113.000000;0.000000;2;354;1;355
neos-941313;37029;9431.370370;215.962963;2;562;12;574
neos-942830;37029;12.000000;68.088474;1;30;0;30
neos-948126;37029;51842.000000;-0.000000;2;391;0;391
neos-948346;37029;-208.675026;5.578968;5;546;19;565
neos-950242;37029;2.000000;94.000000;2;127;1;128
neos-953928;37029;-99.806667;0.000000;3;230;3;233
neos-954925;37029;-221.766667;-0.000000;5;1031;28;1059
neos-956971;37029;-230.740000;2.884533;4;747;15;762
neos-957143;37029;-205.296379;49.220165;4;522;14;536
neos-957323;37029;-204.807274;25.065217;3;326;11;337
neos-957389;37029;1.500000;37.849369;1;107;1;108
neos-960392;37029;-238.000000;290.178312;1;242;2;244
neos-983171;37029;52602.000000;0.000000;2;408;1;409
neos-984165;37029;52002.000000;0.000000;2;414;1;415
neos13;37029;-126.178378;42.587671;3;210;0;210
neos15;37029;144796.909577;0.000000;2;1;0;1
neos16;37029;429.000000;14.500000;2;3;0;3
neos17;37029;0.222688;0.000000;2;6;0;6
neos18;37029;11.000000;56.166667;3;72;0;72
neos2;37029;-4717.666848;6.724359;1;7;0;7
neos22;37029;413700.000000;227.000000;1;30;0;30
neos5;37029;17.250000;0.000000;2;1;0;1
neos6;37029;110.989760;27.902196;4;118;7;125
neos8;37029;-2885.143864;22.041691;3;792;5;797
neos808444;37029;0.000000;213.399502;1;259;1;260
neos9;37029;780.000000;44.250000;1;316;0;316
net12;37029;47.514236;175.350347;3;875;0;875
netdiversion;37029;455.800000;769.600000;2;7666;11;7677
newdano;37029;11.724138;8.447296;1;3;0;3
nexp-150-20-1-5;37029;84.000000;0.000000;2;43;0;43
nexp-150-20-8-5;37029;600.000000;0.000000;2;82;1;83
nexp-50-20-1-1;37029;34.000000;-0.000000;2;1;0;1
nexp-50-20-4-2;37029;120.000000;0.000000;2;2;0;2
nh97_potential;37029;1462.000000;73.200000;2;5;0;5
nh97_tension;37029;1438.000000;81.583333;2;2;0;2
nj1;37029;0.000000;607.000000;1;569;1;570
nj2;37029;0.000000;607.000000;1;659;1;660
nj3;37029;0.000000;607.000000;1;68280;1;68281
nobel-eu-DBE;37029;7426411.500000;1.365000;2;101;0;101
noswot;37029;-9.000000;0.000000;2;0;0;0
ns1111636;37029;96.250000;19.250000;1;615;1;616
ns1116954;37029;0.000000;155.073174;1;916;1;917
ns1208400;37029;0.000000;93.553865;1;69;0;69
ns1430538;37029;73.621609;9.970024;1;572;0;572
ns1456591;37029;361.939022;19.000000;1;121;1;122
ns1606230;37029;13.225000;179.971152;1;1838;0;1838
ns1631475;37029;817.193748;716.662243;1;1259;1;1260
ns1663818;37029;1.000000;9.141146;1;6073;89;6162
ns1679495;37029;3337055.001914;100.246101;2;49286;12;49298
ns1685374;37029;-51.800913;96.218654;1;53546;1;53547
ns1688347;37029;2.000000;7.363183;1;59;0;59
ns1690781;37029;-1022.785697;17.664172;2;193;1;194
ns1696083;37029;2.000000;12.504268;1;168;1;169
ns1758913;37029;-1501.183256;121.987025;1;9905;6;9911
ns1760995;37029;-1379.173237;142.000000;1;21082;9;21091
ns1778858;37029;-22635740.000000;227.465047;2;328;0;328
ns1828997;37029;0.000000;75.000000;2;1281;4;1285
ns1830653;37029;6153.000000;56.373873;1;142;0;142
ns1849932;37029;546.000000;5.425770;1;1087;6;1093
ns1853823;37029;1172000.000000;1386.000000;2;54755;25;54780
ns1854840;37029;143199999999.999939;1139.473260;2;6687;15;6702
ns1856153;37029;0.000000;248.911984;1;176;0;176
ns1904248;37029;0.000000;854.146124;14;2535;33;2568
ns1905797;37029;11.750980;19.650000;1;210;1;211
ns1905800;37029;6.436600;16.364665;1;45;0;45
ns1952667;37029;0.000000;10.112982;1;220;1;221
ns2017839;37029;77026281754033.437500;1.017799;2;7955;0;7955
ns2034125;37029;0.000000;796.623735;2;1885;1;1886
ns2071214;37029;0.000000;2.208125;1;89;0;89
ns2081729;37029;4.600000;1.040000;2;4;0;4
ns2122698;37029;62785.622771;194.641858;1;631;1;632
ns2124243;37029;53998.333333;195.416667;1;499;1;500
ns2137859;37029;24629.000000;42.075016;1;793;7;800
ns4-pr3;37029;36073.000000;12.000000;1;139;0;139
ns4-pr6;37029;29145.750000;8.875000;1;45;0;45
ns4-pr9;37029;35175.000000;9.000000;1;88;0;88
ns894236;37029;18.000000;199.499882;2;430;1;431
ns894244;37029;16.000000;342.075798;2;1462;2;1464
ns894786;37029;14.000000;210.864769;2;1566;2;1568
ns894788;37029;7.000000;91.946694;2;152;0;152
ns903616;37029;22.000000;385.201946;2;1120;2;1122
nsa;37029;91.447940;7.482504;1;8;0;8
nsr8k;37029;17500809.511815;639.929911;1;9403;3;9406
nsrand-ipx;37029;646400.000000;0.000000;2;68;2;70
nu120-pr12;37029;38070.000000;13.695833;1;48;0;48
nu120-pr3;37029;21306.442308;42.751022;1;122;0;122
nu120-pr9;37029;19062.500000;28.652083;1;81;0;81
nu25-pr12;37029;52757.500000;11.900000;1;51;0;51
nu4-pr9;37029;35175.000000;21.713333;1;82;0;82
nu60-pr9;37029;22850.000000;28.383333;1;87;0;87
nucorsav;37029;29.046100;81.214406;2;60027;268;60295
nursesched-medium-hint03;37029;33.468485;460.316255;1;1120;3;1123
nursesched-medium04;37029;398.000000;286.520833;2;751;7;758
nursesched-sprint-hidden09;37029;580.911765;177.875000;2;344;2;346
nursesched-sprint-late03;37029;34.254806;178.177416;1;403;1;404
nursesched-sprint02;37029;170.416667;127.291667;2;209;2;211
nw04;37029;16310.666667;2.000000;1;253;7;260
ofi;37029;6131846109.620631;1781.999298;135;9301;140;9441
ofi2;37029;6124829152.731160;3158.688481;133;7174;188;7362
oocsp-racks030e6cci;37029;0.000000;0.000000;1;211;2;213
opm2-z10-s2;37029;-19912.000000;-0.000000;4;23804;11;23815
opm2-z10-s4;37029;-17801.000000;-0.000000;4;24767;10;24777
opm2-z11-s8;37029;-24040.000000;0.000000;4;51650;13;51663
opm2-z12-s14;37029;-39815.000000;-0.000000;6;111586;26;111612
opm2-z12-s7;37029;-39769.000000;0.000000;5;104972;26;104998
opm2-z12-s8;37029;-34893.000000;-0.000000;5;111237;26;111263
opm2-z6-s1;37029;-2356.000000;-0.000000;3;319;1;320
opm2-z7-s2;37029;-7132.000000;-0.000000;4;998;2;1000
opm2-z7-s8;37029;-6856.000000;-0.000000;4;772;2;774
opm2-z8-s0;37029;-8004.000000;0.000000;3;3862;3;3865
opt1217;37029;-20.021390;8.225490;1;1;0;1
osorio-cta;37029;0.000000;0.000035;1;59;0;59
p0201;37029;6875.000000;20.000000;1;2;0;2
p100x588b;37029;58977.000000;0.000000;2;2;0;2
p200x1188c;37029;15747.000000;0.000000;2;2;0;2
p2756;37029;2718.000000;2.345553;2;6;0;6
p500x2988;37029;72594.000000;0.000000;2;27;0;27
p500x2988c;37029;17212.000000;-0.000000;2;26;0;26
p500x2988d;37029;6.000000;0.000000;2;24;0;24
p6b;37029;-53.000000;0.000000;3;35;0;35
p80x400b;37029;45896.000000;-0.000000;2;1;0;1
pb-fit2d;37029;-22372.476239;842.898884;1;7522;11;7533
pb-gfrd-pnc;37029;8316.011268;30.700616;1;121;1;122
pb-grow22;37029;-449681.200587;122.632175;1;448;1;449
pb-market-split8-70-4;37029;0.000000;2.197219;1;0;0;0
pb-simp-nonunif;37029;6.000000;513.500000;2;3638;49;3687
peg-solitaire-a3;37029;1.000000;289.311002;1;378;0;378
pg;37029;-11098.657382;17.215049;2;5;0;5
pg5_34;37029;-16012.248077;18.476238;2;6;0;6
physiciansched3-3;37029;2432694.766159;1308.126367;17;54267;113;54380
physiciansched3-4;37029;1124678.224456;1173.049171;9;35880;53;35933
physiciansched5-3;37029;5180.000000;1133.735241;4;1374;3;1377
physiciansched6-1;37029;7500.000000;799.143056;2;610;10;620
physiciansched6-2;37029;43012.500000;744.696528;2;620;10;630
pigeon-08;37029;-8000.000000;8.259740;1;2;0;2
pigeon-10;37029;-10000.000000;13.559596;1;2;0;2
pigeon-11;37029;-11000.000000;16.690909;1;3;0;3
pigeon-12;37029;-12000.000000;21.818182;1;4;0;4
pigeon-13;37029;-13000.000000;24.000000;1;4;0;4
pigeon-16;37029;-16000.000000;74.018182;1;6;0;6
pigeon-19;37029;-19000.000000;59.036364;1;31;0;31
pigeon-20;37029;-20000.000000;62.509091;1;33;0;33
piperout-03;37029;68814.997590;424.596014;17;368;6;374
piperout-08;37029;99128.924471;558.127794;17;317;7;324
piperout-27;37029;6970.000000;1154.464464;12;527;6;533
piperout-d20;37029;25533.842105;676.796097;2;1038;2;1040
piperout-d27;37029;7083.116279;1022.542306;2;1399;2;1401
pk1;37029;0.000000;2.791536;1;0;0;0
polygonpack3-15;37029;-96519350.409320;31.158333;3;1506;6;1512
polygonpack4-10;37029;-93676953.470100;20.073813;3;491;2;493
polygonpack4-15;37029;-114052801.790860;42.642788;3;1397;6;1403
polygonpack4-7;37029;-75324958.874200;9.351219;3;225;1;226
polygonpack5-15;37029;-42382234.503540;24.004310;3;1584;7;1591
pp08a;37029;15000.000000;-0.000000;2;0;0;0
pp08aCUTS;37029;16630.402442;0.000000;2;3;0;3
probportfolio;37029;5.000000;15.184084;2;3;0;3
prod1;37029;-100.000000;6.724950;2;1;0;1
prod2;37029;-100.000000;4.433874;2;1;0;1
proteindesign121hz512p19;37029;3197.772133;67.382130;1;16914;120;17034
proteindesign121hz512p9;37029;1423.904449;61.920249;1;753;9;762
proteindesign121pgb11p9;37029;1173.710433;49.777201;1;632;8;640
proteindesign122trx11p8;37029;1720.461105;46.268597;1;557;7;564
protfold;37029;0.000000;35.000000;2;18;0;18
pw-myciel4;37029;0.000000;51.865481;6;36;0;36
pythago7824;37029;0.000000;580.777778;6;948;3;951
pythago7825;37029;0.000000;586.777778;8;917;4;921
qap10;37029;332.566228;55.000000;1;421;0;421
qiu;37029;1805.177143;0.000000;2;5;0;5
qnet1;37029;98035.870000;7.221868;2;19;0;19
qnet1_o;37029;96705.120000;-0.000000;2;8;0;8
queens-30;37029;-30.000000;0.000000;3;214;2;216
r4l4-02-tree-bounds-50;37029;510876207.000000;651.016667;2;49;0;49
r50x360;37029;2016.000000;-0.000000;2;1;0;1
r80x800;37029;5520.000000;-0.000000;2;1;0;1
radiationm18-12-05;37029;17554.500000;196.264403;1;187;1;188
radiationm40-10-02;37029;155306.700000;933.018250;1;1293;7;1300
rail01;37029;-92.087300;2555.841711;1;11871;5;11876
rail02;37029;-206.610200;3014.501667;1;132766;13;132779
rail03;37029;-920.273763;12441.976674;1;165017;36;165053
rail507;37029;216.000000;0.000000;3;662;12;674
railway_8_1_0;37029;397.000000;59.076317;3;9;0;9
ramos3;37029;440.000000;-0.000000;3;1543;1;1544
ran12x21;37029;4080.000000;0.000000;2;0;0;0
ran13x13;37029;3521.000000;0.000000;2;0;0;0
ran14x18-disj-8;37029;12451.012696;0.000000;2;20;0;20
ran14x18;37029;4265.000000;0.000000;2;1;0;1
ran16x16;37029;4333.000000;0.000000;2;0;0;0
rd-rplusc-21;37029;100.000000;4.122871;1;507;1;508
reblock115;37029;-39365983.337347;271.565472;1;193;0;193
reblock166;37029;-886882876.965829;382.279623;1;449;0;449
reblock354;37029;-39640995.765204;569.832903;3;801;2;803
reblock420;37029;-886535897.522137;986.979676;1;2268;0;2268
reblock67;37029;-39339910.923037;159.950504;1;59;0;59
rfds-4-days;37029;-1158940.978167;68.027009;1;73677;26;73703
rlp1;37029;13.244444;9.961905;1;1;0;1
rmatr100-p10;37029;360.593308;9.692735;1;212;0;212
rmatr100-p5;37029;762.040054;5.000000;1;389;0;389
rmatr200-p10;37029;1550.620783;10.000000;1;10438;0;10438
rmatr200-p20;37029;688.357943;19.982266;1;3401;0;3401
rmatr200-p5;37029;3283.653831;5.000000;1;10833;0;10833
rmine10;37029;-1926.821009;886.351115;2;4089;1;4090
rmine11;37029;-2511.986814;1275.572328;14;11129;21;11150
rmine13;37029;-3504.619914;1108.274293;2;44735;5;44740
rmine14;37029;-4308.869811;2215.505904;7;91819;25;91844
rmine15;37029;-5041.420189;4256.942532;4;175411;20;175431
rmine6;37029;-436.021627;48.709031;12;140;1;141
rocI-3-11;37029;-111086.671772;567.733960;1;44;0;44
rocI-4-11;37029;-11111086.671772;800.875467;1;65;0;65
rocII-10-11;37029;-11.974865;290.286693;1;512;2;514
rocII-4-11;37029;-11.937162;82.500000;1;133;0;133
rocII-5-11;37029;-11.949730;122.235744;1;185;1;186
rocII-7-11;37029;-11.964093;212.677972;1;312;1;313
rocII-8-11;37029;-11.968581;244.764303;1;393;1;394
rocII-9-11;37029;-11.972072;279.075237;1;461;2;463
rococoB10-011000;37029;8350.199468;49.840978;1;112;0;112
rococoC10-001000;37029;7515.271029;14.894221;1;53;0;53
rococoC11-010100;37029;8773.206543;49.895810;1;157;0;157
rococoC11-011100;37029;9024.205406;56.603390;1;121;0;121
rococoC12-010001;37029;26787.292147;50.829414;1;199;0;199
rococoC12-111000;37029;27337.357381;53.501346;1;235;0;235
roi2alpha3n4;37029;-80.526722;7.807845;2;696;9;705
roi5alpha10n8;37029;-87.787142;16.000000;2;2042;26;2068
roll3000;37029;11097.127677;46.776510;3;34;0;34
rout;37029;981.864286;9.898077;1;1;0;1
rpp22falsei;37029;0.000000;0.000000;1;40;0;40
rvb-sub;37029;11.206514;4.571429;1;676;5;681
s100;37029;-0.171097;39.317795;1;24167;23;24190
s1234;37029;0.361925;1.578587;3;675;1;676
s250r10;37029;-0.165732;55.381636;2;10354;28;10382
s55;37029;-22.151773;0.000000;1;1768;4;1772
s82;37029;-33.833613;482.284414;2;202793;141;202934
satellites1-25;37029;-20.000000;68.019120;1;135;0;135
satellites2-25;37029;-30.000000;356.776800;1;27610;2;27612
satellites2-40;37029;-30.000000;133.152561;1;5048;2;5050
satellites2-60-fs;37029;-30.000000;507.455315;1;2925;1;2926
satellites2-60;37029;-30.000000;133.152561;1;4537;2;4539
satellites3-25;37029;-39.000000;966.359942;1;230223;5;230228
satellites3-40-fs;37029;-39.000000;942.263869;1;23813;4;23817
satellites3-40;37029;-39.000000;963.231625;1;230464;5;230469
savsched1;37029;31271.151902;0.000000;2;122613;39;122652
scpj4scip;37029;183.000000;-0.000000;3;1240;20;1260
scpk4;37029;389.000000;0.000000;3;2490;24;2514
scpl4;37029;360.000000;-0.000000;3;4759;53;4812
scpm1;37029;774.000000;0.000000;3;44959;146;45105
scpn2;37029;741.000000;0.000000;3;71719;282;72001
sct1;37029;-218.139003;91.325460;1;1486;0;1486
sct2;37029;-231.116964;14.501214;1;63;0;63
sct31;37029;-31.962662;30.054226;1;189;0;189
sct32;37029;-62.990833;53.144038;1;685;0;685
sct5;37029;-228.176552;35.395811;2;236;2;238
seqsolve1;37029;4379.032014;371.073706;19;4560;182;4742
seqsolve2short4288;37029;0.000000;419.969766;4;3287;38;3325
seqsolve3short4288excess384;37029;-46401.234768;425.509375;7;13667;64;13731
set1ch;37029;110241.500000;-0.000000;2;1;0;1
set3-09;37029;1263.077974;49.748593;3;40;0;40
set3-10;37029;788.890655;50.612990;3;38;0;38
set3-15;37029;8364.040745;53.876403;3;42;0;42
set3-16;37029;9916.808562;58.149187;3;38;0;38
set3-20;37029;10347.381087;53.849605;3;38;0;38
seymour-disj-10;37029;320.000002;0.000002;3;1724;1;1725
seymour;37029;454.000000;-0.000000;3;199;0;199
seymour1;37029;422.819841;-0.000000;3;187;0;187
shiftreg1-4;37029;131.656032;300.178571;1;52;0;52
shiftreg2-7;37029;206.733052;286.044999;1;81;0;81
shiftreg5-1;37029;520.839888;630.584408;1;334;0;334
shipsched;37029;0.000000;2.147365;5;131;2;133
shipschedule3shipsi;37029;-265650.000000;0.000000;1;37;0;37
shipschedule6shipsmixi;37029;-301650.000000;0.000000;1;56;0;56
shipschedule8shipsmixuci;37029;-401100.000000;0.000000;1;65;1;66
shs1014;37029;22137.410363;391.180556;1;176630;19;176649
shs1042;37029;9455.525826;684.883411;1;68144;23;68167
siena1;37029;10163179.229002;146.859338;1;1631;4;1635
sing11;37029;18640171.224643;331.879469;1;8026;8;8034
sing161;37029;19071259.113927;996.464534;1;62877;34;62911
sing17;37029;35483848.876514;554.751047;1;29361;21;29382
sing2;37029;17150914.716940;252.506822;1;1807;1;1808
sing245;37029;25024015.754083;519.079791;1;11963;9;11972
sing326;37029;7717674.801189;203.886687;1;2683;2;2685
sing359;37029;22534478.962498;1259.613224;1;83328;40;83368
sing44;37029;8102513.219400;177.330369;1;3293;3;3296
sing5;37029;18418516.013137;272.410096;1;3747;6;3753
snip10x10-35r1budget17;37029;30.000000;2.340909;1;484;0;484
snp-02-004-104;37029;548044802.975090;10.217187;2;4316;0;4316
snp-04-052-052;37029;728196432.049806;735.582559;2;3914;2;3916
snp-06-004-052;37029;1787138156.580973;33.734354;2;6230;1;6231
snp-10-004-052;37029;5842625068.205259;48.106063;2;14178;1;14179
snp-10-052-052;37029;5842626434.046261;1694.316668;2;16709;5;16714
sorrell3;37029;-11.000000;0.000000;3;753;13;766
sorrell4;37029;-16.000000;0.000000;3;2814;30;2844
sorrell7;37029;-138.000000;0.000000;3;408;5;413
sorrell8;37029;-259.000000;0.000000;3;112;1;113
sp150x300d;37029;71.000000;0.000000;2;1;0;1
sp97ar;37029;807607302.399999;1.342794;4;557;9;566
sp97ic;37029;597287696.727546;1.277104;3;413;6;419
sp98ar;37029;642003743.188383;1.613817;16;716;37;753
sp98ic;37029;633805370.656431;1.781976;4;378;7;385
sp98ir;37029;265679354.122102;8.206982;4;68;1;69
splice1k1;37029;-1646.777979;8.512635;1;16827;8;16835
splice1k1i;37029;-1654.000000;0.000000;1;199;5;204
square23;37029;8.333333;12.444444;1;146;3;149
square31;37029;8.500000;13.750000;1;779;13;792
square37;37029;8.666667;15.000000;1;2272;32;2304
square41;37029;8.839612;15.068891;1;3611;44;3655
square47;37029;8.755814;15.976744;1;5996;90;6086
stoch-vrpvrp-s5v2c8vrp-v2c8i;37029;0.000000;107.000000;1;30;0;30
stockholm;37029;175.000000;0.000000;2;460;0;460
stp3d;37029;604.886283;537.229946;2;25514;20;25534
sts405;37029;357.000000;0.000000;2;665;2;667
sts729;37029;665.000000;0.000000;2;3503;5;3508
supportcase1;37029;20078.000000;0.020624;2;299;5;304
supportcase10;37029;3.383924;1850.997936;1;9733;3;9736
supportcase12;37029;-7609.533054;54.777672;1;1498;2;1500
supportcase14;37029;272.000000;9.894737;1;2;0;2
supportcase16;37029;272.000000;9.000000;1;2;0;2
supportcase17;37029;0.000000;88.508268;2;9;0;9
supportcase18;37029;87.000000;9.141806;2;53;1;54
supportcase19;37029;12677206.000000;370.390975;1;25880;62;25942
supportcase2;37029;0.000000;7.750000;1;9589;55;9644
supportcase20;37029;2442.144012;4.882860;1;19;0;19
supportcase23;37029;-12952.000000;674.436182;1;1593;0;1593
supportcase25;37029;0.036932;11.225059;1;102;0;102
supportcase26;37029;1288.102161;0.009948;2;1;0;1
supportcase27i;37029;0.000000;0.028235;1;1;0;1
supportcase3;37029;0.000000;754.600046;3;211;1;212
supportcase30;37029;0.000000;102.857020;1;64;0;64
supportcase31;37029;-1120655.076000;0.000000;3;1831;76;1907
supportcase33;37029;-450.933468;67.828180;2;593;2;595
supportcase34;37029;72.664116;339.350876;1;1223;3;1226
supportcase35;37029;77847.333333;96.000000;2;116;0;116
supportcase37;37029;-5865.764096;28.040480;2;844;0;844
supportcase39;37029;-1062330.369524;22.808785;5;118;9;127
supportcase4;37029;0.000000;537.153071;3;189;1;190
supportcase40;37029;22536.483379;19.000000;1;254;0;254
supportcase41;37029;28.000000;23.624470;5;281;1;282
supportcase42;37029;7.343539;48.081295;1;1561;2;1563
supportcase43;37029;0.000000;48.147044;2;44858;3;44861
supportcase6;37029;45090.732163;30.239669;1;1522;7;1529
supportcase7;37029;-2396.218213;53.147310;2;1935;0;1935
swath;37029;334.496858;2.200000;1;42;0;42
swath1;37029;334.496858;0.600000;1;39;0;39
swath2;37029;334.496858;0.700000;1;35;0;35
swath3;37029;334.496858;0.800000;1;34;0;34
t1717;37029;134531.021428;79.098998;1;290;4;294
t1722;37029;98815.407611;52.399108;1;163;2;165
ta1-UUM;37029;3693674.556772;4.190418;1;4;0;4
ta2-UUE;37029;41427354.755773;0.680983;2;184;0;184
tanglegram1;37029;0.000000;146.000000;1;242;2;244
tanglegram2;37029;0.000000;74.000000;1;38;0;38
tanglegram4;37029;0.000000;214.000000;1;829;3;832
tanglegram6;37029;0.000000;100.000000;1;64;0;64
tbfp-bigm;37029;-178.153988;30.000000;1;251;0;251
tbfp-network;37029;23.261535;31.000000;1;917;3;920
Test3;37029;2669532.692462;22.368722;2;246;3;249
thor50dday;37029;204179.000000;-0.000000;2;248;3;251
timtab1;37029;1234321.333333;18.450000;2;1;0;1
timtab1CUTS;37029;613590.095426;35.885811;2;3;0;3
timtab2;37029;1487304.333333;29.783333;2;1;0;1
tokyometro;37029;11100.000000;243.797433;2;66;0;66
toll-like;37029;0.000000;339.500000;1;40;0;40
tpl-tub-ss16;37029;8052373.477492;2148.906605;2;89555;192;89747
tpl-tub-ws1617;37029;10498468.058836;2262.455897;2;119887;281;120168
tr12-30;37029;188435.464884;3.580258;2;2;0;2
traininstance2;37029;0.000000;641.688695;2;60;0;60
traininstance6;37029;0.000000;381.122112;2;44;0;44
transportmoment;37029;-70929535815.380005;783.890174;2;208;0;208
trento1;37029;5182758.848056;76.426737;1;586;0;586
triptim1;37029;22.868088;2111.393837;1;9179;3;9182
triptim2;37029;10.866359;800.023299;1;10087;3;10090
triptim3;37029;13.511741;803.795145;1;10045;3;10048
triptim4;37029;9.207022;602.920956;1;11465;3;11468
triptim7;37029;2336.732602;589.654105;2;12325;7;12332
triptim8;37029;2336.754853;582.634510;2;14188;6;14194
tw-myciel4;37029;3.838028;125.746479;6;180;1;181
uc-case11;37029;611267.013003;118.157436;1;2724;0;2724
uc-case3;37029;7181.264177;95.341586;1;1916;0;1916
uccase10;37029;38988.693469;403.985961;1;2713;1;2714
uccase12;37029;11507.285324;38.320000;1;2060;0;2060
uccase7;37029;26527.789654;162.379998;1;3391;0;3391
uccase8;37029;11142.163196;63.982247;1;2777;0;2777
uccase9;37029;10819.582997;76.021209;1;4221;0;4221
uct-subprob;37029;242.000000;56.400387;1;56;0;56
umts;37029;91618146.215272;77.667697;2;50;0;50
unitcal_7;37029;19387712.348556;143.515421;2;863;0;863
usAbbrv-8-25_70;37029;95.000000;142.568932;3;38;0;38
usafa;37029;11.961749;2930.074494;2;49895;147;50042
v150d30-2hopcds;37029;52.000000;-0.000000;3;101;1;102
van;37029;1.723520;5.404444;1;2422;0;2422
var-smallemery-m6j6;37029;-156.056268;90.190835;2;1400;7;1407
vpm2;37029;13.372866;5.698001;2;1;0;1
vpphard;37029;0.000000;126.795208;1;221;3;224
vpphard2;37029;0.000000;224.687229;1;647;10;657
wachplan;37029;-9.000000;59.730159;1;37;0;37
wnq-n100-mw99-14;37029;194.184211;80.973684;3;4615;32;4647
xmas10-2;37029;-548.904684;180.189643;1;214;0;214
xmas10;37029;-449.063962;131.814139;7;200;0;200
z26;37029;-967.000000;0.000000;3;2732;43;2775
zeil;37029;813.510308;818.357568;2;85164;13;85177
zib54-UUE;37029;19164366.000000;-0.000000;2;52;0;52
10teams;1206151;917.000000;36.457830;1;36;0;36
22433;1206151;21552.708079;24.962328;5;6;0;6
23588;1206151;8342.863244;17.617619;4;3;0;3
2club200v15p5scn;1206151;-96.055556;38.611111;7;144;7;151
30n20b8;1206151;5530.000000;16.175931;2;100;1;101
30_70_45_05_100;1206151;105.000000;-0.000000;5;905;3;908
30_70_45_095_100;1206151;58.000000;-0.000000;5;747;2;749
30_70_45_095_98;1206151;369.000000;0.000000;6;835;3;838
50v-10;1206151;1493601.476062;-0.000000;2;5;0;5
a1c1s1;1206151;20912.873333;0.041667;2;32;0;32
a2c1s1;1206151;20866.082500;0.000000;2;33;0;33
ab51-40-100;1206151;-6461729251.000002;-0.000000;3;907;1;908
ab67-40-100;1206151;-7069213256.000004;-0.000000;3;2631;2;2633
ab69-40-100;1206151;-7004957456.999997;-0.000000;3;2003;1;2004
ab71-20-100;1206151;-6510510462.000000;-0.000000;3;236;1;237
ab72-40-100;1206151;-6898618453.000008;-0.000000;3;813;1;814
academictimetablebig;1206151;32.000000;1997.079231;2;3246;23;3269
academictimetablesmall;1206151;0.000000;324.856010;2;242;3;245
acc-tight2;1206151;0.000000;129.034401;1;33;0;33
acc-tight4;1206151;0.000000;135.271717;1;61;0;61
acc-tight5;1206151;0.000000;121.269585;1;249;0;249
acc-tight6;1206151;0.000000;123.251301;1;297;0;297
adult-max5features;1206151;0.081316;0.266955;1;869;3;872
adult-regularized;1206151;0.077684;0.234052;1;1979;3;1982
aflow30a;1206151;983.167425;6.510845;1;5;0;5
aflow40b;1206151;1005.664817;8.247724;1;21;0;21
air03;1206151;338864.250000;11.875000;1;71;0;71
air04;1206151;55535.436388;52.288553;1;228;0;228
air05;1206151;25877.609268;46.215654;1;147;0;147
aligninq;1206151;2755.000000;40.921868;7;16;0;16
allcolor10;1206151;6.000000;749.769481;2;152;1;153
allcolor58;1206151;42.000000;3883.602450;1;1174;5;1179
amaze22012-03-15i;1206151;0.000000;0.000000;1;41;2;43
amaze22012-06-28i;1206151;0.000000;0.000000;1;31;0;31
amaze22012-07-04i;1206151;0.000000;0.000000;1;25;0;25
app1-1;1206151;-2.000000;0.179678;3;59;0;59
app1-2;1206151;-23.000000;0.000001;2;3892;1;3893
app2-1;1206151;19298.500000;0.000000;2;33;0;33
app2-2;1206151;219402.500000;0.000000;3;1;0;1
app3;1206151;5627412.287938;3.142492;1;36;0;36
arki001;1206151;7579599.807787;17.164714;1;33;0;33
assign1-10-4;1206151;353.992926;52.000000;1;36;0;36
assign1-5-8;1206151;183.362555;24.000000;1;2;0;2
atlanta-ip;1206151;81.243206;325.689509;3;4400;6;4406
atm20-100;1206151;2141734.684878;124.301066;2;96;0;96
australia-abs-cta;1206151;0.000000;39.202778;1;84;0;84
b-ball;1206151;-1.818182;4.818182;1;0;0;0
b1c1s1;1206151;69966.450000;0.000000;2;30;0;30
b2c1s1;1206151;70651.010000;0.000000;2;33;0;33
bab1;1206151;-286923.824223;50.520000;1;259;5;264
bab2;1206151;-350926.440227;560.525267;2;8602;24;8626
bab3;1206151;-579370.271196;518.325237;2;33572;47;33619
bab5;1206151;-111134.599976;185.900250;2;617;2;619
bab6;1206151;-224575.783183;667.210836;2;5950;17;5967
bc;1206151;13.063318;0.063318;2;98;0;98
bc1;1206151;6.455580;0.016336;2;98;0;98
beasleyC1;1206151;102.000000;0.000000;2;2;0;2
beasleyC2;1206151;232.000000;0.000000;2;2;0;2
beasleyC3;1206151;958.000000;-0.000000;2;3;0;3
beavma;1206151;407840.400000;0.000000;3;1;0;1
berlin;1206151;1741.000000;0.000000;2;27;0;27
berlin_5_8_0;1206151;52.000000;70.733830;3;5;0;5
bg512142;1206151;323992.007013;52.989642;3;27;0;27
biella1;1206151;3060037.430763;98.771008;1;267;0;267
bienst1;1206151;11.724138;4.390524;1;2;0;2
bienst2;1206151;11.724138;5.390524;1;2;0;2
binkar10_1;1206151;6637.188027;9.084811;1;7;0;7
blend2;1206151;7.489992;0.492283;2;0;0;0
bley_xl1;1206151;265.699568;343.861165;6;21876;24;21900
bley_xs1;1206151;213538830.272187;107.270480;3;149;0;149
bley_xs1noM;1206151;251120149.512445;78.388210;8;118;2;120
bley_xs2;1206151;48593009.277766;66.021410;2;21;0;21
blp-ar98;1206151;14303.194003;9.189386;9;102;15;117
blp-ic97;1206151;6123.238237;3.473359;16;82;19;101
blp-ic98;1206151;14141.050706;0.100000;4;125;6;131
blp-ir98;1206151;5639.818879;2.497817;2;49;1;50
bmocbd;1206151;-32041010095048.539062;0.000000;1;753;6;759
bmocbd2;1206151;-31953009810558.203125;0.000000;1;720;6;726
bmocbd3;1206151;45423160355.817528;0.000000;2;16648;12;16660
bmoipr2;1206151;-46628940.711141;0.184434;3;81;1;82
bnatt350;1206151;0.000000;93.793362;6;63;1;64
bnatt400;1206151;0.000000;109.069591;9;82;1;83
bppc4-08;1206151;51.590000;9.776528;1;16;0;16
bppc6-02;1206151;108.340000;11.886994;1;148;0;148
bppc6-06;1206151;200.633333;14.947367;1;171;0;171
bppc8-02;1206151;486.500000;3.204377;1;1;0;1
bppc8-09;1206151;444.436047;5.981230;1;5;0;5
brasil;1206151;31819.000000;0.000000;2;24;0;24
brazil3;1206151;2.000000;656.675844;1;1015;1;1016
breastcancer-regularized;1206151;0.000460;0.002809;1;8;0;8
bts4-cta;1206151;33524.637606;1130.000000;1;581;0;581
buildingenergy;1206151;33246.215059;1468.850000;2;16257;4;16261
cap6000;1206151;-2446875.000000;0.000000;3;44;0;44
cbs-cta;1206151;0.000000;27.746030;1;110;0;110
cdc7-4-3-2;1206151;-231.000000;-0.000000;3;37134;5;37139
chromaticindex1024-7;1206151;4.000000;16002.682953;2;2354;10;2364
chromaticindex128-5;1206151;4.000000;2021.163699;2;130;1;131
chromaticindex256-8;1206151;4.000000;4069.477083;2;384;3;387
chromaticindex32-8;1206151;4.000000;504.887500;2;19;0;19
chromaticindex512-7;1206151;4.000000;8183.527137;2;1080;5;1085
ci-s4;1206151;4.963809;19.526141;2;61;0;61
circ10-3;1206151;140.000000;155.071429;1;170;1;171
cmflsp40-24-10-7;1206151;52605868.952858;70.700930;3;347;0;347
cmflsp40-36-2-10;1206151;72898024.959478;295.649246;3;791;0;791
cmflsp50-24-10-4;1206151;64492612.641644;81.236085;3;392;0;392
cmflsp50-24-8-8;1206151;59814378.749021;131.869460;3;338;0;338
cmflsp60-36-2-6;1206151;97887903.946142;370.689759;3;1663;0;1663
CMS750_4;1206151;250.000000;258.584847;3;131;1;132
co-100;1206151;1250429.774879;9.799423;2;274;19;293
cod105;1206151;-8.000000;0.000000;3;492;1;493
comp07-2idx;1206151;0.000000;139.650000;2;1303;2;1305
comp08-2idx;1206151;0.000000;189.588538;3;173;1;174
comp12-2idx;1206151;11.000000;251.466598;3;1266;2;1268
comp16-3idx;1206151;4.000000;720.391848;1;8478;2;8480
comp21-2idx;1206151;0.000000;197.950000;2;836;1;837
control30-3-2-3;1206151;-20763026.787568;27.970540;1;6;0;6
core2536-691;1206151;803.000000;-0.000000;3;1685;4;1689
core2586-950;1206151;1162.000000;-0.000000;3;934;3;937
core4284-1064;1206151;1300.000000;-0.000000;3;5615;6;5621
core4872-1529;1206151;1844.000000;-0.000000;3;3353;6;3359
cost266-UUE;1206151;42001606.280000;-0.000000;2;87;0;87
cov1075;1206151;35.000000;0.000000;2;7;0;7
cryptanalysiskb128n5obj16;1206151;0.000000;7174.215397;2;851;7;858
csched007;1206151;269.251587;22.185714;1;39;0;39
csched008;1206151;171.000000;19.560203;1;9;0;9
csched010;1206151;332.422727;19.770202;1;36;0;36
cvrpa-n64k9vrpi;1206151;0.000000;206.143617;1;380;3;383
cvrpb-n45k5vrpi;1206151;0.000000;154.740458;1;142;1;143
cvrpp-n16k8vrpi;1206151;0.000000;50.204545;1;33;0;33
cvrpsimple2i;1206151;0.000000;19.850000;1;2;0;2
cvs08r139-94;1206151;-24.000000;-0.000000;3;15;0;15
cvs16r106-72;1206151;-10.000000;-0.000000;3;32;0;32
cvs16r128-89;1206151;-11.000000;-0.000000;3;40;0;40
cvs16r70-62;1206151;-5.000000;0.000000;3;35;0;35
cvs16r89-60;1206151;-7.000000;0.000000;3;35;0;35
d10200;1206151;12425.583005;34.236879;1;58;0;58
d20200;1206151;12229.625788;62.339279;1;329;1;330
dale-cta;1206151;0.000000;0.004764;1;313;0;313
dano3mip;1206151;576.231620;15.294513;1;1637;0;1637
dano3_3;1206151;576.231620;1.932181;1;1756;0;1756
dano3_5;1206151;576.231620;2.871834;1;1707;0;1707
danoint;1206151;62.637280;5.819184;1;13;0;13
dc1c;1206151;1754946.863638;139.834191;1;284;0;284
dc1l;1206151;203554787.784329;-0.000000;3;1158;16;1174
dcmulti;1206151;184858.396836;12.823814;3;3;0;3
decomp1;1206151;-120.000000;98.000000;1;44;0;44
decomp2;1206151;-160.000000;93.138889;1;53;0;53
dfn-bwin-DBE;1206151;797567.400000;0.000000;2;34;0;34
dfn-gwin-UUM;1206151;27467.257235;5.653537;1;1;0;1
dg012142;1206151;5895516.340434;39.442147;5;205;0;205
diameterc-mstc-v20a190d5i;1206151;291.000000;56.700000;1;34;0;34
diameterc-msts-v40a100d5i;1206151;324.000000;100.121212;1;38;0;38
disctom;1206151;-5000.000000;51.166667;1;222;0;222
disktom;1206151;-5000.000000;51.166667;1;204;0;204
dolom1;1206151;6556066.068315;110.606017;1;458;1;459
drayage-100-12;1206151;21458.311901;45.375525;1;59;0;59
drayage-100-23;1206151;11714.141979;44.659861;1;131;0;131
drayage-25-23;1206151;11714.141979;44.421956;1;139;0;139
drayage-25-27;1206151;26785.797043;41.335416;1;63;0;63
drayage-25-32;1206151;32519.997253;41.203921;1;61;0;61
ds-big;1206151;86.820068;30.669231;1;7964;22;7986
ds;1206151;57.234565;33.463549;1;1107;7;1114
dws008-01;1206151;708.876687;16.484655;2;58;0;58
dws008-03;1206151;717.896796;9.217365;2;163;2;165
dws012-01;1206151;3450.401707;26.235704;2;122;1;123
dws012-02;1206151;1584.690892;16.166549;2;223;2;225
dws012-03;1206151;1998.123968;18.170643;2;304;4;308
eil33-2;1206151;811.278996;3.615630;1;37;0;37
eilA101-2;1206151;803.373888;7.408683;1;887;7;894
eilB101;1206151;1075.247691;12.807028;1;20;0;20
eilC76-2;1206151;725.754458;7.780208;1;287;2;289
ej;1206151;1.000000;0.243844;1;0;0;0
elitserienhandball11i;1206151;0.000000;1421.352265;1;249;1;250
elitserienhandball13i;1206151;0.000000;1357.692232;1;260;1;261
elitserienhandball14i;1206151;0.000000;1543.757700;1;261;1;262
elitserienhandball3i;1206151;0.000000;1525.315516;1;247;1;248
enlight13;1206151;0.000000;0.500000;1;0;0;0
enlight15;1206151;0.000000;0.500000;1;0;0;0
enlight8;1206151;0.000000;0.500000;1;0;0;0
enlight_hard;1206151;0.000000;14.500000;1;0;0;0
eva1aprime5x5opt;1206151;-497.247729;0.959853;1;346;0;346
eva1aprime6x6opt;1206151;-495.492430;9.408398;1;1896;0;1896
ex10;1206151;100.000000;100.000000;1;17841;6;17847
ex1010-pi;1206151;314.000000;0.000000;3;780;5;785
ex9;1206151;81.000000;81.000000;1;1667;3;1670
exp-1-500-5-5;1206151;97666.305541;4.045842;2;2;0;2
f2000;1206151;1383.000000;1280.000000;2;3593;0;3593
f2gap201600;1206151;76429.862296;1.402159;1;3;0;3
f2gap401600;1206151;82274.237434;1.190020;1;5;0;5
f2gap40400;1206151;20650.898154;3.253580;1;1;0;1
f2gap801600;1206151;86570.120867;5.266841;1;5;0;5
fast0507;1206151;221.000000;-0.000000;3;607;12;619
fastxgemm-n2r6s0t2;1206151;27.000000;9.000000;1;32;0;32
fastxgemm-n2r7s4t1;1206151;27.000000;9.000000;1;35;0;35
fastxgemm-n3r21s3t6;1206151;84.000000;27.000000;1;2408;0;2408
fastxgemm-n3r22s4t6;1206151;84.000000;27.000000;1;2663;0;2663
fastxgemm-n3r23s5t6;1206151;84.000000;27.000000;1;2629;0;2629
fhnw-binpack4-48;1206151;0.000000;333.285714;2;153;0;153
fhnw-binpack4-58;1206151;0.000000;467.321429;2;143;1;144
fhnw-binpack4-77;1206151;0.000000;207.310714;2;122;0;122
fhnw-binschedule0;1206151;12632.888779;685.581929;3;12360;43;12403
fhnw-binschedule2;1206151;1706.886254;154.751416;3;191;4;195
fhnw-schedule-paira100;1206151;-36.643681;5.147307;2;143;0;143
fhnw-schedule-paira200;1206151;-73.826479;8.938667;2;264;3;267
fhnw-schedule-paira400;1206151;-146.941079;19.264310;2;1466;12;1478
fhnw-schedule-pairb200;1206151;-73.826479;516.184695;2;1266;6;1272
fhnw-schedule-pairb400;1206151;-146.941079;2338.646383;2;7825;25;7850
fhnw-sq2;1206151;0.000000;15.527645;1;4;0;4
fiball;1206151;137.069168;68.996028;1;117;1;118
fiber;1206151;1023943.760000;9.839127;2;3;0;3
fillomino7x7-0i;1206151;0.000000;0.000000;1;27;0;27
fixnet6;1206151;12170.000000;-0.000000;2;1;0;1
fjspeasy01i;1206151;216.000000;0.000000;1;34;0;34
flugpl;1206151;1167185.725592;3.538918;1;0;0;0
g200x740;1206151;45614.000000;-0.000000;2;2;0;2
g200x740i;1206151;44069.000000;-0.000000;2;2;0;2
gasprod1-1;1206151;4539.907530;51.519800;7885;739;6267;7006
gasprod1-2;1206151;1691.141291;51.497411;6853;553;4719;5272
gasprod1-3;1206151;3682.336923;49.221179;8368;615;6053;6668
gasprod2-1;1206151;1306101.609201;404.201103;19;1728;17;1745
gasprod2-2;1206151;1330631.091637;502.800224;36;1782;28;1810
gen-ip002;1206151;-511.036897;0.000000;3;0;0;0
gen-ip016;1206151;-9505.628173;1.906914;1;0;0;0
gen-ip021;1206151;6642.052620;2.217259;4;0;0;0
gen-ip036;1206151;-2162.833562;0.000000;3;0;0;0
gen-ip054;1206151;16786.476526;1.032398;5;0;0;0
gen;1206151;112130.040664;7.929263;1;3;0;3
genus-g31-8;1206151;-27.000000;112.333333;1;998;1;999
genus-g61-25;1206151;-58.000000;262.979034;1;842;2;844
genus-sym-g31-8;1206151;-27.000000;154.805251;2;3851;3;3854
genus-sym-g62-2;1206151;-54.000000;255.080518;2;21752;3;21755
genus-sym-grafo5708-48;1206151;-27.000000;115.165439;1;1251;0;1251
ger50-17-ptp-pop-3t;1206151;3466.324873;45.213645;1;110;0;110
ger50-17-ptp-pop-6t;1206151;6804.447088;50.477969;1;83;0;83
ger50-17-trans-dfn-3t;1206151;3453.475245;37.741927;1;153;1;154
ger50-17-trans-pop-3t;1206151;3456.252922;49.487013;1;159;1;160
ger50_17_trans;1206151;6850.628623;48.226110;1;145;1;146
germanrr;1206151;46445702.956442;53.468182;2;630;3;633
germany50-DBM;1206151;438028.000000;23.400000;1;133;0;133
germany50-UUM;1206151;597932.500000;24.400000;1;35;0;35
gesa2-o;1206151;25748173.191117;13.380406;2;4;0;4
gesa2;1206151;25477017.874283;13.267370;2;6;0;6
gfd-schedulen180f7d50m30k18-16i;1206151;18.000000;108.385679;1;5839;100;5939
gfd-schedulen180f7d50m30k18;1206151;1.000000;5019.413851;2;3390;24;3414
gfd-schedulen25f5d20m10k3i;1206151;3.000000;13.619895;1;65;1;66
gfd-schedulen55f2d50m30k3i;1206151;3.000000;27.695911;1;165;3;168
ghoulomb4-9-10i;1206151;9.000000;0.000000;1;65;2;67
glass-sc;1206151;23.000000;0.000000;3;122;1;123
glass4;1206151;800002400.000000;2.059524;1;1;0;1
gmu-35-40;1206151;-2400283.756506;1.911023;2;9;0;9
gmu-35-50;1206151;-2606307.146543;3.420099;2;19;0;19
gmut-75-50;1206151;-14182312.661731;4.988967;1;571;5;576
gmut-76-40;1206151;-14171086.316075;9.054451;1;210;1;211
gmut-76-50;1206151;-14173884.188063;4.201959;1;442;5;447
gmut-77-40;1206151;-14173396.636852;2.973250;1;243;1;244
go19;1206151;96.000000;-0.000000;3;4;0;4
gr4x6;1206151;229.050000;-0.000000;2;0;0;0
graph20-20-1rand;1206151;-37.000000;48.000000;1;40;0;40
graph20-80-1rand;1206151;-117.000000;142.000000;1;1572;1;1573
graph40-20-1rand;1206151;-157.000000;185.500000;1;4363;3;4366
graph40-40-1rand;1206151;-300.000000;341.969290;1;91559;10;91569
graphdraw-domain;1206151;12672.000000;21.071817;1;2;0;2
graphdraw-gemcutter;1206151;4310.000000;15.521554;1;1;0;1
graphdraw-grafo2;1206151;35762.000000;368.152985;1;762;3;765
graphdraw-mainerd;1206151;30496.000000;97.975651;1;84;0;84
graphdraw-opmanager;1206151;54717.000000;207.745488;1;438;1;439
gsvm2rl11;1206151;35640.343493;0.000000;2;372;0;372
gsvm2rl12;1206151;50.000000;-0.000000;2;509;0;509
gsvm2rl3;1206151;0.600000;-0.000000;2;3;0;3
gsvm2rl5;1206151;10.000000;-0.000000;2;8;0;8
gsvm2rl9;1206151;16356.825869;0.000000;2;62;0;62
gt2;1206151;13460.233074;0.728107;1;0;0;0
h50x2450;1206151;11147.731511;3.696751;1;28;0;28
h80x6320;1206151;3700.000000;0.000000;1;24;0;24
h80x6320d;1206151;5325.160104;2.515625;1;41;0;41
hanoi5;1206151;1926.000000;332.000000;4;148;1;149
haprp;1206151;3665963.213506;96.940858;1;4;0;4
harp2;1206151;-74353341.502300;5.485338;1;6;0;6
hgms-det;1206151;-53824.391476;32.676364;1;239;0;239
hgms30;1206151;-53349.215497;60.694272;1;8929;0;8929
hgms62;1206151;-53416.649907;61.317531;1;26445;0;26445
hypothyroid-k1;1206151;-2902.852586;39.591978;1;7951;2;7953
ic97_potential;1206151;4089.000000;54.966667;2;4;0;4
ic97_tension;1206151;3911.000000;15.366667;2;2;0;2
icir97_potential;1206151;6612.000000;166.866667;2;47;0;47
icir97_tension;1206151;6302.000000;97.366667;2;4;0;4
iis-100-0-cov;1206151;41.000000;0.000000;3;116;0;116
iis-bupa-cov;1206151;49.000000;-0.000000;3;169;1;170
iis-glass-cov;1206151;28.000000;0.000000;3;131;1;132
iis-hc-cov;1206151;22.000000;0.000000;3;172;3;175
iis-pima-cov;1206151;41.000000;-0.000000;3;227;1;228
irp;1206151;12123.530222;6.000000;1;77;1;78
istanbul-no-cutoff;1206151;51.110000;3.607411;1;432;0;432
ivu06-big;1206151;135.427718;95.799872;1;55946;164;56110
ivu06;1206151;135.901353;97.120377;1;15934;55;15989
ivu52;1206151;480.250439;81.742183;1;6978;15;6993
ivu59;1206151;884.456993;122.893682;1;106830;236;107066
janos-us-DDM;1206151;1488134.750000;22.375000;1;5;0;5
k16x240;1206151;11359.000000;0.000000;2;0;0;0
k16x240b;1206151;12874.000000;0.000000;2;0;0;0
k1mushroom;1206151;-4165.061224;43.877551;1;16829;7;16836
k1mushroomi;1206151;-4208.000000;0.000000;1;192;6;198
khb05250;1206151;126785464.000000;0.000000;2;1;0;1
l2p12;1206151;2.000000;1091.539196;1;335;1;336
l2p1i;1206151;1.000000;333.207461;1;794;13;807
l2p2i;1206151;1.000000;616.416460;1;56;1;57
lectsched-1-obj;1206151;0.000000;5.975758;2;227;6;233
lectsched-1;1206151;0.000000;3.151515;2;199;5;204
lectsched-2;1206151;0.000000;17.149242;5;113;7;120
lectsched-3;1206151;0.000000;21.203788;6;216;14;230
lectsched-4-obj;1206151;0.000000;12.853788;6;63;3;66
lectsched-5-obj;1206151;0.000000;4.117424;2;207;4;211
leo1;1206151;1181219706.240000;-0.000000;3;77;2;79
leo2;1206151;1344214233.440000;0.000000;3;167;4;171
liu;1206151;346.000000;11.003653;2;6;0;6
loopha13;1206151;6.279000;1.102160;2;204;1;205
lotsize;1206151;1335747.052789;7.405615;2;8;0;8
lr1dr02vc05v8a-t360;1206151;120706.326475;174.298112;1;907;0;907
lr1dr04vc05v17a-t360;1206151;247111.692480;335.090553;1;1693;1;1694
lr1dr12vc10v70b-t360;1206151;983950.247945;1069.593454;1;47050;10;47060
lr2-22dr3-333vc4v17a-t60;1206151;-72838.215835;239.748662;2;36371;8;36379
lrn;1206151;42701141.648089;65.099086;2;481;0;481
m100n500k4r1;1206151;-20.000000;-0.000000;3;7;0;7
macrophage;1206151;0.000000;339.000000;1;32;0;32
mad;1206151;0.000000;3.254396;1;1;0;1
manna81;1206151;-11868.000000;0.000000;3;41;0;41
map06;1206151;-406.181173;7.868443;1;2519;1;2520
map10;1206151;-602.176181;11.248146;1;2911;1;2912
map14;1206151;-778.549324;11.962355;1;2321;1;2322
map14860-20;1206151;-998.836419;10.400693;1;2509;1;2510
map16715-04;1206151;-296.267898;4.997036;1;2331;1;2332
map18;1206151;-932.782685;11.173489;1;2254;1;2255
map20;1206151;-998.836419;10.400693;1;2527;1;2528
mappingmesh3x3mpeg2i;1206151;87.555556;87.202393;1;36;0;36
mario-t-hard5i;1206151;-4482.000000;20.339623;1;1430;2;1432
markshare1;1206151;230.000000;0.000000;2;0;0;0
markshare2;1206151;454.000000;-0.000000;2;0;0;0
markshare_4_0;1206151;226.000000;0.000000;2;0;0;0
markshare_5_0;1206151;337.000000;0.000000;2;0;0;0
mas74;1206151;10482.795280;3.103514;1;1;0;1
mas76;1206151;38893.903641;2.555097;1;1;0;1
maxgasflow;1206151;-70929535.900000;662.357640;2;57;0;57
mc11;1206151;13509.000000;-0.000000;2;28;0;28
mc7;1206151;5796.000000;-0.000000;2;27;0;27
mc8;1206151;1929.000000;-0.000000;2;28;0;28
mcsched;1206151;193774.753707;340.221655;1;122;0;122
methanosarcina;1206151;0.000000;313.000000;1;106;0;106
mik-250-1-100-1;1206151;-0.000000;0.000000;2;2;0;2
mik-250-20-75-1;1206151;-0.000000;0.000000;2;3;0;3
mik-250-20-75-2;1206151;-0.000000;-0.000000;2;3;0;3
mik-250-20-75-3;1206151;-0.000000;-0.000000;2;3;0;3
mik-250-20-75-4;1206151;-0.000000;-0.000000;2;3;0;3
mik-250-20-75-5;1206151;0.000000;-0.000000;2;3;0;3
milo-v12-6-r1-58-1;1206151;410986.648167;129.905800;1;92;0;92
milo-v12-6-r1-75-1;1206151;669700.757896;208.836475;1;105;0;105
milo-v12-6-r2-40-1;1206151;205532.322265;97.329375;1;65;0;65
milo-v13-4-3d-3-0;1206151;23359.288017;1.476277;1;12;0;12
milo-v13-4-3d-4-0;1206151;34031.171805;2.550972;1;23;0;23
mine-166-5;1206151;-821763677.673139;187.331384;1;194;0;194
mine-90-10;1206151;-887165318.510226;202.375368;1;156;0;156
mining;1206151;-885962268.692866;8562.753844;62;125036;1659;126695
minutedispatchstrategy;1206151;1898.391429;412.137934;2;1545;3;1548
misc07;1206151;1415.000000;8.000000;1;3;0;3
mitre;1206151;114740.518481;224.156743;1;113;0;113
mkc;1206151;-581.850000;16.208843;3;36;0;36
mkc1;1206151;-611.850000;3.942199;3;37;0;37
mod010;1206151;6532.083333;14.166667;1;16;0;16
modglob;1206151;20786787.016883;-0.000000;2;2;0;2
moj-mining;1206151;-1520532907.350177;566.626558;2;46606;0;46606
momentum1;1206151;134660.011921;48.045264;2;1083;1;1084
momentum2;1206151;61266.821316;84.616225;3;764;2;766
momentum3;1206151;107721.824270;144.721031;3;8701;1;8702
mrcpspj30-15-5i;1206151;23.000000;189.992887;1;39;0;39
mrcpspj30-17-10i;1206151;25.000000;28.677778;1;35;0;35
mrcpspj30-53-3i;1206151;30.000000;43.135185;1;37;0;37
msc98-ip;1206151;19520966.151663;393.288169;2;2790;2;2792
mspp16;1206151;341.000000;1.241379;1;27827;146;27973
mspsphard01i;1206151;16.000000;0.000000;1;45;0;45
mspsphard03i;1206151;20.000000;0.000000;1;86;1;87
mtest4ma;1206151;60342.000000;0.000000;2;2;0;2
mushroom-best;1206151;0.000013;0.020200;1;471;1;472
mzzv11;1206151;-22556.460829;174.328454;2;424;1;425
mzzv42z;1206151;-18842.814586;198.473995;2;311;1;312
n13-3;1206151;14401970.000000;-0.000000;2;30;0;30
n15-3;1206151;71710891.000000;0.000000;2;3300;0;3300
n2seq36f;1206151;71600.000000;-0.000000;3;34;1;35
n2seq36q;1206151;116003.593822;43.392098;3;158;3;161
n3-3;1206151;24303430.000000;-0.000000;2;151;0;151
n3700;1206151;1342560.000000;0.000000;2;34;0;34
n3705;1206151;1342540.000000;0.000000;2;32;0;32
n3707;1206151;1301218.000000;0.000000;2;30;0;30
n3709;1206151;1324904.000000;-0.000000;2;29;0;29
n370a;1206151;1353042.000000;-0.000000;2;28;0;28
n370b;1206151;1373791.000000;-0.000000;2;30;0;30
n3div36;1206151;174200.000000;-0.000000;3;147;7;154
n3seq24;1206151;189433.068485;51.670786;3;2955;59;3014
n4-3;1206151;13501875.000000;-0.000000;2;62;0;62
n5-3;1206151;12301325.000000;-0.000000;2;17;0;17
n6-3;1206151;16502900.000000;-0.000000;2;38;0;38
n7-3;1206151;14704310.000000;-0.000000;2;41;0;41
n9-3;1206151;20703625.000000;-0.000000;2;151;0;151
nag;1206151;465.000000;13.770256;3;48;0;48
neos-1061020;1206151;-145860.370608;500.756757;1;928;0;928
neos-1067731;1206151;669053.000000;81.272727;1;504;0;504
neos-1109824;1206151;278.000000;22.000000;1;58;0;58
neos-1112782;1206151;22000000110147.347656;0.000000;2;25;0;25
neos-1112787;1206151;19500000125389.667969;0.000000;2;21;0;21
neos-1122047;1206151;161.000000;0.495966;2;495;0;495
neos-1171448;1206151;-309.000000;0.936995;2;81;0;81
neos-1171692;1206151;-273.000000;3.730892;2;39;0;39
neos-1171737;1206151;-195.000000;8.004699;2;41;0;41
neos-1225589;1206151;5000000000.000000;-0.000000;2;2;0;2
neos-1311124;1206151;-182.000000;5.000000;2;4;0;4
neos-1324574;1206151;4.500000;144.000000;1;34;0;34
neos-1330346;1206151;4.500000;76.500000;1;121;0;121
neos-1337307;1206151;-201272.000000;272.493985;2;53;0;53
neos-1354092;1206151;46.000000;238.398385;2;1055;1;1056
neos-1367061;1206151;31320456.264497;3.750000;2;1815;1;1816
neos-1396125;1206151;3000.053717;12.531496;2;8;0;8
neos-1420546;1206151;22124.400000;103.140678;1;384;0;384
neos-1420790;1206151;2942.750002;75.132359;1;50;0;50
neos-1423785;1206151;-1816.666667;311.971400;1;233;0;233
neos-1425699;1206151;3175204364.635297;5.264952;1;0;0;0
neos-1426635;1206151;-178.000000;6.429182;2;2;0;2
neos-1426662;1206151;-52.000000;10.501303;2;4;0;4
neos-1429212;1206151;30.000000;713.975748;1;5465;14;5479
neos-1430701;1206151;-78.000000;6.669599;2;2;0;2
neos-1436709;1206151;-129.000000;3.502607;2;3;0;3
neos-1440225;1206151;36.000000;33.503789;1;97;0;97
neos-1440460;1206151;-180.000000;4.859750;2;2;0;2
neos-1442119;1206151;-182.000000;2.580471;2;3;0;3
neos-1442657;1206151;-156.000000;4.002933;2;3;0;3
neos-1445532;1206151;-22877.000000;8.217460;2;88;0;88
neos-1445738;1206151;-24232.548846;16.301135;1;140;0;140
neos-1445743;1206151;-24579.832968;16.920281;1;144;0;144
neos-1445765;1206151;-24699.197660;17.625849;1;153;0;153
neos-1456979;1206151;154.000000;8.434222;1;41;0;41
neos-1516309;1206151;34769.833333;9.166667;2;27;0;27
neos-1582420;1206151;88.398466;56.693409;5;79;1;80
neos-1593097;1206151;4424.000000;55.795872;1;117;1;118
neos-1599274;1206151;32194.742857;6.464286;3;36;1;37
neos-1601936;1206151;1.000000;155.387702;1;850;0;850
neos-1603965;1206151;619244367.662955;0.000913;1;632;0;632
neos-1605061;1206151;6.150735;159.498166;1;2384;0;2384
neos-1605075;1206151;3.214461;176.495942;1;1950;0;1950
neos-1616732;1206151;174.000000;0.000000;3;6;0;6
neos-1620770;1206151;22.000000;35.000000;2;45;0;45
neos-2294525-abba;1206151;156.177251;16.071056;1;87;0;87
neos-2328163-agri;1206151;26069.000000;54.900000;1;70;0;70
neos-2624317-amur;1206151;0.000000;33.918936;1;2;0;2
neos-2629914-sudost;1206151;39622.000000;7.942933;1;210;0;210
neos-2652786-brda;1206151;0.000000;19.477348;2;1;0;1
neos-2657525-crna;1206151;0.000000;28.234944;2;1;0;1
neos-2669500-cust;1206151;2221.900000;230.198620;2;910;12;922
neos-2746589-doon;1206151;1985.750000;129.965898;2;295;5;300
neos-2974461-ibar;1206151;473452396.770997;3364.000000;2;208215;40;208255
neos-2978193-inde;1206151;-2.418518;7.400000;1;61;0;61
neos-2978205-isar;1206151;-12.415307;29.800000;1;211;0;211
neos-2987202-jeir;1206151;-1847551552.236608;1035.632796;2;66471;1;66472
neos-2987310-joes;1206151;-610797465.676974;19.875000;2;1649;0;1649
neos-2991472-kalu;1206151;459.673619;4.824670;13792;4291;764085;768376
neos-3004026-krka;1206151;0.000000;832.000000;1;52;0;52
neos-3009394-lami;1206151;0.642857;216.114286;2;4;0;4
neos-3024952-loue;1206151;22882.000000;103.300000;1;229;0;229
neos-3025225-shelon;1206151;0.052574;323.690533;1;99817;49;99866
neos-3046601-motu;1206151;185.000000;0.449200;1;1;0;1
neos-3046615-murg;1206151;192.000000;0.345800;1;0;0;0
neos-3048764-nadi;1206151;-3883988306.366695;0.000000;2;40;0;40
neos-3065804-namu;1206151;0.000000;0.000000;1;211;0;211
neos-3068746-nene;1206151;77427529.530929;55.412658;2;140;0;140
neos-3072252-nete;1206151;10593526.000000;1.938794;2;1;0;1
neos-3075395-nile;1206151;54.924462;0.000480;1;163;0;163
neos-3083784-nive;1206151;0.000000;12.000000;1;25;0;25
neos-3083819-nubu;1206151;6290575.552807;13.541087;1;47;0;47
neos-3116779-oban;1206151;0.000000;0.000000;1;24;0;24
neos-3118745-obra;1206151;357.000000;-0.000000;2;3;0;3
neos-3148108-pahi;1206151;0.000000;0.000000;1;269;1;270
neos-3209462-rhin;1206151;0.000000;49.451220;2;3960;1;3961
neos-3209519-ruhr;1206151;332.850000;25.900482;1;61;0;61
neos-3214367-sovi;1206151;87802.732596;99.258257;1;2053;0;2053
neos-3216931-puriri;1206151;58817.353066;51.622705;1;1199;0;1199
neos-3226448-wkra;1206151;0.000000;512.043709;1;766;0;766
neos-3237086-abava;1206151;0.000000;96.000000;1;265;2;267
neos-3322547-alsek;1206151;616.000000;115.178534;2;10173;66;10239
neos-3352863-ancoa;1206151;495300.000000;-0.000000;2;668;10;678
neos-3354841-apure;1206151;48447.926267;3.552995;1;2955;27;2982
neos-3355120-tarago;1206151;-20453473.616781;80.899969;1;594;1;595
neos-3355323-arnon;1206151;0.000000;21.818182;4;73;3;76
neos-3372571-onahau;1206151;0.576990;8.695953;2;1433;0;1433
neos-3373491-avoca;1206151;21687686014.015358;26.555947;1;7;0;7
neos-3381206-awhea;1206151;432.000000;61.334767;2;5;0;5
neos-3402294-bobin;1206151;0.000000;35.009213;1;1047;10;1057
neos-3426085-ticino;1206151;235.000000;41.787470;3;31;0;31
neos-3426132-dieze;1206151;427.000000;103.670666;2;68;0;68
neos-3437289-erdre;1206151;0.000000;0.000000;1;84;1;85
neos-3530903-gauja;1206151;170.000000;33.253136;3;4;0;4
neos-3530905-gaula;1206151;153.000000;29.042208;2;4;0;4
neos-3555904-turama;1206151;-41.450000;29.464286;1;861;4;865
neos-3572885-glina;1206151;0.000000;0.000000;1;429;2;431
neos-3581454-haast;1206151;1640.000000;52.000000;1;102;0;102
neos-3592146-hawea;1206151;7237144.855333;13.694653;1;43;0;43
neos-3594536-henty;1206151;383205.000000;2496.000000;1;141;1;142
neos-3603137-hoteo;1206151;0.000000;34.208333;3;41;1;42
neos-3610040-iskar;1206151;45.000000;0.000000;2;2;0;2
neos-3610051-istra;1206151;64.000000;0.000000;2;8;0;8
neos-3610173-itata;1206151;180.000000;-0.000000;2;6;0;6
neos-3611447-jijia;1206151;129.000000;-0.000000;2;3;0;3
neos-3611689-kaihu;1206151;151.000000;-0.000000;2;3;0;3
neos-3615091-sutlej;1206151;-1506391.117177;170.000000;1;1706;9;1715
neos-3627168-kasai;1206151;1020229.400000;0.000000;2;3;0;3
neos-3634244-kauru;1206151;0.000000;152.720000;1;4415;10;4425
neos-3636886-kereu;1206151;4092.957540;0.000020;2;53;1;54
neos-3656078-kumeu;1206151;-18774.700000;144.152983;2;213;1;214
neos-3660371-kurow;1206151;286.534383;18.305351;1;36;0;36
neos-3661949-lesse;1206151;688975700.000000;0.000260;2;54;0;54
neos-3665875-lesum;1206151;248.325000;39.496094;4;69;0;69
neos-3682128-sandon;1206151;79915933.274829;141.641588;2;261;1;262
neos-3691541-lonja;1206151;-0.079271;1.110009;2;39;0;39
neos-3695882-vesdre;1206151;-145935.214286;38.625310;1;508;3;511
neos-3696678-lyvia;1206151;4.906890;306.477181;2;44;0;44
neos-3699377-maori;1206151;135877.224265;88.272067;2;101;0;101
neos-3703351-marne;1206151;317056.210386;66.756370;2;59;0;59
neos-3740487-motru;1206151;152.145486;83.106404;2;41437;63;41500
neos-3754480-nidda;1206151;-1216923.270104;12.186832;1;3;0;3
neos-3755335-nizao;1206151;50.030157;72.893283;2;525;1;526
neos-3759587-noosa;1206151;48.334468;3.376667;2;346;1;347
neos-3761878-oglio;1206151;422769.022545;76.021852;2;47;0;47
neos-3762025-ognon;1206151;603955.746492;55.414542;2;36;0;36
neos-4165869-wannon;1206151;282.410166;67.168679;3;623;5;628
neos-4230265-orari;1206151;10055874880.871296;2982.245145;241;4397;149;4546
neos-4260495-otere;1206151;3336.109119;251.271690;2;861;15;876
neos-4285819-pedja;1206151;9.198014;17.924816;2;126549;91;126640
neos-4290317-perth;1206151;6352398.055740;0.000000;2;608;1;609
neos-4292145-piako;1206151;203075008.660562;3215.980526;241;3437;150;3587
neos-4295773-pissa;1206151;0.000000;3220.505376;1;5269;4;5273
neos-4300652-rahue;1206151;0.000000;49.000000;2;698;2;700
neos-4306827-ravan;1206151;-35696.901913;2144.305389;5;755;35;790
neos-4321076-ruwer;1206151;1880.558333;39.333333;1;15684;1;15685
neos-4322846-ryton;1206151;0.419848;26.000000;1;514;5;519
neos-4332801-seret;1206151;222328.384492;6070.103294;3;116910;2704;119614
neos-4332810-sesia;1206151;-33931.341204;4092.283880;13;109544;9695;119239
neos-4333464-siret;1206151;24.731464;0.125000;2;63;0;63
neos-4333596-skien;1206151;-14653956.914930;0.180763;1;19;0;19
neos-4335793-snake;1206151;0.000000;300.868689;2;1100;2;1102
neos-4338804-snowy;1206151;1447.000000;0.330000;3;5;0;5
neos-4343293-stony;1206151;51.627360;0.500000;2;76;0;76
neos-4355351-swalm;1206151;33.822611;0.094819;2;196;3;199
neos-4358725-tagus;1206151;6199.400001;198.323744;73;620;20;640
neos-4359986-taipa;1206151;0.296593;39.062139;1;1127;1;1128
neos-4360552-sangro;1206151;-29.500000;557.645354;1;13002;1;13003
neos-4387871-tavua;1206151;36.445048;0.200000;2;50;0;50
neos-4391920-timok;1206151;0.000009;37.747142;1;6827;4;6831
neos-4393408-tinui;1206151;340.267489;0.200000;2;51;0;51
neos-4408804-prosna;1206151;914.483516;66.321429;1;2848;1;2849
neos-4409277-trave;1206151;0.000000;347.723278;1;2371;1;2372
neos-4413714-turia;1206151;43.474651;371.333441;1;1968;10;1978
neos-4532248-waihi;1206151;0.000000;26.333333;1;688;4;692
neos-4533806-waima;1206151;3063.318841;99.000000;1;1126;9;1135
neos-4545615-waita;1206151;3606.594190;108.263827;1;15554;71;15625
neos-4555749-wards;1206151;3026.812121;68.666667;1;926;9;935
neos-4562542-watut;1206151;3743.304348;85.428571;1;3559;13;3572
neos-4647027-thurso;1206151;26911.641616;127.083433;1;2517;0;2517
neos-4647030-tutaki;1206151;26911.641616;130.175014;1;2805;0;2805
neos-4647032-veleka;1206151;26587.908699;174.815461;1;3860;0;3860
neos-4650160-yukon;1206151;-22688.547680;228.864000;1;4;0;4
neos-4722843-widden;1206151;1841.255082;1452.768981;2;410;6;416
neos-4724674-aorere;1206151;3758.753179;59.078997;3;520;11;531
neos-4736745-arroux;1206151;653873224.676537;1.560199;2;42;0;42
neos-4738912-atrato;1206151;617323325.173629;52.400465;2;49;0;49
neos-4754521-awarau;1206151;0.000000;0.000000;1;1355;7;1362
neos-4760493-puerua;1206151;1908.243695;237.071976;1;33225;3;33228
neos-476283;1206151;406.244708;4.622056;2;4224;0;4224
neos-4763324-toguru;1206151;1120.986062;232.945926;1;34434;2;34436
neos-4797081-pakoka;1206151;0.000000;827.858104;1;6091;3;6094
neos-4805882-barwon;1206151;1676.929283;206.756435;2;242;2;244
neos-480878;1206151;515.138796;1.008444;2;20;0;20
neos-4954274-beardy;1206151;18659.208282;301.285291;2;1056;2;1058
neos-4954672-berkel;1206151;3733961.000000;4.007059;2;3;0;3
neos-4966258-blicks;1206151;354.545455;450.828848;3;1547;4;1551
neos-4971100-bodrog;1206151;0.000000;-0.000000;2;84;0;84
neos-4972437-bojana;1206151;355.557128;31.979415;2;8899;4;8903
neos-4972461-bolong;1206151;465.045599;50.250248;2;4843;3;4846
neos-4976951-bunnoo;1206151;375.694372;25.259996;2;7066;4;7070
neos-4984115-canche;1206151;-10414620.716097;6.967648;1;17885;0;17885
neos-498623;1206151;16.000000;44.057510;1;122;0;122
neos-5013590-toitoi;1206151;1064.447092;169.000000;1;12461;1;12462
neos-5018451-chiese;1206151;-149772385.216405;18.530618;1;66112;1;66113
neos-503737;1206151;50.000000;47.555718;1;34;0;34
neos-5041822-cockle;1206151;5696053.417116;2.418448;3;2672;29;2701
neos-5044663-wairoa;1206151;4653100.000000;541.481293;1;21934;2;21936
neos-5045105-creuse;1206151;19.066670;21.458183;1;77;0;77
neos-5049753-cuanza;1206151;464.000000;69.600000;3;2479;5;2484
neos-5051588-culgoa;1206151;128.750000;31.449091;1;105;0;105
neos-5052403-cygnet;1206151;219.147435;87.133886;8;37764;184;37948
neos-506422;1206151;0.000000;6.900000;1;48;0;48
neos-506428;1206151;145945.000000;95.648936;1;559;2;561
neos-5075914-elvire;1206151;277.341888;3.120913;2;48;0;48
neos-5076235-embley;1206151;1930.000000;0.115385;2;801;0;801
neos-5078479-escaut;1206151;7280.474567;0.467977;2;44;0;44
neos-5079731-flyers;1206151;2004.000000;1.087912;2;789;0;789
neos-5083528-gimone;1206151;0.000000;20.875000;1;275;4;279
neos-5093327-huahum;1206151;3934.000000;1.841667;2;797;0;797
neos-5100895-inster;1206151;2084.000000;3.582418;2;555;0;555
neos-5102383-irwell;1206151;1740.000000;2.483516;2;944;0;944
neos-5104907-jarama;1206151;639.917149;50.953837;2;9322;5;9327
neos-5106984-jizera;1206151;721.000000;3.500000;2;3812;7;3819
neos-5107597-kakapo;1206151;0.000000;0.591250;2;44;0;44
neos-5108386-kalang;1206151;620.501637;57.690941;2;13761;8;13769
neos-5114902-kasavu;1206151;518.000000;138.000000;3;10275;15;10290
neos-5115478-kaveri;1206151;0.000000;0.529375;2;38;0;38
neos-5116085-kenana;1206151;452.000000;142.000000;3;5850;11;5861
neos-5118834-korana;1206151;569.216333;123.504863;2;12505;6;12511
neos-5118851-kowhai;1206151;1134.000000;5.880000;2;5626;9;5635
neos-5123665-limmat;1206151;652.427430;71.017903;2;17696;10;17706
neos-5125849-lopori;1206151;0.000000;51.956886;1;40;0;40
neos-5129192-manaia;1206151;0.000000;3.769231;1;4394;12;4406
neos-5138690-middle;1206151;605.364996;106.306535;2;16103;9;16112
neos-5140963-mincio;1206151;8877.000000;2.142857;1;1;0;1
neos-5149806-wieprz;1206151;0.027694;5.514108;5;412;16;428
neos-5151569-mologa;1206151;686023627.750363;27.702234;2;2138;5;2143
neos-5178119-nalagi;1206151;8.569859;18.661577;2;72;1;73
neos-5182409-nasivi;1206151;0.000000;18.212177;1;7;0;7
neos-5188808-nattai;1206151;0.000000;13.024442;1;362;0;362
neos-5189128-totara;1206151;330131.390743;21.863581;1;975;2;977
neos-5192052-neckar;1206151;-11980000.000000;0.333333;3;1;0;1
neos-5193246-nerang;1206151;0.000000;792.331614;1;825;1;826
neos-5195221-niemur;1206151;0.000000;700.447361;1;855;1;856
neos-5196530-nuhaka;1206151;0.000000;750.534707;1;588;1;589
neos-520729;1206151;-1391291.666667;8.760000;1;553;1;554
neos-5221106-oparau;1206151;0.000000;61.698592;1;275;1;276
neos-5223573-tarwin;1206151;0.105800;0.258185;1;15466;3;15469
neos-5251015-ogosta;1206151;0.105800;0.226665;1;13384;2;13386
neos-525149;1206151;60.000000;3.500000;1;309;6;315
neos-5260764-orauea;1206151;58748.022532;10.633838;1;72;0;72
neos-5261882-treska;1206151;22721.328000;6.436135;1;15;0;15
neos-5266653-tugela;1206151;20969.906674;15.508215;1;157;1;158
neos-5273874-yomtsa;1206151;0.000000;0.215200;1;15342;2;15344
neos-555001;1206151;910619.201473;185.329242;1;31;0;31
neos-555343;1206151;1241512.549440;273.503416;1;36;0;36
neos-555424;1206151;1196312.549440;237.883186;1;43;0;43
neos-555884;1206151;1026121.836055;271.320900;1;45;0;45
neos-565672;1206151;43884.639336;66.477422;3;15671;19;15690
neos-574665;1206151;4948073.456141;10.746401;1;33;0;33
neos-578379;1206151;0.000000;134.758643;1;1187;1;1188
neos-585192;1206151;-1999690.155301;98.986683;2;186;0;186
neos-585467;1206151;-1999711.795869;82.239088;2;24;0;24
neos-595904;1206151;61134.474995;16.114622;2;60;0;60
neos-619167;1206151;1.481241;34.850492;1;108;0;108
neos-631517;1206151;6494999.999936;60.866544;1;11;0;11
neos-631710;1206151;544.000000;293.451970;2;6578;16;6594
neos-633273;1206151;4678552871.152559;377.739286;1;190;0;190
neos-662469;1206151;184340.629649;96.375734;1;424;1;425
neos-686190;1206151;5134.813830;17.515957;1;102;0;102
neos-691058;1206151;234.000000;83.065598;1;180;0;180
neos-693347;1206151;234.000000;75.573465;1;738;0;738
neos-738098;1206151;-1099.000000;225.695149;1;126;1;127
neos-777800;1206151;-80.000000;68.220262;1;69;0;69
neos-780889;1206151;3421500.000000;0.000000;1;622;8;630
neos-787933;1206151;300.000000;-0.000000;2;237;18;255
neos-799711;1206151;-11228065.153797;0.981255;1;1035;0;1035
neos-799716;1206151;4932670.661692;0.616814;1;127;0;127
neos-807639;1206151;492.688889;1.370370;2;10;0;10
neos-820879;1206151;24874.267857;62.867619;1;121;0;121
neos-824661;1206151;51.000000;60.642857;2;256;1;257
neos-824695;1206151;42.000000;33.800000;3;127;1;128
neos-826224;1206151;130.000000;70.000000;3;215;3;218
neos-826650;1206151;32.000000;109.347222;2;44;0;44
neos-826694;1206151;73.000000;92.333333;3;96;2;98
neos-826812;1206151;70.011000;151.137255;3;108;1;109
neos-826841;1206151;32.008200;110.679849;2;45;0;45
neos-827015;1206151;2.098071;332.649497;1;1683;3;1686
neos-827175;1206151;116.001520;83.555556;2;166;1;167
neos-829552;1206151;2.098071;250.649497;1;1477;1;1478
neos-831188;1206151;1.767720;215.733333;1;71;0;71
neos-847302;1206151;0.000000;49.875712;1;64;0;64
neos-848198;1206151;168781.000000;-0.000000;2;137;0;137
neos-848589;1206151;0.000000;0.075873;1;1457;1;1458
neos-849702;1206151;0.000000;87.382423;1;18;0;18
neos-850681;1206151;2087.000000;60.770833;1;106;0;106
neos-860300;1206151;1666.068586;9.000000;1;52;1;53
neos-872648;1206151;52.672838;0.000000;2;1267;8;1275
neos-873061;1206151;152.431558;-0.000000;2;1130;6;1136
neos-876808;1206151;10030.533833;259.649605;2;6125;11;6136
neos-885086;1206151;-243.000000;13.945733;2;187;0;187
neos-885524;1206151;11771.555290;9.581376;2;168;8;176
neos-911880;1206151;23.260000;17.986476;1;2;0;2
neos-911970;1206151;23.260000;14.456206;1;3;0;3
neos-913984;1206151;1000.000000;33.522949;1;164;3;167
neos-914441;1206151;5660364.283770;78.177859;1;1726;0;1726
neos-916792;1206151;26.203596;16.256328;2;86;0;86
neos-932721;1206151;513000.000000;-0.000000;3;104;4;108
neos-932816;1206151;513000.000000;0.000000;2;220;7;227
neos-933562;1206151;0.000000;237.810567;1;65;0;65
neos-933638;1206151;462013.000000;-0.000000;2;271;6;277
neos-933966;1206151;424032.000000;0.000000;2;183;5;188
neos-934278;1206151;446011.000000;-0.000000;2;327;3;330
neos-935234;1206151;422081.000000;-0.000000;2;370;1;371
neos-935627;1206151;23250.000000;-0.000000;2;431;1;432
neos-935769;1206151;23430.000000;-0.000000;2;376;1;377
neos-937511;1206151;52640.000000;-0.000000;2;463;1;464
neos-937815;1206151;53700.000000;-0.000000;2;624;1;625
neos-941262;1206151;51543.000000;0.000000;2;418;1;419
neos-941313;1206151;9361.000000;325.995652;1;651;9;660
neos-942830;1206151;12.000000;68.941632;1;36;0;36
neos-948126;1206151;51842.000000;-0.000000;2;452;1;453
neos-948346;1206151;-208.675026;5.578968;5;544;27;571
neos-950242;1206151;2.000000;94.000000;2;137;1;138
neos-953928;1206151;-99.806667;0.000000;3;313;5;318
neos-954925;1206151;-217.766667;-0.000000;5;1145;38;1183
neos-956971;1206151;-230.740000;2.884533;4;831;24;855
neos-957143;1206151;-205.296379;49.220165;4;583;18;601
neos-957323;1206151;-211.802593;25.331104;3;400;13;413
neos-957389;1206151;1.500000;30.754586;1;114;2;116
neos-960392;1206151;-238.000000;303.359003;1;281;3;284
neos-983171;1206151;52602.000000;0.000000;2;462;1;463
neos-984165;1206151;52002.000000;0.000000;2;507;1;508
neos13;1206151;-126.178378;42.160092;2;286;0;286
neos15;1206151;144796.909577;0.000000;2;1;0;1
neos16;1206151;429.000000;13.142857;2;3;0;3
neos17;1206151;0.222688;0.000000;2;8;0;8
neos18;1206151;11.000000;59.000000;3;82;1;83
neos2;1206151;-4717.666848;6.724359;1;8;0;8
neos22;1206151;413700.000000;227.000000;1;35;0;35
neos5;1206151;17.250000;0.000000;2;1;0;1
neos6;1206151;110.989760;27.902196;4;112;7;119
neos8;1206151;-2885.143864;22.041691;3;827;7;834
neos808444;1206151;0.000000;221.165702;1;231;1;232
neos9;1206151;780.000000;44.250000;1;310;0;310
net12;1206151;47.514236;132.660069;3;1258;1;1259
netdiversion;1206151;454.400000;774.400000;3;9696;19;9715
newdano;1206151;11.724138;8.447296;1;3;0;3
nexp-150-20-1-5;1206151;84.000000;0.000000;2;40;0;40
nexp-150-20-8-5;1206151;656.000000;-0.000000;2;84;1;85
nexp-50-20-1-1;1206151;34.000000;-0.000000;2;1;0;1
nexp-50-20-4-2;1206151;120.000000;0.000000;2;2;0;2
nh97_potential;1206151;1461.000000;72.750000;2;5;0;5
nh97_tension;1206151;1438.000000;81.583333;2;2;0;2
nj1;1206151;0.000000;607.000000;1;560;1;561
nj2;1206151;0.000000;607.000000;1;662;1;663
nj3;1206151;0.000000;607.000000;1;67833;1;67834
nobel-eu-DBE;1206151;7662120.000000;-0.000000;2;93;0;93
noswot;1206151;-9.000000;0.000000;2;1;0;1
ns1111636;1206151;96.250000;19.250000;1;606;2;608
ns1116954;1206151;0.000000;144.400486;1;899;1;900
ns1208400;1206151;0.000000;89.166140;1;64;0;64
ns1430538;1206151;73.621609;10.155449;1;612;0;612
ns1456591;1206151;361.939022;19.000000;1;122;1;123
ns1606230;1206151;13.225000;182.603065;1;2101;0;2101
ns1631475;1206151;817.193748;716.662243;1;1423;1;1424
ns1663818;1206151;1.000000;9.141146;1;6084;85;6169
ns1679495;1206151;3337055.001914;100.246101;2;50248;12;50260
ns1685374;1206151;-51.800913;96.218654;1;53392;1;53393
ns1688347;1206151;2.000000;5.051506;1;66;0;66
ns1690781;1206151;-1022.785697;17.664172;2;182;1;183
ns1696083;1206151;2.000000;13.475541;1;138;1;139
ns1758913;1206151;-1501.183256;124.830251;1;7319;6;7325
ns1760995;1206151;-1379.173237;142.000000;1;21580;9;21589
ns1778858;1206151;-22635740.000000;227.465047;2;285;0;285
ns1828997;1206151;0.000000;75.000000;2;952;3;955
ns1830653;1206151;6153.000000;57.880312;1;126;0;126
ns1849932;1206151;546.000000;6.131653;1;1057;6;1063
ns1853823;1206151;1172000.000000;1386.000000;2;53853;23;53876
ns1854840;1206151;143199999999.999939;1139.473260;2;6904;14;6918
ns1856153;1206151;0.000000;254.167528;1;157;0;157
ns1904248;1206151;0.000000;854.146124;14;2635;36;2671
ns1905797;1206151;11.750980;19.650000;1;192;1;193
ns1905800;1206151;6.436600;16.364665;1;42;0;42
ns1952667;1206151;0.000000;10.112982;1;215;1;216
ns2017839;1206151;77026281754033.437500;1.017799;2;7818;0;7818
ns2034125;1206151;0.000000;796.623735;2;1903;1;1904
ns2071214;1206151;0.000000;60.238929;1;82;0;82
ns2081729;1206151;4.600000;0.852000;2;3;0;3
ns2122698;1206151;62785.622771;194.641858;1;553;1;554
ns2124243;1206151;53998.333333;195.416667;1;464;1;465
ns2137859;1206151;24629.000000;42.075016;1;815;5;820
ns4-pr3;1206151;36073.000000;12.000000;1;101;0;101
ns4-pr6;1206151;29145.750000;8.875000;1;65;0;65
ns4-pr9;1206151;35175.000000;10.000000;1;77;0;77
ns894236;1206151;18.000000;199.238568;2;380;0;380
ns894244;1206151;16.000000;340.564115;2;1205;2;1207
ns894786;1206151;14.000000;210.712983;2;1437;2;1439
ns894788;1206151;7.000000;91.946694;2;172;0;172
ns903616;1206151;22.000000;385.201946;2;1094;2;1096
nsa;1206151;91.447940;7.482504;1;7;0;7
nsr8k;1206151;17500809.511815;639.929911;1;8654;3;8657
nsrand-ipx;1206151;646400.000000;0.000000;2;67;2;69
nu120-pr12;1206151;38070.000000;13.695833;1;43;0;43
nu120-pr3;1206151;21306.442308;42.751022;1;110;0;110
nu120-pr9;1206151;19062.500000;28.652083;1;77;0;77
nu25-pr12;1206151;52757.500000;11.900000;1;47;0;47
nu4-pr9;1206151;35175.000000;22.513333;1;80;0;80
nu60-pr9;1206151;22850.000000;28.383333;1;79;0;79
nucorsav;1206151;29.046100;81.032136;2;81876;268;82144
nursesched-medium-hint03;1206151;33.468485;460.316255;1;1203;3;1206
nursesched-medium04;1206151;411.000000;279.979978;2;786;7;793
nursesched-sprint-hidden09;1206151;580.911765;177.875000;2;348;3;351
nursesched-sprint-late03;1206151;34.254806;178.177416;1;443;1;444
nursesched-sprint02;1206151;129.416667;125.437500;2;263;2;265
nw04;1206151;16310.666667;2.000000;1;285;6;291
ofi;1206151;6131846109.620631;1781.999298;135;10290;145;10435
ofi2;1206151;6124829152.731160;3158.688481;133;7083;221;7304
oocsp-racks030e6cci;1206151;0.000000;0.000000;1;209;2;211
opm2-z10-s2;1206151;-19912.000000;0.000000;4;23752;10;23762
opm2-z10-s4;1206151;-17801.000000;-0.000000;4;24260;10;24270
opm2-z11-s8;1206151;-24040.000000;0.000000;4;50110;15;50125
opm2-z12-s14;1206151;-39815.000000;-0.000000;6;121549;27;121576
opm2-z12-s7;1206151;-39769.000000;-0.000000;5;111653;24;111677
opm2-z12-s8;1206151;-34893.000000;-0.000000;5;109786;26;109812
opm2-z6-s1;1206151;-2356.000000;-0.000000;3;340;1;341
opm2-z7-s2;1206151;-7132.000000;-0.000000;4;918;2;920
opm2-z7-s8;1206151;-6856.000000;-0.000000;4;773;2;775
opm2-z8-s0;1206151;-8004.000000;-0.000000;3;3809;3;3812
opt1217;1206151;-20.021390;8.225490;1;2;0;2
osorio-cta;1206151;0.000000;0.000035;1;62;0;62
p0201;1206151;6875.000000;20.000000;1;1;0;1
p100x588b;1206151;58977.000000;0.000000;2;1;0;1
p200x1188c;1206151;15747.000000;0.000000;2;1;0;1
p2756;1206151;2718.000000;2.345553;2;5;0;5
p500x2988;1206151;72594.000000;0.000000;2;27;0;27
p500x2988c;1206151;17212.000000;-0.000000;2;26;0;26
p500x2988d;1206151;6.000000;0.000000;2;24;0;24
p6b;1206151;-53.000000;0.000000;3;45;0;45
p80x400b;1206151;45896.000000;-0.000000;2;1;0;1
pb-fit2d;1206151;-22372.476239;842.898884;1;7291;12;7303
pb-gfrd-pnc;1206151;8316.011268;30.700616;1;134;1;135
pb-grow22;1206151;-449681.200587;122.632175;1;472;2;474
pb-market-split8-70-4;1206151;0.000000;2.197219;1;1;0;1
pb-simp-nonunif;1206151;6.000000;513.500000;2;3962;54;4016
peg-solitaire-a3;1206151;1.000000;289.311002;1;436;0;436
pg;1206151;-11098.657382;17.215049;2;6;0;6
pg5_34;1206151;-16012.248077;18.476238;2;8;0;8
physiciansched3-3;1206151;2432694.766159;1299.771515;17;60344;120;60464
physiciansched3-4;1206151;1124678.224456;1152.371387;12;33776;73;33849
physiciansched5-3;1206151;5180.000000;1064.207020;3;1374;3;1377
physiciansched6-1;1206151;7500.000000;756.571528;2;728;13;741
physiciansched6-2;1206151;43012.500000;757.225000;2;559;13;572
pigeon-08;1206151;-8000.000000;8.259740;1;2;0;2
pigeon-10;1206151;-10000.000000;13.559596;1;3;0;3
pigeon-11;1206151;-11000.000000;16.690909;1;3;0;3
pigeon-12;1206151;-12000.000000;21.818182;1;3;0;3
pigeon-13;1206151;-13000.000000;24.000000;1;4;0;4
pigeon-16;1206151;-16000.000000;74.018182;1;6;0;6
pigeon-19;1206151;-19000.000000;59.036364;1;32;0;32
pigeon-20;1206151;-20000.000000;62.509091;1;33;0;33
piperout-03;1206151;68814.997590;435.327133;6;408;3;411
piperout-08;1206151;99128.924471;558.342366;32;438;21;459
piperout-27;1206151;6970.000000;1154.464464;12;549;9;558
piperout-d20;1206151;25533.842105;676.796097;2;1114;2;1116
piperout-d27;1206151;7083.116279;1022.542306;2;1436;2;1438
pk1;1206151;0.000000;2.794444;1;0;0;0
polygonpack3-15;1206151;-96519350.409320;30.691342;3;1545;6;1551
polygonpack4-10;1206151;-93676953.470100;20.423850;3;401;2;403
polygonpack4-15;1206151;-114052801.790860;40.321265;3;1375;6;1381
polygonpack4-7;1206151;-75324958.874200;9.351219;3;255;1;256
polygonpack5-15;1206151;-42382234.503540;24.151449;3;1553;7;1560
pp08a;1206151;15000.000000;-0.000000;2;0;0;0
pp08aCUTS;1206151;16630.402442;0.000000;2;2;0;2
probportfolio;1206151;5.000000;15.184084;2;2;0;2
prod1;1206151;-100.000000;6.724950;2;1;0;1
prod2;1206151;-100.000000;4.433874;2;1;0;1
proteindesign121hz512p19;1206151;3197.772133;67.382130;1;17505;122;17627
proteindesign121hz512p9;1206151;1423.904449;61.920249;1;730;9;739
proteindesign121pgb11p9;1206151;1173.710433;49.777201;1;582;6;588
proteindesign122trx11p8;1206151;1720.461105;46.268597;1;535;5;540
protfold;1206151;0.000000;35.000000;2;14;0;14
pw-myciel4;1206151;0.000000;65.596829;6;35;0;35
pythago7824;1206151;0.000000;580.777778;6;741;2;743
pythago7825;1206151;0.000000;586.777778;8;859;3;862
qap10;1206151;332.566228;55.000000;1;359;0;359
qiu;1206151;1805.177143;0.000000;2;3;0;3
qnet1;1206151;98035.870000;7.221868;2;14;0;14
qnet1_o;1206151;96705.120000;-0.000000;2;5;0;5
queens-30;1206151;-30.000000;0.000000;3;230;2;232
r4l4-02-tree-bounds-50;1206151;510876207.000000;651.016667;2;55;0;55
r50x360;1206151;2016.000000;-0.000000;2;1;0;1
r80x800;1206151;5520.000000;-0.000000;2;1;0;1
radiationm18-12-05;1206151;17554.500000;196.038066;1;192;1;193
radiationm40-10-02;1206151;155306.700000;933.533000;1;1155;7;1162
rail01;1206151;-92.087300;2555.823708;1;11960;5;11965
rail02;1206151;-206.610200;3001.898333;1;130467;13;130480
rail03;1206151;-920.273762;12426.061971;1;169946;33;169979
rail507;1206151;216.000000;-0.000000;3;789;14;803
railway_8_1_0;1206151;397.000000;64.534158;3;11;0;11
ramos3;1206151;440.000000;-0.000000;3;1499;1;1500
ran12x21;1206151;4080.000000;0.000000;2;0;0;0
ran13x13;1206151;3521.000000;0.000000;2;0;0;0
ran14x18-disj-8;1206151;12451.012696;0.000000;2;21;0;21
ran14x18;1206151;4265.000000;0.000000;2;0;0;0
ran16x16;1206151;4333.000000;0.000000;2;0;0;0
rd-rplusc-21;1206151;100.000000;4.122769;1;524;1;525
reblock115;1206151;-39365983.337347;271.565472;1;220;0;220
reblock166;1206151;-886882876.965829;382.279623;1;476;0;476
reblock354;1206151;-39640995.765204;569.832903;3;850;2;852
reblock420;1206151;-886535897.522137;986.979676;1;2325;0;2325
reblock67;1206151;-39339910.923037;159.950504;1;52;0;52
rfds-4-days;1206151;-1158940.978167;54.113757;1;65224;31;65255
rlp1;1206151;13.244444;9.961905;1;1;0;1
rmatr100-p10;1206151;360.593308;9.692735;1;192;0;192
rmatr100-p5;1206151;762.040054;5.000000;1;453;0;453
rmatr200-p10;1206151;1550.620783;10.000000;1;10733;0;10733
rmatr200-p20;1206151;688.357943;19.982266;1;4160;0;4160
rmatr200-p5;1206151;3283.653831;5.000000;1;12425;0;12425
rmine10;1206151;-1926.821009;886.351115;2;4376;2;4378
rmine11;1206151;-2511.986814;1275.572328;14;11215;18;11233
rmine13;1206151;-3504.619914;1108.274293;2;41269;6;41275
rmine14;1206151;-4308.869811;2215.505904;7;98184;28;98212
rmine15;1206151;-5041.420189;4256.942532;4;179172;22;179194
rmine6;1206151;-436.021627;48.709031;12;148;1;149
rocI-3-11;1206151;-111086.671772;559.283036;1;47;0;47
rocI-4-11;1206151;-11111086.671772;810.679039;1;63;0;63
rocII-10-11;1206151;-11.974865;306.103805;1;514;2;516
rocII-4-11;1206151;-11.937162;82.500000;1;150;1;151
rocII-5-11;1206151;-11.949730;122.235744;1;175;1;176
rocII-7-11;1206151;-11.964093;207.332190;1;321;1;322
rocII-8-11;1206151;-11.968581;244.702313;1;406;2;408
rocII-9-11;1206151;-11.972072;276.465408;1;467;2;469
rococoB10-011000;1206151;8350.199468;49.840978;1;110;0;110
rococoC10-001000;1206151;7515.271029;14.886765;1;51;0;51
rococoC11-010100;1206151;8773.206543;49.895810;1;157;0;157
rococoC11-011100;1206151;9024.205406;56.603390;1;116;0;116
rococoC12-010001;1206151;26787.292147;50.829414;1;212;1;213
rococoC12-111000;1206151;27337.357381;53.501346;1;266;0;266
roi2alpha3n4;1206151;-80.526722;7.807845;2;680;8;688
roi5alpha10n8;1206151;-87.787142;16.000000;2;2122;29;2151
roll3000;1206151;11097.127677;46.776510;3;40;0;40
rout;1206151;981.864286;9.898077;1;2;0;2
rpp22falsei;1206151;0.000000;0.000000;1;43;0;43
rvb-sub;1206151;11.206514;4.571429;1;658;5;663
s100;1206151;-0.171097;43.263533;1;25966;21;25987
s1234;1206151;0.361925;1.578294;6;1942;3;1945
s250r10;1206151;-0.166732;112.777088;2;11345;24;11369
s55;1206151;-22.151773;0.000000;1;1709;5;1714
s82;1206151;-33.833613;638.111555;2;204656;146;204802
satellites1-25;1206151;-20.000000;46.054099;1;173;0;173
satellites2-25;1206151;-30.000000;232.549845;1;4904;2;4906
satellites2-40;1206151;-30.000000;128.145498;1;15936;3;15939
satellites2-60-fs;1206151;-30.000000;502.252135;1;2521;1;2522
satellites2-60;1206151;-30.000000;313.609113;1;17232;2;17234
satellites3-25;1206151;-39.000000;981.495523;1;208480;5;208485
satellites3-40-fs;1206151;-39.000000;956.482639;1;28854;4;28858
satellites3-40;1206151;-39.000000;963.650088;1;212006;5;212011
savsched1;1206151;31271.151902;0.000000;2;119955;36;119991
scpj4scip;1206151;183.000000;-0.000000;3;1237;21;1258
scpk4;1206151;389.000000;0.000000;3;2609;26;2635
scpl4;1206151;360.000000;-0.000000;3;4834;46;4880
scpm1;1206151;774.000000;0.000000;3;45600;132;45732
scpn2;1206151;741.000000;-0.000000;3;72773;261;73034
sct1;1206151;-218.139003;91.325460;1;1503;0;1503
sct2;1206151;-231.116964;15.708827;1;63;0;63
sct31;1206151;-31.962662;31.547827;1;171;0;171
sct32;1206151;-62.990833;53.144038;1;745;0;745
sct5;1206151;-228.176552;31.924007;2;304;2;306
seqsolve1;1206151;4379.032014;371.073706;19;3963;171;4134
seqsolve2short4288;1206151;4.450000;440.788269;4;2878;40;2918
seqsolve3short4288excess384;1206151;-46401.234768;425.509375;7;13106;64;13170
set1ch;1206151;110241.500000;-0.000000;2;1;0;1
set3-09;1206151;1263.077974;49.748593;3;60;0;60
set3-10;1206151;788.890655;50.612990;3;40;0;40
set3-15;1206151;8364.040745;53.876403;3;41;0;41
set3-16;1206151;9916.808562;58.149187;3;41;0;41
set3-20;1206151;10347.381087;53.849605;3;39;0;39
seymour-disj-10;1206151;320.000002;0.000002;3;1734;2;1736
seymour;1206151;454.000000;-0.000000;3;240;0;240
seymour1;1206151;422.819841;-0.000000;3;224;0;224
shiftreg1-4;1206151;131.656032;300.178571;1;48;0;48
shiftreg2-7;1206151;206.733052;275.753282;1;67;0;67
shiftreg5-1;1206151;520.839888;632.617991;1;317;0;317
shipsched;1206151;0.000000;2.147365;5;134;2;136
shipschedule3shipsi;1206151;-265650.000000;0.000000;1;35;0;35
shipschedule6shipsmixi;1206151;-301650.000000;0.000000;1;56;0;56
shipschedule8shipsmixuci;1206151;-401100.000000;0.000000;1;65;1;66
shs1014;1206151;22137.410363;350.541667;1;176980;19;176999
shs1042;1206151;9455.525826;684.883411;1;66627;20;66647
siena1;1206151;10163179.229002;146.859338;1;1772;1;1773
sing11;1206151;18640171.224643;331.879469;1;8092;8;8100
sing161;1206151;19071259.113927;996.464534;1;64645;39;64684
sing17;1206151;35483848.876514;554.751047;1;31192;21;31213
sing2;1206151;17150914.716940;252.506822;1;1580;1;1581
sing245;1206151;25024015.754083;519.079791;1;12145;11;12156
sing326;1206151;7717674.801189;203.886687;1;2948;2;2950
sing359;1206151;22534478.962498;1259.613224;1;81881;35;81916
sing44;1206151;8102513.219400;177.330369;1;3162;2;3164
sing5;1206151;18418516.013137;272.410096;1;3947;7;3954
snip10x10-35r1budget17;1206151;30.000000;2.533333;1;462;0;462
snp-02-004-104;1206151;548044802.975090;10.217187;2;4390;0;4390
snp-04-052-052;1206151;728196432.049806;735.582559;2;3786;2;3788
snp-06-004-052;1206151;1787138156.580973;33.734354;2;6207;1;6208
snp-10-004-052;1206151;5842625068.205259;48.106063;2;14464;2;14466
snp-10-052-052;1206151;5842626434.046261;1694.316668;2;16178;5;16183
sorrell3;1206151;-11.000000;0.000000;3;682;10;692
sorrell4;1206151;-16.000000;0.000000;3;2938;32;2970
sorrell7;1206151;-138.000000;0.000000;3;436;6;442
sorrell8;1206151;-259.000000;0.000000;3;89;1;90
sp150x300d;1206151;71.000000;0.000000;2;1;0;1
sp97ar;1206151;807607302.399999;1.342794;4;588;8;596
sp97ic;1206151;597287696.727546;1.277104;3;435;7;442
sp98ar;1206151;642003743.188383;1.613817;16;763;45;808
sp98ic;1206151;633805370.656431;1.781976;4;424;8;432
sp98ir;1206151;265679354.122102;8.206982;4;80;1;81
splice1k1;1206151;-1646.777979;8.512635;1;18011;7;18018
splice1k1i;1206151;-1654.000000;0.000000;1;199;6;205
square23;1206151;8.333333;12.444444;1;145;3;148
square31;1206151;8.500000;13.750000;1;767;16;783
square37;1206151;8.666667;15.000000;1;2476;32;2508
square41;1206151;8.839612;15.068891;1;3624;49;3673
square47;1206151;8.755814;15.976744;1;6557;90;6647
stoch-vrpvrp-s5v2c8vrp-v2c8i;1206151;0.000000;119.181818;1;27;0;27
stockholm;1206151;173.000000;0.000000;2;513;0;513
stp3d;1206151;604.886283;537.229946;2;24671;22;24693
sts405;1206151;357.000000;0.000000;2;594;2;596
sts729;1206151;665.000000;0.000000;2;3424;5;3429
supportcase1;1206151;20078.000000;0.020624;2;307;5;312
supportcase10;1206151;3.383924;1850.997936;1;10735;3;10738
supportcase11;1206151;-25.979452;762069.000000;1;313296;459;313755
supportcase12;1206151;-7609.533054;55.569104;1;1510;1;1511
supportcase14;1206151;272.000000;9.894737;1;4;0;4
supportcase16;1206151;272.000000;9.000000;1;2;0;2
supportcase17;1206151;0.000000;88.929601;2;10;0;10
supportcase18;1206151;87.000000;9.141806;2;68;0;68
supportcase19;1206151;12677206.000000;370.390975;1;26581;69;26650
supportcase2;1206151;0.000000;7.750000;1;9952;51;10003
supportcase20;1206151;2442.144012;4.882860;1;22;0;22
supportcase23;1206151;-12952.000000;674.436182;1;1694;0;1694
supportcase25;1206151;0.036932;10.829622;1;109;0;109
supportcase26;1206151;1288.102161;0.009948;2;2;0;2
supportcase27i;1206151;0.000000;0.028235;1;2;0;2
supportcase3;1206151;0.000000;754.600046;3;245;1;246
supportcase30;1206151;0.000000;102.857020;1;76;0;76
supportcase31;1206151;-1120655.076000;0.000000;3;1856;82;1938
supportcase33;1206151;-468.462990;67.367519;2;502;3;505
supportcase34;1206151;72.664116;328.063419;1;1171;2;1173
supportcase35;1206151;77847.333333;96.000000;2;124;0;124
supportcase37;1206151;-5865.764096;28.093523;2;853;0;853
supportcase39;1206151;-1062330.369524;22.808785;5;139;9;148
supportcase4;1206151;0.000000;537.153071;3;185;1;186
supportcase40;1206151;22536.483379;19.000000;1;248;0;248
supportcase41;1206151;28.000000;24.340373;5;284;1;285
supportcase42;1206151;7.343539;48.081295;1;1647;3;1650
supportcase43;1206151;0.000000;48.147044;2;48988;3;48991
supportcase6;1206151;45090.732163;30.239669;1;1640;8;1648
supportcase7;1206151;-2396.218213;53.147310;2;1845;0;1845
swath;1206151;334.496858;2.200000;1;47;0;47
swath1;1206151;334.496858;0.600000;1;37;0;37
swath2;1206151;334.496858;0.700000;1;36;0;36
swath3;1206151;334.496858;0.800000;1;40;0;40
t1717;1206151;134531.021428;79.098998;1;282;4;286
t1722;1206151;98815.407611;52.399108;1;155;1;156
ta1-UUM;1206151;3693674.556772;4.190418;1;3;0;3
ta2-UUE;1206151;41427354.755773;0.680983;2;155;0;155
tanglegram1;1206151;0.000000;146.000000;1;231;2;233
tanglegram2;1206151;0.000000;74.000000;1;37;0;37
tanglegram4;1206151;0.000000;214.000000;1;796;3;799
tanglegram6;1206151;0.000000;100.000000;1;61;0;61
tbfp-bigm;1206151;-178.153988;30.000000;1;349;0;349
tbfp-network;1206151;23.261535;31.000000;1;800;3;803
Test3;1206151;2669532.692462;22.368722;2;259;3;262
thor50dday;1206151;204179.000000;-0.000000;2;223;3;226
timtab1;1206151;1234321.333333;18.450000;2;1;0;1
timtab1CUTS;1206151;613590.095426;35.885811;2;3;0;3
timtab2;1206151;1487304.333333;29.783333;2;1;0;1
tokyometro;1206151;11100.000000;251.050363;2;73;0;73
toll-like;1206151;0.000000;339.500000;1;61;0;61
tpl-tub-ss16;1206151;8052373.477492;2148.906605;2;90844;195;91039
tpl-tub-ws1617;1206151;10498468.058836;2262.455897;2;121420;288;121708
tr12-30;1206151;188435.464884;3.580258;2;1;0;1
traininstance2;1206151;0.000000;641.708827;2;52;0;52
traininstance6;1206151;0.000000;381.122112;2;42;0;42
transportmoment;1206151;-70929535815.380005;783.890174;2;211;0;211
trento1;1206151;5182758.848056;76.181959;1;538;0;538
triptim1;1206151;22.868087;2090.375000;1;9574;3;9577
triptim2;1206151;10.866359;807.547954;1;11178;3;11181
triptim3;1206151;13.511741;809.069096;1;11362;4;11366
triptim4;1206151;9.207022;595.626838;1;11899;3;11902
triptim7;1206151;2336.732602;612.910017;2;11951;5;11956
triptim8;1206151;2336.754853;584.347661;2;12102;6;12108
tw-myciel4;1206151;3.838028;125.987676;4;185;0;185
uc-case11;1206151;611267.013003;118.928617;1;2521;0;2521
uc-case3;1206151;7181.264177;95.341586;1;1928;0;1928
uccase10;1206151;38988.693469;403.985961;1;2718;1;2719
uccase12;1206151;11507.285324;38.320000;1;2188;1;2189
uccase7;1206151;26527.789654;162.379998;1;3909;0;3909
uccase8;1206151;11142.163196;63.982247;1;2710;0;2710
uccase9;1206151;10819.582997;76.021209;1;4484;0;4484
uct-subprob;1206151;242.000000;56.889019;1;45;0;45
umts;1206151;91618146.215272;77.667697;2;54;0;54
unitcal_7;1206151;19387754.848556;143.965819;2;1174;0;1174
usAbbrv-8-25_70;1206151;95.000000;138.115058;3;43;0;43
usafa;1206151;11.961749;2881.373487;2;51829;147;51976
v150d30-2hopcds;1206151;52.000000;-0.000000;3;113;2;115
van;1206151;1.723520;5.404444;1;2644;0;2644
var-smallemery-m6j6;1206151;-156.056268;90.190835;2;1279;8;1287
vpm2;1206151;13.372866;5.698001;2;1;0;1
vpphard;1206151;0.000000;125.275000;1;210;3;213
vpphard2;1206151;0.000000;224.687229;1;647;11;658
wachplan;1206151;-9.000000;69.499445;1;38;0;38
wnq-n100-mw99-14;1206151;198.078947;81.026316;3;4736;31;4767
xmas10-2;1206151;-548.904684;180.189643;1;235;0;235
xmas10;1206151;-449.397905;132.337672;7;204;0;204
z26;1206151;-967.000000;0.000000;3;3014;57;3071
zeil;1206151;813.510308;818.357568;2;87180;14;87194
zib54-UUE;1206151;19164366.000000;-0.000000;2;50;0;50