Instance;Seed;Cost;Fractionality;Rounds;LPtime(ms);ZItime(ms);SumLPZI(ms)
10teams;0;917.000000;36.587901;1;33;0;33
22433;0;21552.708079;24.962328;5;5;0;5
23588;0;8342.863244;17.617619;4;5;0;5
2club200v15p5scn;0;-100.423077;39.038462;5;189;3;192
30n20b8;0;5530.000000;41.625765;2;121;0;121
30_70_45_05_100;0;64.000000;-0.000000;5;886;2;888
30_70_45_095_100;0;68.000000;-0.000000;5;1041;5;1046
30_70_45_095_98;0;560.000000;-0.000000;6;972;4;976
50v-10;0;1493601.476062;-0.000000;2;5;0;5
a1c1s1;0;20885.065088;0.498062;2;8;0;8
a2c1s1;0;21087.746318;-0.000000;2;8;0;8
ab51-40-100;0;-437558462.000004;11.050000;2;422;1;423
ab67-40-100;0;-11186253442.000000;0.000000;1;346;0;346
ab69-40-100;0;-11186281442.000000;0.000000;1;343;0;343
ab71-20-100;0;-2390446504.400002;12.500000;2;245;0;245
ab72-40-100;0;-11186620442.000000;0.000000;1;312;0;312
academictimetablebig;0;427.000000;1969.364079;2;35915;17;35932
academictimetablesmall;0;0.000000;292.436400;2;217;2;219
acc-tight2;0;0.000000;120.187623;1;30;0;30
acc-tight4;0;0.000000;120.929764;1;21;0;21
acc-tight5;0;0.000000;103.994633;1;173;0;173
acc-tight6;0;0.000000;101.648651;1;182;0;182
adult-max5features;0;10710.000597;0.023689;2;855;7;862
adult-regularized;0;7841.000000;0.000000;3;1964;10;1974
aflow30a;0;1402.717622;2.301497;3;1;0;1
aflow40b;0;1129.417647;2.760099;3;6;0;6
air03;0;338864.250000;11.375000;1;56;0;56
air04;0;55535.436388;51.829962;1;175;0;175
air05;0;25877.609268;45.880497;1;134;0;134
aligninq;0;2755.000000;40.921868;7;14;0;14
allcolor10;0;1802.284773;270.271003;3;98;1;99
allcolor58;0;7158.427015;1797.339216;3;792;8;800
amaze22012-03-15i;0;0.000000;60.779484;2;80;2;82
amaze22012-06-28i;0;0.000000;31.445788;2;28;0;28
amaze22012-07-04i;0;0.000000;42.838914;2;39;0;39
app1-1;0;-2.000000;1.945752;2;6;0;6
app1-2;0;-23.000000;1.399234;3;319;1;320
app2-1;0;19294.250000;0.000000;2;20;0;20
app2-2;0;212092.500000;0.000000;2;1;0;1
app3;0;5627412.287938;3.142492;1;8;0;8
arki001;0;7579621.830840;15.454670;1;30;0;30
assign1-10-4;0;353.992926;52.000000;1;35;0;35
assign1-5-8;0;183.362555;24.000000;1;3;0;3
atlanta-ip;0;81.321096;294.518627;2;5772;2;5774
atm20-100;0;2141734.684878;120.774021;2;67;0;67
australia-abs-cta;0;0.000000;41.456087;1;54;0;54
b-ball;0;-1.818182;4.818182;1;0;0;0
b1c1s1;0;69995.090000;-0.000000;2;9;0;9
b2c1s1;0;69710.660000;-0.000000;2;14;0;14
bab1;0;-228225.182825;27.775000;1;99;0;99
bab2;0;-333527.631000;251.166667;2;10964;17;10981
bab3;0;-570105.793583;410.027865;2;28123;44;28167
bab5;0;-106670.400850;101.900000;2;563;1;564
bab6;0;-247189.899525;444.182540;2;5620;11;5631
bc;0;13.915046;0.268421;2;94;0;94
bc1;0;4.550543;0.028778;2;84;0;84
beasleyC1;0;102.000000;0.000000;2;3;0;3
beasleyC2;0;232.000000;0.000000;2;3;0;3
beasleyC3;0;951.000000;-0.000000;2;3;0;3
beavma;0;395292.332242;3.472328;2;1;0;1
berlin;0;1951.000000;0.000000;2;31;0;31
berlin_5_8_0;0;52.000000;56.334191;3;3;0;3
bg512142;0;506799.440536;51.840309;3;30;0;30
biella1;0;3060037.430763;98.993456;1;277;0;277
bienst1;0;11.724138;4.390524;1;2;0;2
bienst2;0;11.724138;5.390524;1;2;0;2
binkar10_1;0;6637.188027;9.084811;1;7;0;7
blend2;0;7.489992;0.686573;2;0;0;0
bley_xl1;0;265.338492;317.245986;8;19606;27;19633
bley_xs1;0;50772836.968217;85.931545;3;77;0;77
bley_xs1noM;0;59072762.085758;85.192705;2;64;0;64
bley_xs2;0;37857199.025431;42.229522;12;12;1;13
blp-ar98;0;9461.750783;13.443652;21;99;27;126
blp-ic97;0;5423.588709;1.337703;12;65;7;72
blp-ic98;0;6340.215856;1.657910;6;115;7;122
blp-ir98;0;3172.789640;3.875758;3;45;1;46
bmocbd3;0;45423160382.723442;0.000000;3;17701;17;17718
bmoipr2;0;-46628940.711029;7.840017;1;56;0;56
bnatt350;0;0.000000;109.731023;17;121;2;123
bnatt400;0;0.000000;124.271041;12;106;2;108
bppc4-08;0;51.590000;10.603204;1;21;0;21
bppc6-02;0;108.340000;11.296538;1;136;1;137
bppc6-06;0;200.633333;13.595370;1;150;0;150
bppc8-02;0;486.500000;3.194588;1;1;0;1
bppc8-09;0;444.436047;4.775100;1;3;0;3
brasil;0;32311.000000;0.000000;2;26;0;26
brazil3;0;2.000000;303.450558;1;231;0;231
breastcancer-regularized;0;105.150036;0.002191;2;7;0;7
bts4-cta;0;33524.637606;1130.000000;1;535;0;535
buildingenergy;0;33246.215059;1468.850000;2;16213;4;16217
cap6000;0;-2446875.000000;0.000000;3;38;0;38
cbs-cta;0;0.000000;29.948722;1;102;0;102
cdc7-4-3-2;0;-232.000000;-0.000000;3;36485;5;36490
chromaticindex1024-7;0;4.000000;16002.682953;2;2334;10;2344
chromaticindex128-5;0;4.000000;2021.163699;2;130;1;131
chromaticindex256-8;0;4.000000;4069.477083;2;366;2;368
chromaticindex32-8;0;4.000000;504.887500;2;16;0;16
chromaticindex512-7;0;4.000000;8183.527137;2;1104;4;1108
ci-s4;0;17.644894;41.309507;2;10;0;10
circ10-3;0;140.000000;209.309855;1;2038;1;2039
cmflsp40-24-10-7;0;52605868.952858;70.700930;3;375;0;375
cmflsp40-36-2-10;0;72898024.959478;295.649246;3;785;0;785
cmflsp50-24-10-4;0;64492612.641644;81.236085;3;336;0;336
cmflsp50-24-8-8;0;59814378.749021;131.869460;3;336;0;336
cmflsp60-36-2-6;0;97887903.946142;370.689759;3;1789;0;1789
CMS750_4;0;250.000000;227.976728;3;57;1;58
co-100;0;1246685.546783;10.401691;2;335;8;343
cod105;0;-8.000000;0.000000;3;445;1;446
comp07-2idx;0;0.000000;114.416667;2;2007;2;2009
comp08-2idx;0;0.000000;164.617047;3;219;1;220
comp12-2idx;0;3.000000;261.572878;1;1262;0;1262
comp16-3idx;0;4.000000;719.325252;1;7212;2;7214
comp21-2idx;0;0.000000;282.023529;3;485;1;486
control30-3-2-3;0;-20763026.787568;27.970540;1;4;0;4
core2536-691;0;814.000000;-0.000000;3;777;2;779
core2586-950;0;1161.000000;0.000000;3;546;1;547
core4284-1064;0;1328.000000;0.000000;3;2901;3;2904
core4872-1529;0;1867.000000;-0.000000;3;1756;3;1759
cost266-UUE;0;42001606.280000;-0.000000;2;60;0;60
cov1075;0;56.000000;0.000000;3;6;0;6
cryptanalysiskb128n5obj16;0;0.000000;5004.982410;128;980;242;1222
csched007;0;269.251587;22.185714;1;42;0;42
csched008;0;171.000000;19.317572;1;10;0;10
csched010;0;332.422727;19.898990;1;43;0;43
cvrpa-n64k9vrpi;0;0.000000;157.478224;2;640;5;645
cvrpb-n45k5vrpi;0;0.000000;112.631845;2;231;2;233
cvrpp-n16k8vrpi;0;0.000000;39.002948;1;34;0;34
cvrpsimple2i;0;0.000000;19.221758;2;2;0;2
cvs08r139-94;0;-16.000000;66.000000;3;16;0;16
cvs16r106-72;0;-2.000000;71.000000;2;32;0;32
cvs16r128-89;0;-2.000000;88.000000;2;33;0;33
cvs16r70-62;0;-0.000000;62.000000;2;28;0;28
cvs16r89-60;0;-0.000000;60.000000;2;33;0;33
d10200;0;12425.583005;32.097057;1;40;0;40
d20200;0;12229.625788;62.339279;1;295;0;295
dale-cta;0;0.000000;0.004722;1;246;0;246
dano3mip;0;576.231620;15.297311;1;2225;0;2225
dano3_3;0;576.231620;1.932181;1;2052;0;2052
dano3_5;0;576.231620;2.871834;1;2056;0;2056
danoint;0;62.637280;5.819184;1;18;0;18
dc1c;0;1754946.863638;140.030585;1;304;0;304
dc1l;0;578133237.429793;0.000000;4;881;17;898
dcmulti;0;184917.234283;12.662065;3;2;0;2
decomp1;0;-120.000000;141.777778;1;35;0;35
decomp2;0;-160.000000;141.944444;1;41;0;41
dfn-bwin-DBE;0;797567.400000;0.000000;2;28;0;28
dfn-gwin-UUM;0;27467.257235;5.653537;1;1;0;1
dg012142;0;7485691.825683;37.560751;5;112;0;112
diameterc-mstc-v20a190d5i;0;291.000000;259.843574;3;80;0;80
diameterc-msts-v40a100d5i;0;324.000000;323.866618;3;57;1;58
disctom;0;-5000.000000;51.166667;1;184;0;184
disktom;0;-5000.000000;51.166667;1;192;0;192
dolom1;0;6556066.068315;111.218954;1;465;1;466
drayage-100-12;0;91134.076080;36.725496;1;49;0;49
drayage-100-23;0;103333.874073;41.554651;1;51;0;51
drayage-25-23;0;99718.790531;43.797371;1;42;0;42
drayage-25-27;0;95207.144904;44.816549;1;40;0;40
drayage-25-32;0;88256.306534;46.545775;1;55;0;55
ds-big;0;86.820068;30.669231;1;6993;22;7015
ds;0;57.234565;33.463549;1;975;6;981
dws008-01;0;2954.537147;2.158177;2;45;0;45
dws008-03;0;3277.007696;7.647345;2;129;1;130
dws012-01;0;5179.177491;3.971756;2;95;1;96
dws012-02;0;4796.532110;20.386873;3;235;3;238
dws012-03;0;4894.656489;18.648543;3;345;6;351
eil33-2;0;811.278996;3.615630;1;35;0;35
eilA101-2;0;803.373888;7.408683;1;917;7;924
eilB101;0;1075.247691;12.807028;1;20;0;20
eilC76-2;0;725.754458;7.780208;1;266;2;268
ej;0;1.000000;0.243844;1;0;0;0
elitserienhandball11i;0;0.000000;866.305983;2;407;1;408
elitserienhandball13i;0;0.000000;853.141952;2;428;1;429
elitserienhandball14i;0;0.000000;883.858328;2;364;1;365
elitserienhandball3i;0;0.000000;887.935483;2;383;1;384
enlight13;0;1.000000;1.000000;1;0;0;0
enlight15;0;1.000000;1.000000;1;0;0;0
enlight8;0;1.000000;1.000000;1;0;0;0
enlight_hard;0;15.500000;17.000000;1;1;0;1
eva1aprime5x5opt;0;-497.155823;0.512833;1;287;0;287
eva1aprime6x6opt;0;-495.398833;1.465785;1;1258;0;1258
ex10;0;100.000000;98.000000;1;16998;7;17005
ex1010-pi;0;302.000000;0.000000;3;477;2;479
ex9;0;81.000000;75.601201;1;1891;2;1893
exp-1-500-5-5;0;97666.305541;4.045842;2;2;0;2
f2000;0;1383.000000;1280.000000;2;3501;0;3501
f2gap201600;0;76429.862296;1.402159;1;3;0;3
f2gap401600;0;82274.237434;1.190020;1;4;0;4
f2gap40400;0;20650.898154;3.253580;1;1;0;1
f2gap801600;0;86570.120867;5.266841;1;4;0;4
fast0507;0;213.000000;-0.000000;3;201;3;204
fastxgemm-n2r6s0t2;0;27.000000;9.000000;1;27;0;27
fastxgemm-n2r7s4t1;0;27.000000;9.000000;1;35;0;35
fastxgemm-n3r21s3t6;0;84.000000;27.000000;1;2390;0;2390
fastxgemm-n3r22s4t6;0;84.000000;27.000000;1;2601;0;2601
fastxgemm-n3r23s5t6;0;84.000000;27.000000;1;2596;0;2596
fhnw-binpack4-48;0;0.000000;333.285714;2;126;0;126
fhnw-binpack4-58;0;0.000000;467.321429;2;120;0;120
fhnw-binpack4-77;0;0.000000;207.310714;2;111;0;111
fhnw-binschedule0;0;15642.000000;1053.297818;2;18922;27;18949
fhnw-binschedule2;0;2273.000000;211.693788;3;501;4;505
fhnw-schedule-paira100;0;-36.643681;5.149215;2;130;0;130
fhnw-schedule-paira200;0;-73.826479;8.940825;2;229;2;231
fhnw-schedule-paira400;0;-146.941079;19.266221;2;1056;11;1067
fhnw-schedule-pairb200;0;-58.887041;815.939903;3;2348;3;2351
fhnw-schedule-pairb400;0;-109.169750;2783.836162;3;12369;15;12384
fhnw-sq2;0;0.000000;14.223792;1;5;0;5
fiball;0;137.069168;86.665577;1;111;1;112
fiber;0;897538.360000;12.574421;2;2;0;2
fillomino7x7-0i;0;0.000000;330.286888;2;68;0;68
fixnet6;0;4536.000000;0.000000;2;1;0;1
fjspeasy01i;0;216.000000;1.364719;2;61;0;61
flugpl;0;1167875.166377;2.785325;1;0;0;0
g200x740;0;45614.000000;-0.000000;2;3;0;3
g200x740i;0;44069.000000;-0.000000;2;3;0;3
gasprod1-1;0;9698.001669;26.648753;6;445;1;446
gasprod1-2;0;12418.693782;43.662702;18;285;2;287
gasprod1-3;0;13830.718570;40.837432;64;307;10;317
gasprod2-1;0;1510393.402354;44.156867;6;1061;2;1063
gasprod2-2;0;1355909.537507;297.110788;36;1566;13;1579
gen-ip002;0;-511.036897;0.000000;3;0;0;0
gen-ip016;0;-9505.628173;1.906914;1;0;0;0
gen-ip021;0;6642.052620;2.217259;4;0;0;0
gen-ip036;0;-2162.833562;0.000000;3;0;0;0
gen-ip054;0;7350.684932;1.502477;8;0;0;0
gen;0;112555.106141;0.427450;2;1;0;1
genus-g31-8;0;-27.000000;114.000000;1;1016;1;1017
genus-g61-25;0;-58.000000;241.704715;1;539;1;540
genus-sym-g31-8;0;-27.000000;147.317165;2;3105;3;3108
genus-sym-g62-2;0;-54.000000;236.618889;1;23918;1;23919
genus-sym-grafo5708-48;0;-27.000000;159.026027;2;1526;1;1527
ger50-17-ptp-pop-3t;0;3466.323207;45.213645;1;110;0;110
ger50-17-ptp-pop-6t;0;6804.447088;50.477969;1;90;0;90
ger50-17-trans-dfn-3t;0;3453.475245;37.741927;1;142;1;143
ger50-17-trans-pop-3t;0;3456.252922;49.487013;1;164;1;165
ger50_17_trans;0;6850.628623;48.226110;1;151;1;152
germanrr;0;47741647.082140;58.297944;3;676;2;678
germany50-DBM;0;438028.000000;21.150000;1;135;0;135
germany50-UUM;0;597932.500000;26.450000;1;34;0;34
gesa2-o;0;25748173.191117;13.380406;2;3;0;3
gesa2;0;25502855.039680;8.989886;1;5;0;5
gfd-schedulen180f7d50m30k18-16i;0;22.033333;4323.065856;3;9193;146;9339
gfd-schedulen180f7d50m30k18;0;1.000000;6089.615745;5;4953;29;4982
gfd-schedulen25f5d20m10k3i;0;3.000000;26.483490;2;78;0;78
gfd-schedulen55f2d50m30k3i;0;4.000000;199.835377;2;220;3;223
ghoulomb4-9-10i;0;9.000000;9.160150;2;53;1;54
glass-sc;0;29.000000;0.000000;3;122;1;123
glass4;0;800002400.000000;8.568254;1;0;0;0
gmu-35-40;0;-2406943.556343;2.300342;1;4;0;4
gmu-35-50;0;-2608070.315743;3.444186;1;6;0;6
gmut-75-50;0;-14182312.661731;4.988967;1;634;3;637
gmut-76-40;0;-14171086.316075;9.054451;1;319;1;320
gmut-76-50;0;-14173884.188063;4.201959;1;316;3;319
gmut-77-40;0;-14173396.636852;2.973250;1;344;1;345
go19;0;95.000000;-0.000000;3;4;0;4
gr4x6;0;229.050000;-0.000000;2;0;0;0
graph20-20-1rand;0;-37.000000;43.000000;1;39;0;39
graph20-80-1rand;0;-110.000000;120.050000;2;1300;2;1302
graph40-20-1rand;0;-157.000000;171.500000;1;4015;2;4017
graph40-40-1rand;0;-300.000000;326.969290;1;88673;9;88682
graphdraw-domain;0;12672.000000;18.742857;1;2;0;2
graphdraw-gemcutter;0;4310.000000;12.048387;2;1;0;1
graphdraw-grafo2;0;35762.000000;342.865217;1;832;2;834
graphdraw-mainerd;0;30496.000000;117.161290;1;81;0;81
graphdraw-opmanager;0;54717.000000;236.310976;1;374;1;375
gsvm2rl11;0;35640.343493;0.000000;3;360;0;360
gsvm2rl12;0;50.000000;-0.000000;3;663;0;663
gsvm2rl3;0;0.600000;-0.000000;3;4;0;4
gsvm2rl5;0;10.000000;-0.000000;3;8;0;8
gsvm2rl9;0;16356.825869;0.000000;3;58;0;58
gt2;0;21166.000000;4.130952;2;0;0;0
h50x2450;0;11147.731511;3.696751;1;40;0;40
h80x6320;0;3700.000000;0.000000;1;22;0;22
h80x6320d;0;5325.160104;2.515625;1;37;0;37
hanoi5;0;1931.000000;245.237539;25;336;4;340
haprp;0;3679667.254486;41.766595;2;4;0;4
harp2;0;-74325169.345138;5.496152;1;2;0;2
hgms-det;0;-53793.320679;37.099950;1;201;0;201
hgms30;0;-53327.995245;51.804834;1;7503;0;7503
hgms62;0;-53394.446147;54.735370;1;13939;0;13939
hypothyroid-k1;0;-2846.896104;38.365286;3;7183;7;7190
ic97_potential;0;4058.000000;55.450000;2;3;0;3
ic97_tension;0;3993.000000;15.366667;2;1;0;1
icir97_potential;0;6585.000000;169.917232;2;37;0;37
icir97_tension;0;6323.000000;102.600000;2;3;0;3
iis-100-0-cov;0;35.000000;0.000000;3;94;0;94
iis-bupa-cov;0;46.000000;-0.000000;3;164;1;165
iis-glass-cov;0;26.000000;0.000000;3;143;1;144
iis-hc-cov;0;22.000000;0.000000;3;162;3;165
iis-pima-cov;0;39.000000;-0.000000;3;202;1;203
irp;0;12123.530222;6.000000;1;82;1;83
istanbul-no-cutoff;0;62.541409;3.968407;1;262;0;262
ivu06-big;0;135.427718;95.799872;1;52481;183;52664
ivu06;0;135.901353;96.981489;1;14701;75;14776
ivu52;0;480.250439;82.514521;1;6567;12;6579
ivu59;0;884.456993;122.994949;1;206068;242;206310
janos-us-DDM;0;1488134.750000;22.375000;1;8;0;8
k16x240;0;11359.000000;0.000000;2;1;0;1
k16x240b;0;12874.000000;0.000000;2;0;0;0
k1mushroom;0;-3747.840298;42.576586;3;20747;21;20768
k1mushroomi;0;-4165.061224;64.102041;1;15277;2;15279
khb05250;0;126785464.000000;0.000000;2;1;0;1
l2p12;0;2.000000;842.371092;3;203;1;204
l2p1i;0;1.000000;607.693224;2;908;20;928
l2p2i;0;1.000000;837.619694;2;120;1;121
lectsched-1-obj;0;36.000000;28.046924;4;227;3;230
lectsched-1;0;0.000000;6.882322;2;175;1;176
lectsched-2;0;0.000000;20.773169;4;95;1;96
lectsched-3;0;0.000000;4.358796;9;148;4;152
lectsched-4-obj;0;3.000000;11.616600;4;47;0;47
lectsched-5-obj;0;15.000000;51.920712;3;144;1;145
leo1;0;619820231.520000;2.134363;4;63;2;65
leo2;0;626414237.440000;0.787172;3;115;2;117
liu;0;346.000000;11.204653;2;5;0;5
loopha13;0;6.279000;1.132999;2;177;0;177
lotsize;0;1335747.052789;7.405615;2;6;0;6
lr1dr02vc05v8a-t360;0;120707.344638;169.266715;1;953;0;953
lr1dr04vc05v17a-t360;0;247150.518188;322.854834;1;1666;1;1667
lr1dr12vc10v70b-t360;0;983958.597196;1051.434951;1;47341;9;47350
lr2-22dr3-333vc4v17a-t60;0;-72770.836006;244.127587;2;35722;8;35730
lrn;0;44373752.713965;53.546052;2;406;0;406
m100n500k4r1;0;-18.000000;0.000000;3;8;0;8
macrophage;0;35.000000;209.000000;1;6;0;6
mad;0;0.000000;3.404256;1;1;0;1
manna81;0;-10107.000000;0.000000;3;43;0;43
map06;0;-406.181173;7.868443;1;1022;0;1022
map10;0;-602.176181;11.248146;1;936;0;936
map14;0;-778.549324;11.962355;1;956;0;956
map14860-20;0;-998.836419;10.400693;1;1236;0;1236
map16715-04;0;-296.267898;4.997036;1;1031;0;1031
map18;0;-932.782685;11.173489;1;1470;0;1470
map20;0;-998.836419;10.400693;1;1245;0;1245
mappingmesh3x3mpeg2i;0;10000.000000;151.684473;2;21;0;21
mario-t-hard5i;0;-4482.000000;162.376472;1;148;1;149
markshare1;0;230.000000;-0.000000;2;0;0;0
markshare2;0;454.000000;0.000000;2;0;0;0
markshare_4_0;0;226.000000;0.000000;2;0;0;0
markshare_5_0;0;337.000000;0.000000;2;0;0;0
mas74;0;10482.795280;3.103514;1;1;0;1
mas76;0;38893.903641;2.555097;1;1;0;1
maxgasflow;0;-53620694.316699;233.514091;2;58;0;58
mc11;0;13520.000000;-0.000000;2;28;0;28
mc7;0;5797.000000;-0.000000;2;48;0;48
mc8;0;1944.000000;-0.000000;2;31;0;31
mcsched;0;474351.816438;29.021488;2;160;0;160
methanosarcina;0;0.000000;282.500000;1;68;0;68
mik-250-1-100-1;0;-0.000000;0.000000;2;2;0;2
mik-250-20-75-1;0;0.000000;0.000000;2;2;0;2
mik-250-20-75-2;0;-0.000000;-0.000000;2;2;0;2
mik-250-20-75-3;0;-0.000000;-0.000000;2;2;0;2
mik-250-20-75-4;0;-0.000000;-0.000000;2;2;0;2
mik-250-20-75-5;0;0.000000;-0.000000;2;2;0;2
milo-v12-6-r1-58-1;0;422507.582835;144.971323;2;139;0;139
milo-v12-6-r1-75-1;0;684446.509887;174.270141;2;200;0;200
milo-v12-6-r2-40-1;0;213638.744473;104.472692;2;79;0;79
milo-v13-4-3d-3-0;0;23373.122645;0.739975;1;16;0;16
milo-v13-4-3d-4-0;0;34049.245605;1.277727;1;30;0;30
mine-166-5;0;-548288758.721338;36.684884;6;137;0;137
mine-90-10;0;-827656854.061004;55.076435;1;92;0;92
mining;0;-884745914.647418;8489.901148;92;71844;2026;73870
minutedispatchstrategy;0;3582.138213;101.664381;1441;1906;607;2513
misc07;0;1415.000000;8.000000;1;2;0;2
mitre;0;114908.998992;168.716846;1;57;0;57
mkc;0;-339.570000;0.000000;3;32;0;32
mkc1;0;-579.270000;9.223228;3;32;0;32
mod010;0;6532.083333;15.166667;1;14;0;14
modglob;0;20786787.016883;-0.000000;2;1;0;1
moj-mining;0;-1520532907.350178;566.626558;2;48980;0;48980
momentum1;0;121860.460323;47.487111;2;145;0;145
momentum2;0;12884.172158;84.534262;3;562;1;563
mrcpspj30-15-5i;0;23.000000;129.522072;2;59;0;59
mrcpspj30-17-10i;0;25.000000;199.118709;38;116;17;133
mrcpspj30-53-3i;0;30.000000;45.671032;2;56;0;56
msc98-ip;0;19530897.712301;359.712140;2;1029;1;1030
mspp16;0;341.000000;3.000000;1;24146;145;24291
mspsphard01i;0;69.000000;43.936229;3;62;1;63
mspsphard03i;0;73.000000;88.703474;3;87;1;88
mtest4ma;0;60342.000000;0.000000;2;2;0;2
mushroom-best;0;0.079076;0.007000;3;296;3;299
mzzv11;0;-22076.000000;186.202623;2;291;1;292
mzzv42z;0;-20490.000000;179.192264;2;282;1;283
n13-3;0;4810470.000000;0.000000;2;2;0;2
n15-3;0;71710891.000000;0.000000;2;4825;0;4825
n2seq36f;0;70600.000000;-0.000000;3;35;0;35
n2seq36q;0;78631.821523;37.583580;3;143;3;146
n3-3;0;23704230.000000;0.000000;2;129;0;129
n3700;0;1342560.000000;0.000000;2;22;0;22
n3705;0;1342540.000000;0.000000;2;28;0;28
n3707;0;1301218.000000;0.000000;2;28;0;28
n3709;0;1324904.000000;-0.000000;2;27;0;27
n370a;0;1353042.000000;-0.000000;2;26;0;26
n370b;0;1373791.000000;-0.000000;2;27;0;27
n3div36;0;259800.000000;6.227888;3;127;3;130
n3seq24;0;186864.580534;43.960251;3;2202;47;2249
n4-3;0;12003175.000000;-0.000000;2;65;0;65
n5-3;0;10502425.000000;-0.000000;2;15;0;15
n6-3;0;10807500.000000;0.000000;2;47;0;47
n7-3;0;8409710.000000;0.000000;2;56;0;56
n9-3;0;20705025.000000;-0.000000;2;137;0;137
nag;0;465.000000;13.519045;3;50;0;50
neos-1061020;0;-145860.370608;501.435811;1;803;0;803
neos-1067731;0;669053.000000;87.000000;1;658;0;658
neos-1109824;0;278.000000;22.000000;1;42;0;42
neos-1112782;0;22000000110147.347656;0.000000;2;26;0;26
neos-1112787;0;19500000125389.667969;0.000000;2;24;0;24
neos-1122047;0;162.000000;0.000000;2;116;0;116
neos-1171448;0;-309.000000;5.777778;2;115;0;115
neos-1171692;0;-273.000000;4.936782;2;43;0;43
neos-1171737;0;-195.000000;9.875000;2;51;0;51
neos-1225589;0;5000000000.000000;-0.000000;2;1;0;1
neos-1311124;0;-182.000000;5.250000;2;3;0;3
neos-1324574;0;36.000000;135.000000;2;36;0;36
neos-1330346;0;35.000000;92.237431;2;65;0;65
neos-1337307;0;-201272.000000;272.493985;2;58;0;58
neos-1354092;0;46.000000;235.398385;2;1067;2;1069
neos-1367061;0;31320456.264497;6.250000;2;1333;1;1334
neos-1396125;0;3000.046554;10.228463;2;7;0;7
neos-1420546;0;22124.400000;103.140678;1;399;0;399
neos-1420790;0;2942.750002;75.132359;1;47;0;47
neos-1423785;0;-1773.639422;144.183541;2;329;0;329
neos-1425699;0;3175561447.505317;0.344988;1;0;0;0
neos-1426635;0;-178.000000;6.235119;2;2;0;2
neos-1426662;0;-52.000000;24.768519;2;4;0;4
neos-1429212;0;2425.386455;328.355033;1;4329;8;4337
neos-1430701;0;-78.000000;5.278895;2;2;0;2
neos-1436709;0;-129.000000;5.000000;2;3;0;3
neos-1440225;0;36.000000;35.209861;1;63;0;63
neos-1440460;0;-180.000000;5.527778;2;2;0;2
neos-1442119;0;-182.000000;7.291667;2;3;0;3
neos-1442657;0;-156.000000;6.083333;2;3;0;3
neos-1445532;0;-14382.000000;4.666667;2;24;0;24
neos-1445738;0;-18525.765543;192.856918;1;1056;0;1056
neos-1445743;0;-18902.810023;198.050465;1;1030;0;1030
neos-1445765;0;-18811.492536;210.050240;1;1068;0;1068
neos-1456979;0;154.000000;27.901173;1;44;0;44
neos-1516309;0;34769.833333;9.166667;2;30;0;30
neos-1582420;0;88.469527;56.693409;5;43;0;43
neos-1593097;0;19581.000000;35.532718;1;42;0;42
neos-1599274;0;31644.742857;8.000000;2;31;0;31
neos-1601936;0;1.000000;156.424985;1;675;0;675
neos-1603965;0;619257281.729079;159.275211;3;1996;1;1997
neos-1605061;0;6.150735;155.725970;1;2015;0;2015
neos-1605075;0;3.214461;180.849737;1;2029;0;2029
neos-1616732;0;173.000000;-0.000000;3;73;0;73
neos-1620770;0;22.000000;35.000000;2;228;0;228
neos-2294525-abba;0;251.550909;3.989993;1;96;0;96
neos-2328163-agri;0;27254.625000;57.595721;1;163;0;163
neos-2624317-amur;0;0.000000;20.419135;1;3;0;3
neos-2629914-sudost;0;39622.000000;15.000000;1;198;0;198
neos-2652786-brda;0;0.000000;17.502239;3;1;0;1
neos-2657525-crna;0;0.000000;22.230800;2;1;0;1
neos-2669500-cust;0;2221.900000;100.250838;1;440;4;444
neos-2746589-doon;0;1985.939796;54.551734;1;193;2;195
neos-2974461-ibar;0;472952396.770997;3364.000000;2;177721;32;177753
neos-2978193-inde;0;-2.418518;7.400000;1;60;0;60
neos-2978205-isar;0;-12.415307;30.200000;1;208;0;208
neos-2987202-jeir;0;-1847551552.236609;1035.632796;2;64429;1;64430
neos-2987310-joes;0;-610797465.676974;19.875000;1;1065;0;1065
neos-2991472-kalu;0;138.000000;18.269589;2;3102;85;3187
neos-3004026-krka;0;0.000000;832.000000;1;50;0;50
neos-3009394-lami;0;0.642857;216.628571;1;3;0;3
neos-3024952-loue;0;25442.000000;116.550000;5;213;0;213
neos-3025225-shelon;0;0.077135;318.031391;1;85652;20;85672
neos-3046601-motu;0;185.000000;0.023300;2;0;0;0
neos-3046615-murg;0;192.000000;0.024900;2;0;0;0
neos-3048764-nadi;0;-3883988306.366695;0.000000;1;30;0;30
neos-3065804-namu;0;0.000000;0.000000;1;238;0;238
neos-3068746-nene;0;77427529.530929;51.698455;2;136;0;136
neos-3072252-nete;0;10593526.000000;1.938794;2;1;0;1
neos-3075395-nile;0;1127152.765198;9.064729;1;77;0;77
neos-3083784-nive;0;0.000000;0.404553;1;6;0;6
neos-3083819-nubu;0;6290575.552807;5.598385;1;36;0;36
neos-3116779-oban;0;0.000000;0.000000;1;21;0;21
neos-3118745-obra;0;291.000000;-0.000000;3;4;0;4
neos-3148108-pahi;0;0.000000;0.000000;1;65;0;65
neos-3209462-rhin;0;0.000000;47.352227;2;4132;1;4133
neos-3209519-ruhr;0;332.850000;25.096416;1;59;0;59
neos-3214367-sovi;0;87807.062267;85.767665;1;1691;0;1691
neos-3216931-puriri;0;58817.360975;50.768945;1;750;0;750
neos-3226448-wkra;0;0.000000;512.043709;1;827;0;827
neos-3237086-abava;0;0.000000;56.000000;1;227;2;229
neos-3322547-alsek;0;616.000000;115.178534;2;10084;67;10151
neos-3352863-ancoa;0;47700.000000;-0.000000;3;608;11;619
neos-3354841-apure;0;48560.000000;3.800000;1;2024;22;2046
neos-3355120-tarago;0;-19761147.469026;129.355309;1;609;1;610
neos-3355323-arnon;0;0.000000;36.000000;3;69;2;71
neos-3372571-onahau;0;0.576990;8.695953;2;1098;0;1098
neos-3373491-avoca;0;21687686014.015354;20.812587;1;9;0;9
neos-3381206-awhea;0;432.000000;61.334767;2;5;0;5
neos-3402294-bobin;0;0.000000;49.310383;1;202;1;203
neos-3426085-ticino;0;235.000000;41.787470;3;30;0;30
neos-3426132-dieze;0;427.000000;103.670666;2;51;0;51
neos-3437289-erdre;0;0.000000;0.000000;1;69;1;70
neos-3530903-gauja;0;170.000000;33.253136;3;4;0;4
neos-3530905-gaula;0;153.000000;29.042208;2;4;0;4
neos-3555904-turama;0;-39.620698;1783.981601;2;5441;3;5444
neos-3572885-glina;0;0.000000;0.000000;1;79;1;80
neos-3581454-haast;0;1969.000000;47.338710;1;74;0;74
neos-3592146-hawea;0;7345804.855333;13.281253;1;41;0;41
neos-3594536-henty;0;383310.000000;1311.000000;1;69;1;70
neos-3603137-hoteo;0;0.000000;33.083333;3;43;1;44
neos-3610040-iskar;0;37.165417;2.262083;2;2;0;2
neos-3610051-istra;0;48.227558;5.104237;2;4;0;4
neos-3610173-itata;0;147.441250;3.692500;2;3;0;3
neos-3611447-jijia;0;116.645382;2.294795;2;2;0;2
neos-3611689-kaihu;0;138.382063;1.574126;2;2;0;2
neos-3615091-sutlej;0;-1506391.117177;161.684320;1;1465;9;1474
neos-3627168-kasai;0;1028641.180000;2.678667;2;3;0;3
neos-3634244-kauru;0;0.000000;152.720000;1;3612;3;3615
neos-3636886-kereu;0;1114.701601;0.001506;2;58;1;59
neos-3660371-kurow;0;286.534383;19.908718;1;13;0;13
neos-3661949-lesse;0;689000000.000000;0.000000;1;2;0;2
neos-3665875-lesum;0;248.325000;39.821583;2;70;0;70
neos-3682128-sandon;0;30098104.111687;108.126984;2;75;0;75
neos-3691541-lonja;0;-0.061575;9.639780;1;47;0;47
neos-3695882-vesdre;0;-145935.214286;39.000000;1;254;2;256
neos-3696678-lyvia;0;83.750000;63.000000;1;4;0;4
neos-3699377-maori;0;135877.224265;82.120524;2;102;0;102
neos-3703351-marne;0;317056.210386;73.319008;2;57;0;57
neos-3740487-motru;0;152.145486;76.975427;2;38817;63;38880
neos-3754480-nidda;0;-1216923.270104;12.186832;1;3;0;3
neos-3755335-nizao;0;50.030157;77.281035;2;522;1;523
neos-3759587-noosa;0;48.334468;4.240000;2;319;1;320
neos-3761878-oglio;0;422769.022545;66.971567;2;44;0;44
neos-3762025-ognon;0;603955.746492;47.328895;2;34;0;34
neos-4165869-wannon;0;285.150608;109.727085;2;515;1;516
neos-4230265-orari;0;38515515.684909;56.957317;3;2690;1;2691
neos-4260495-otere;0;3462.928116;162.093274;4;549;13;562
neos-4264598-oueme;0;4719412304.625630;65.571331;2;1928;0;1928
neos-4285819-pedja;0;34.451960;101.159938;2;288375;60;288435
neos-4290317-perth;0;3613303.634755;0.000000;2;1673;0;1673
neos-4295773-pissa;0;0.000000;1644.289474;1;5051;4;5055
neos-4300652-rahue;0;0.000000;32.000000;1;557;1;558
neos-4306827-ravan;0;-26673.307580;190.719995;2;310;4;314
neos-4321076-ruwer;0;1880.558333;39.333333;1;19201;1;19202
neos-4322846-ryton;0;0.419848;24.872919;1;636;5;641
neos-4332801-seret;0;233683.594384;172.099278;3;282;6;288
neos-4332810-sesia;0;-23062.998566;161.274117;3;263;6;269
neos-4333464-siret;0;24.688318;0.121324;2;9;0;9
neos-4333596-skien;0;-14653654.846569;0.746303;1;3;0;3
neos-4335793-snake;0;0.123684;141.753072;2;1446;1;1447
neos-4338804-snowy;0;1447.000000;20.890800;3;3;0;3
neos-4343293-stony;0;52.758728;0.200000;2;47;0;47
neos-4355351-swalm;0;33.854869;0.094819;2;149;3;152
neos-4358725-tagus;0;1889548.577948;203.435939;2;641;0;641
neos-4359986-taipa;0;0.395578;39.118149;1;1104;1;1105
neos-4360552-sangro;0;-29.500000;585.929612;1;8805;1;8806
neos-4387871-tavua;0;36.445048;0.200000;2;43;0;43
neos-4391920-timok;0;0.000378;34.957374;1;5955;4;5959
neos-4393408-tinui;0;340.267489;0.200000;2;45;0;45
neos-4408804-prosna;0;914.483516;71.708791;1;3218;1;3219
neos-4409277-trave;0;0.000000;350.162065;1;1787;1;1788
neos-4413714-turia;0;43.474651;375.032551;1;1764;11;1775
neos-4532248-waihi;0;0.370420;27.002838;1;5136;5;5141
neos-4533806-waima;0;3063.318841;49.500000;1;974;5;979
neos-4545615-waita;0;3606.594190;54.131913;1;18876;40;18916
neos-4555749-wards;0;3026.812121;34.982094;1;869;6;875
neos-4562542-watut;0;3743.304348;42.453118;1;2573;7;2580
neos-4647027-thurso;0;26911.641616;130.575703;1;2203;0;2203
neos-4647030-tutaki;0;26911.641616;131.360812;1;2670;0;2670
neos-4647032-veleka;0;26587.908699;174.943874;1;3432;0;3432
neos-4650160-yukon;0;-22633.302692;150.257047;1;5;0;5
neos-4722843-widden;0;63671.455263;748.515195;3;344;7;351
neos-4724674-aorere;0;3955.706101;89.034940;3;353;6;359
neos-4736745-arroux;0;262263446.114579;4.100609;2;32;0;32
neos-4738912-atrato;0;323678468.688703;3.843750;2;29;0;29
neos-4754521-awarau;0;0.000000;0.000000;1;1123;6;1129
neos-4760493-puerua;0;1908.243695;237.071976;1;33980;2;33982
neos-476283;0;406.244708;13.663873;1;6435;0;6435
neos-4763324-toguru;0;1120.986062;232.945926;1;34968;2;34970
neos-4797081-pakoka;0;0.000000;995.738455;1;6520;2;6522
neos-4805882-barwon;0;22058.983698;108.041076;3;217;1;218
neos-480878;0;515.138796;4.583278;2;19;0;19
neos-4954274-beardy;0;18659.208282;287.749893;2;1012;2;1014
neos-4954672-berkel;0;3491016.775148;2.808176;2;2;0;2
neos-4966258-blicks;0;366.090909;29.029987;2;1172;2;1174
neos-4971100-bodrog;0;0.000000;0.000000;1;54;0;54
neos-4972437-bojana;0;357.086296;28.918162;2;9655;2;9657
neos-4972461-bolong;0;466.511858;40.636307;2;6621;2;6623
neos-4976951-bunnoo;0;377.416466;25.855327;2;7866;3;7869
neos-4984115-canche;0;-9947088.084138;0.363560;1;16;0;16
neos-498623;0;16.283333;44.483796;1;89;0;89
neos-5013590-toitoi;0;1064.447092;169.000000;1;12453;1;12454
neos-5018451-chiese;0;-148612315.605332;10.652915;1;1390;0;1390
neos-503737;0;50.000000;47.918146;1;31;0;31
neos-5041822-cockle;0;5701464.927099;174.422554;3;834;3;837
neos-5044663-wairoa;0;4653100.000000;538.513042;1;17364;1;17365
neos-5045105-creuse;0;19.066671;18.227114;1;66;0;66
neos-5049753-cuanza;0;464.000000;46.400000;1;1877;2;1879
neos-5051588-culgoa;0;128.750000;30.632366;1;101;0;101
neos-5052403-cygnet;0;218.441067;86.382091;9;37145;197;37342
neos-506422;0;0.000000;5.671811;1;163;0;163
neos-506428;0;145945.000000;96.000000;1;899;2;901
neos-5075914-elvire;0;318.069363;54.936006;2;63;0;63
neos-5076235-embley;0;1930.000000;0.112088;2;517;0;517
neos-5078479-escaut;0;7438.416728;44.465727;2;55;0;55
neos-5079731-flyers;0;2004.000000;1.153846;2;430;0;430
neos-5083528-gimone;0;0.000000;14.500000;1;222;3;225
neos-5093327-huahum;0;3934.000000;1.858333;2;449;0;449
neos-5100895-inster;0;2084.000000;3.428571;2;307;0;307
neos-5102383-irwell;0;1740.000000;2.593407;2;526;0;526
neos-5104907-jarama;0;648.590198;45.766769;2;7952;3;7955
neos-5106984-jizera;0;721.000000;2.214286;2;2838;4;2842
neos-5107597-kakapo;0;0.000000;0.591250;2;66;0;66
neos-5108386-kalang;0;621.655661;44.224657;2;14974;5;14979
neos-5114902-kasavu;0;518.000000;86.666667;2;7754;10;7764
neos-5115478-kaveri;0;0.000000;0.529375;2;35;0;35
neos-5116085-kenana;0;452.000000;75.333333;1;5573;3;5576
neos-5118834-korana;0;583.521384;84.694364;2;12339;4;12343
neos-5118851-kowhai;0;1134.000000;4.250000;2;3557;5;3562
neos-5123665-limmat;0;654.150497;46.028000;2;22190;5;22195
neos-5125849-lopori;0;0.000000;5.984639;1;34;0;34
neos-5129192-manaia;0;0.000000;10.000000;1;3059;11;3070
neos-5138690-middle;0;609.154239;78.594258;2;24096;5;24101
neos-5140963-mincio;0;8877.000000;2.142857;1;1;0;1
neos-5149806-wieprz;0;45.000000;8.017612;3;400;9;409
neos-5151569-mologa;0;686014018.994230;29.077013;2;3165;2;3167
neos-5178119-nalagi;0;8.569859;22.862578;2;82;0;82
neos-5182409-nasivi;0;0.000000;19.823533;1;7;0;7
neos-5188808-nattai;0;0.000000;12.650607;1;450;0;450
neos-5189128-totara;0;330131.390743;21.863581;1;925;2;927
neos-5192052-neckar;0;-11980000.000000;0.400000;2;0;0;0
neos-5193246-nerang;0;0.000000;411.508334;1;217;0;217
neos-5195221-niemur;0;0.000000;330.122640;1;369;0;369
neos-5196530-nuhaka;0;0.000000;423.701932;1;208;0;208
neos-520729;0;-1389625.000000;6.812619;1;500;0;500
neos-5221106-oparau;0;0.000000;33.949758;1;624;1;625
neos-525149;0;60.000000;40.416667;1;37;0;37
neos-5260764-orauea;0;58748.022532;8.725559;1;68;0;68
neos-5261882-treska;0;26047.998000;6.157765;1;7;0;7
neos-5266653-tugela;0;21659.678723;20.155553;1;129;1;130
neos-555001;0;962625.000000;32.414286;1;6;0;6
neos-555343;0;1346700.000000;157.193056;4;9;0;9
neos-555424;0;1286800.000000;144.027778;1;39;0;39
neos-555884;0;1112400.000000;165.150000;1;31;0;31
neos-565672;0;55015.268433;57.351362;4;16214;21;16235
neos-574665;0;5932913.752734;8.390264;3;4;0;4
neos-578379;0;0.000000;99.662118;1;1642;0;1642
neos-585192;0;384.328979;0.433130;2;10;0;10
neos-585467;0;347.224531;0.316538;2;7;0;7
neos-595904;0;61213.471080;16.893904;2;69;0;69
neos-619167;0;1.481241;35.779031;1;109;0;109
neos-631517;0;7085534.224616;53.184659;2;7;0;7
neos-631710;0;286.000000;225.464535;2;972;15;987
neos-633273;0;6996841097.997801;0.000000;1;132;0;132
neos-662469;0;184342.980720;94.063832;1;443;1;444
neos-686190;0;5134.813830;17.515957;1;40;0;40
neos-691058;0;263.400000;89.042857;1;150;0;150
neos-693347;0;234.000000;81.086990;1;631;0;631
neos-738098;0;-1099.000000;191.756045;1;232;0;232
neos-777800;0;-80.000000;72.948470;1;57;0;57
neos-780889;0;3421500.000000;0.000000;1;334;6;340
neos-787933;0;30.000000;0.000000;1;1;0;1
neos-799711;0;-11228065.153797;80.726082;1;766;0;766
neos-799716;0;4932670.661692;20.807498;1;57;0;57
neos-807639;0;332.924117;12.512286;1;8;0;8
neos-820879;0;24874.267857;63.030000;1;80;0;80
neos-824661;0;55.000000;94.965217;2;240;1;241
neos-824695;0;43.000000;61.571429;2;99;1;100
neos-826224;0;124.000000;43.333333;2;211;2;213
neos-826650;0;32.000000;154.916667;2;70;0;70
neos-826694;0;72.000000;221.851190;2;131;1;132
neos-826812;0;69.011000;175.561360;3;123;1;124
neos-826841;0;32.008200;127.466667;2;43;0;43
neos-827015;0;2.098071;332.649497;1;1857;3;1860
neos-827175;0;115.001520;111.833333;2;149;1;150
neos-829552;0;2.098071;248.920991;1;1502;1;1503
neos-831188;0;1.767720;87.466667;1;51;0;51
neos-847302;0;-0.000000;46.994734;1;49;0;49
neos-848198;0;168977.000000;-0.000000;2;145;0;145
neos-848589;0;0.000000;1.000000;1;1113;1;1114
neos-849702;0;0.000000;85.488277;1;21;0;21
neos-850681;0;2087.000000;51.800000;1;102;0;102
neos-860300;0;2035.362225;9.000000;1;38;0;38
neos-872648;0;52.570282;0.000000;2;1028;7;1035
neos-873061;0;135.208828;0.000000;2;1113;8;1121
neos-876808;0;169615.062608;275.400000;2;2859;2;2861
neos-885086;0;-243.000000;18.235808;2;188;0;188
neos-885524;0;12397.479000;5.525486;3;67;3;70
neos-911880;0;23.260000;17.096042;1;2;0;2
neos-911970;0;23.260000;17.457173;1;3;0;3
neos-913984;0;1000.000000;35.192618;1;187;3;190
neos-914441;0;5660364.283770;87.286515;1;2023;0;2023
neos-916792;0;26.283217;17.068306;2;111;0;111
neos-932721;0;513000.000000;-0.000000;3;53;0;53
neos-932816;0;513000.000000;0.000000;3;132;1;133
neos-933562;0;0.000000;82.687196;1;31;0;31
neos-933638;0;353692.639197;0.000000;3;172;1;173
neos-933966;0;344397.439192;-0.000000;3;136;1;137
neos-934278;0;333797.875000;-0.000000;3;330;1;331
neos-935234;0;366375.083333;0.000000;3;321;1;322
neos-935627;0;19934.597905;0.000000;3;365;1;366
neos-935769;0;20921.828938;0.000000;3;329;1;330
neos-937511;0;45997.869356;-0.000000;3;392;1;393
neos-937815;0;43560.109370;-0.000000;3;464;2;466
neos-941262;0;48316.178259;-0.000000;3;432;1;433
neos-941313;0;9361.000000;268.471014;1;501;6;507
neos-942830;0;12.000000;69.105641;2;31;0;31
neos-948126;0;47659.479658;-0.000000;3;394;1;395
neos-948346;0;-191.900000;17.014139;5;453;20;473
neos-950242;0;2.000000;42.000000;2;110;1;111
neos-953928;0;-10.906667;12.942467;4;144;5;149
neos-954925;0;-146.787389;22.738343;4;358;17;375
neos-956971;0;-94.788318;22.470359;4;497;16;513
neos-957143;0;-195.185742;30.536159;5;550;19;569
neos-957323;0;-218.785072;18.500000;4;306;19;325
neos-957389;0;1.500000;23.833333;1;85;1;86
neos-960392;0;-238.000000;301.558442;1;279;3;282
neos-983171;0;47807.452753;0.000000;3;426;1;427
neos-984165;0;46265.385436;0.000000;3;460;1;461
neos13;0;-126.178378;41.501658;2;171;0;171
neos15;0;143201.242910;0.000000;2;1;0;1
neos16;0;429.000000;13.190476;3;4;0;4
neos17;0;0.222688;0.000000;2;6;0;6
neos18;0;12.000000;47.166667;5;73;0;73
neos2;0;-4407.097239;5.158588;1;4;0;4
neos22;0;792540.000000;11.064286;2;32;0;32
neos5;0;17.250000;0.000000;3;1;0;1
neos6;0;114.038055;32.275044;6;269;7;276
neos8;0;-3309.500000;20.750000;3;29;0;29
neos808444;0;0.000000;225.341563;1;295;1;296
neos9;0;780.000000;44.250000;1;318;0;318
net12;0;47.514236;134.516319;3;1092;1;1093
netdiversion;0;453.800000;766.600000;2;7225;11;7236
newdano;0;11.724138;8.447296;1;2;0;2
nexp-150-20-1-5;0;74.000000;-0.000000;3;34;0;34
nexp-150-20-8-5;0;552.000000;0.000000;3;70;1;71
nexp-50-20-1-1;0;35.000000;-0.000000;2;0;0;0
nexp-50-20-4-2;0;120.000000;0.000000;3;2;0;2
nh97_potential;0;1462.000000;74.900000;2;5;0;5
nh97_tension;0;1429.000000;76.466667;2;1;0;1
nj1;0;0.000000;607.000000;1;481;2;483
nj2;0;0.000000;607.000000;1;624;1;625
nj3;0;0.000000;607.000000;1;1620;1;1621
nobel-eu-DBE;0;7363863.000000;1.290278;2;92;0;92
noswot;0;-39.920111;4.557455;3;1;0;1
ns1111636;0;96.250000;17.588542;1;323;1;324
ns1116954;0;0.000000;154.227320;1;833;1;834
ns1208400;0;0.000000;103.355904;1;36;0;36
ns1430538;0;73.621609;10.144494;1;385;0;385
ns1456591;0;361.939022;19.000000;1;110;0;110
ns1606230;0;13.225000;183.303928;1;1991;0;1991
ns1631475;0;94800.000000;643.196596;2;1265;2;1267
ns1679495;0;3355407.151677;106.229642;2;47215;11;47226
ns1685374;0;-51.800913;96.218654;1;2485;1;2486
ns1688347;0;2.259259;29.881974;1;265;0;265
ns1690781;0;-1022.227789;60.056795;2;100;0;100
ns1696083;0;2.038462;48.811865;1;533;1;534
ns1758913;0;-1473.311978;85.635340;1;8231;4;8235
ns1760995;0;-1349.487943;142.000000;1;15030;7;15037
ns1778858;0;-22635740.000000;227.465047;2;305;0;305
ns1828997;0;0.000000;75.000000;1;1222;1;1223
ns1830653;0;7083.000000;57.878444;1;82;0;82
ns1849932;0;546.000000;5.620915;1;1048;5;1053
ns1853823;0;1172000.000000;1345.731857;2;42131;22;42153
ns1854840;0;1664000.000000;1124.615817;2;8506;15;8521
ns1856153;0;0.000000;202.811888;2;181;1;182
ns1904248;0;0.000000;476.666667;3;2383;7;2390
ns1905797;0;11.750980;32.426504;1;221;1;222
ns1905800;0;6.436600;26.487503;1;45;0;45
ns1952667;0;0.000000;9.316422;1;187;1;188
ns2017839;0;77026841466348.453125;1.620352;2;5915;0;5915
ns2034125;0;24740.000000;384.382319;2;2664;0;2664
ns2071214;0;0.000000;42.334331;1;72;0;72
ns2081729;0;4.600000;0.220500;2;2;0;2
ns2122698;0;62785.622771;196.156523;1;402;1;403
ns2124243;0;53998.333333;198.222222;1;251;1;252
ns2137859;0;24629.000000;56.954851;1;100;0;100
ns4-pr3;0;711323.000000;0.000000;2;124;0;124
ns4-pr6;0;427264.500000;0.000000;2;33;0;33
ns4-pr9;0;497175.000000;0.000000;2;74;0;74
ns894236;0;18.000000;109.321441;2;216;0;216
ns894244;0;16.000000;176.636636;2;551;1;552
ns894786;0;14.000000;98.226662;2;571;2;573
ns894788;0;7.000000;55.330051;2;95;0;95
ns903616;0;22.000000;175.549922;2;482;1;483
nsa;0;91.855632;7.418401;2;7;0;7
nsr8k;0;17500809.511815;639.895001;1;8479;3;8482
nsrand-ipx;0;69280.000000;0.000000;3;50;1;51
nu120-pr12;0;205695.000000;4.800000;2;42;0;42
nu120-pr3;0;511253.750000;28.016727;2;112;0;112
nu120-pr9;0;334880.000000;15.750000;2;83;0;83
nu25-pr12;0;298632.500000;4.233333;2;43;0;43
nu4-pr9;0;497175.000000;9.713333;2;74;0;74
nu60-pr9;0;386150.000000;12.150000;2;75;0;75
nucorsav;0;29.046100;79.666667;1;69316;130;69446
nursesched-medium-hint03;0;33.468485;463.947617;1;1152;3;1155
nursesched-medium04;0;316.000000;243.500000;2;727;6;733
nursesched-sprint-hidden09;0;516.944444;178.989683;2;320;2;322
nursesched-sprint-late03;0;34.254806;182.557279;1;318;1;319
nursesched-sprint02;0;134.416667;117.833333;2;196;2;198
nw04;0;16310.666667;2.000000;1;180;3;183
ofi;0;6135598681.449045;1321.867570;196;3557;86;3643
ofi2;0;6128453035.160096;1604.443623;184;6418;145;6563
oocsp-racks030e6cci;0;0.000000;530.191752;15;155;10;165
opm2-z10-s2;0;-17756.000000;-0.000000;6;6485;7;6492
opm2-z10-s4;0;-18031.000000;-0.000000;6;7293;8;7301
opm2-z11-s8;0;-22495.000000;0.000000;6;10600;8;10608
opm2-z12-s14;0;-37879.000000;-0.000000;7;24810;15;24825
opm2-z12-s7;0;-31063.000000;-0.000000;6;25109;15;25124
opm2-z12-s8;0;-33359.000000;0.000000;7;26859;16;26875
opm2-z6-s1;0;-3261.000000;-0.000000;4;254;1;255
opm2-z7-s2;0;-6001.000000;-0.000000;5;545;2;547
opm2-z7-s8;0;-6402.000000;-0.000000;5;559;2;561
opm2-z8-s0;0;-9570.000000;0.000000;5;1652;3;1655
opt1217;0;-20.021390;8.759358;1;2;0;2
osorio-cta;0;0.000000;0.013388;1;52;0;52
p0201;0;7155.000000;10.900000;1;1;0;1
p100x588b;0;58977.000000;0.000000;2;1;0;1
p200x1188c;0;15747.000000;0.000000;2;4;0;4
p2756;0;2706.000000;24.070313;2;5;0;5
p500x2988;0;72594.000000;0.000000;2;32;0;32
p500x2988c;0;17212.000000;-0.000000;2;30;0;30
p500x2988d;0;6.000000;-0.000000;2;28;0;28
p6b;0;-52.000000;0.000000;3;49;0;49
p80x400b;0;45896.000000;-0.000000;2;1;0;1
pb-fit2d;0;-22363.768555;843.273209;1;6580;11;6591
pb-gfrd-pnc;0;8321.694589;42.993642;1;124;0;124
pb-grow22;0;-449654.852582;117.814534;1;452;1;453
pb-market-split8-70-4;0;0.000000;1.843507;1;0;0;0
pb-simp-nonunif;0;9.500000;316.333333;3;2482;9;2491
peg-solitaire-a3;0;1.000000;284.160673;1;376;0;376
pg;0;-11098.657382;17.215049;2;5;0;5
pg5_34;0;-16012.248077;18.476238;2;6;0;6
physiciansched3-3;0;2590923.193775;699.205074;3;16331;4;16335
physiciansched3-4;0;1459296.261635;504.324571;3;9796;3;9799
physiciansched5-3;0;20464.000000;133.462963;2;720;0;720
physiciansched6-1;0;11546.864508;412.159264;16;585;9;594
physiciansched6-2;0;47675.160783;435.646407;4;345;1;346
pigeon-08;0;-8000.000000;4.485714;1;1;0;1
pigeon-10;0;-10000.000000;8.022222;1;2;0;2
pigeon-11;0;-11000.000000;9.020000;1;2;0;2
pigeon-12;0;-12000.000000;10.018182;1;2;0;2
pigeon-13;0;-13000.000000;11.016667;1;3;0;3
pigeon-16;0;-16000.000000;34.984242;1;4;0;4
pigeon-19;0;-19000.000000;17.011111;1;6;0;6
pigeon-20;0;-20000.000000;26.250718;1;6;0;6
piperout-03;0;69590.490975;267.052209;27;246;8;254
piperout-08;0;99228.924471;296.271739;11;216;3;219
piperout-27;0;7146.876623;508.355093;59;304;22;326
piperout-d20;0;25601.416667;437.748324;2;682;1;683
piperout-d27;0;7199.340391;682.880995;2;897;1;898
pk1;0;0.000000;2.782038;1;0;0;0
polygonpack3-15;0;-114051612.169520;43.997815;3;1006;5;1011
polygonpack4-10;0;-93676953.470100;19.422012;3;367;2;369
polygonpack4-15;0;-114052801.790860;41.081462;3;1166;6;1172
polygonpack4-7;0;-75324958.874200;9.351513;3;185;1;186
polygonpack5-15;0;-66029981.130960;32.423595;3;1306;6;1312
pp08a;0;15000.000000;-0.000000;2;0;0;0
pp08aCUTS;0;16630.402442;0.000000;2;2;0;2
probportfolio;0;7.321966;24.067729;1;3;0;3
prod1;0;-55.000000;3.767946;2;2;0;2
prod2;0;-59.000000;4.566580;2;5;0;5
proteindesign121hz512p19;0;3197.772133;54.952462;1;5400;64;5464
proteindesign121hz512p9;0;1423.904449;59.959446;1;225;4;229
proteindesign121pgb11p9;0;1173.710433;48.788284;1;193;4;197
proteindesign122trx11p8;0;1720.461105;42.058897;1;203;4;207
protfold;0;-0.000000;35.000000;2;22;0;22
pw-myciel4;0;4.000000;93.664980;4;7;0;7
pythago7824;0;0.000000;580.777778;6;847;3;850
pythago7825;0;0.000000;586.777778;8;864;4;868
qap10;0;332.566228;55.000000;1;427;0;427
qiu;0;1805.177158;0.000000;2;6;0;6
qnet1;0;96239.620000;7.221868;2;23;0;23
qnet1_o;0;93221.720000;0.000000;2;6;0;6
queens-30;0;-29.000000;0.000000;3;226;2;228
r4l4-02-tree-bounds-50;0;512370030.000000;648.050000;3;38;0;38
r50x360;0;2016.000000;-0.000000;2;1;0;1
r80x800;0;5520.000000;-0.000000;2;2;0;2
radiationm18-12-05;0;17561.353680;198.621204;2;56;0;56
radiationm40-10-02;0;155317.684921;719.665741;2;299;2;301
rail01;0;-90.767086;1608.708333;1;13608;3;13611
rail02;0;-206.092110;2201.000000;1;121695;9;121704
rail03;0;-919.222126;7597.965972;1;182360;27;182387
rail507;0;213.000000;-0.000000;3;236;5;241
railway_8_1_0;0;397.000000;47.625401;3;5;0;5
ramos3;0;377.000000;-0.000000;3;1421;1;1422
ran12x21;0;4080.000000;0.000000;2;0;0;0
ran13x13;0;3521.000000;0.000000;2;0;0;0
ran14x18-disj-8;0;12170.996653;0.000000;2;16;0;16
ran14x18;0;4265.000000;0.000000;2;0;0;0
ran16x16;0;4333.000000;0.000000;2;0;0;0
rd-rplusc-21;0;100.000000;4.459580;1;320;0;320
reblock115;0;-37981832.798944;238.100873;1;256;0;256
reblock166;0;-640892721.079106;86.859092;6;304;0;304
reblock354;0;-39586262.751951;411.245436;1;1001;0;1001
reblock420;0;-558825455.521724;213.947318;7;1488;3;1491
reblock67;0;-36575497.117631;131.415935;1;39;0;39
rfds-4-days;0;-1158940.978167;68.309524;1;18212;9;18221
rlp1;0;13.244444;9.961905;1;1;0;1
rmatr100-p10;0;360.593308;9.692735;1;257;0;257
rmatr100-p5;0;762.040054;5.000000;1;484;0;484
rmatr200-p10;0;1550.620783;10.000000;1;11824;0;11824
rmatr200-p20;0;688.357943;19.982266;1;3579;0;3579
rmatr200-p5;0;3283.653831;5.000000;1;11753;0;11753
rmine10;0;-1926.863820;886.708002;1;3435;1;3436
rmine11;0;-2522.047107;1304.350285;1;8389;1;8390
rmine13;0;-3504.619914;1108.274293;2;25295;5;25300
rmine14;0;-4310.694704;2228.265999;1;112975;4;112979
rmine15;0;-5042.482963;4267.046917;1;207690;6;207696
rmine6;0;-462.305727;106.725097;1;127;0;127
rocI-3-11;0;-110705.000000;58.061873;15;11;0;11
rocI-4-11;0;-11110705.000000;73.949250;17;39;1;40
rocII-10-11;0;-11.946851;225.450859;1;538;1;539
rocII-4-11;0;-11.867128;49.198977;2;50;0;50
rocII-5-11;0;-11.893702;59.199453;2;72;0;72
rocII-7-11;0;-11.924073;130.743159;2;202;1;203
rocII-8-11;0;-11.933564;156.556814;2;271;1;272
rocII-9-11;0;-11.940946;191.769497;1;424;0;424
rococoB10-011000;0;51207.000000;10.950589;6;106;0;106
rococoC10-001000;0;23730.000000;0.000000;7;20;0;20
rococoC11-010100;0;143170.000000;22.416868;2;151;0;151
rococoC11-011100;0;139407.000000;14.937663;2;108;0;108
rococoC12-010001;0;117774.000000;9.895179;2;186;1;187
rococoC12-111000;0;27337.357381;31.147270;1;206;0;206
roi2alpha3n4;0;-78.888089;8.000000;2;626;9;635
roi5alpha10n8;0;-84.342241;16.000000;2;1851;21;1872
roll3000;0;11939.645814;52.881579;2;22;0;22
rout;0;981.864286;10.233819;1;2;0;2
rpp22falsei;0;0.000000;74.127711;3;63;1;64
rvb-sub;0;11.206514;4.857143;1;691;4;695
s100;0;-0.170525;28.899744;1;21446;16;21462
s1234;0;0.361925;1.572096;4;1756;1;1757
s250r10;0;-0.165732;41.814334;2;8808;25;8833
s55;0;-22.151773;60.323192;1;1395;3;1398
satellites1-25;0;-20.000000;105.238724;1;707;0;707
satellites2-25;0;-29.000000;479.882873;1;31796;2;31798
satellites2-40;0;-29.000000;351.367725;1;32245;2;32247
satellites2-60-fs;0;-24.082986;445.038080;2;3894;2;3896
satellites2-60;0;-29.000000;351.367725;1;32311;2;32313
satellites3-25;0;-38.000000;750.228870;1;235018;4;235022
satellites3-40-fs;0;-32.574097;833.681612;2;26507;6;26513
satellites3-40;0;-38.000000;724.976718;1;252511;5;252516
savsched1;0;8350.916667;0.000000;3;62619;46;62665
scpj4scip;0;213.000000;-0.000000;3;1294;24;1318
scpk4;0;599.000000;0.000000;3;2654;25;2679
scpl4;0;437.000000;-0.000000;3;4622;43;4665
scpm1;0;905.000000;0.000000;3;44437;122;44559
scpn2;0;764.000000;0.000000;3;69071;269;69340
sct1;0;-186.838854;85.284884;2;987;1;988
sct2;0;-42.788075;14.732262;2;60;0;60
sct31;0;177.483592;23.157091;2;240;1;241
sct32;0;51.266438;45.043874;2;678;1;679
sct5;0;-227.069807;28.088069;2;559;2;561
seqsolve1;0;4770.293168;265.188388;24;6548;147;6695
seqsolve2short4288;0;20.396875;318.804378;4;7305;24;7329
seqsolve3short4288excess384;0;-43472.799518;407.473201;8;10689;44;10733
set1ch;0;107691.500000;-0.000000;2;1;0;1
set3-09;0;1263.077974;13.704533;2;10;0;10
set3-10;0;788.890655;13.953500;2;9;0;9
set3-15;0;8364.040745;17.366709;2;15;0;15
set3-16;0;9916.808562;19.040932;2;16;0;16
set3-20;0;10347.381087;16.724301;2;13;0;13
seymour-disj-10;0;335.000000;-0.000000;4;1704;2;1706
seymour;0;456.000000;0.000000;3;210;0;210
seymour1;0;419.891318;-0.000000;3;204;0;204
shiftreg1-4;0;131.656032;154.593750;1;36;0;36
shiftreg2-7;0;206.733052;125.342690;1;74;0;74
shiftreg5-1;0;520.839888;536.473506;1;343;0;343
shipsched;0;-0.000000;8.077417;4;75;1;76
shipschedule3shipsi;0;-265650.000000;344.868882;12;54;2;56
shipschedule6shipsmixi;0;-301650.000000;708.087219;10;118;3;121
shipschedule8shipsmixuci;0;-401100.000000;525.089709;11;91;5;96
shs1014;0;22137.410363;320.475000;1;37365;19;37384
shs1042;0;10404.662711;568.781970;1;34172;20;34192
siena1;0;10163179.229002;146.859338;1;1544;1;1545
sing11;0;18640171.224643;243.132649;1;6934;4;6938
sing161;0;19071259.113926;685.480441;1;71365;19;71384
sing17;0;35483848.876513;472.456436;1;27009;10;27019
sing2;0;17150914.716940;256.737979;1;1713;1;1714
sing245;0;25024015.754083;395.965975;1;12412;6;12418
sing326;0;7717674.801189;172.968798;1;2531;2;2533
sing359;0;22534478.962498;889.129081;1;87828;21;87849
sing44;0;8102513.219400;139.469372;1;3005;2;3007
sing5;0;18418516.013137;236.754039;1;2925;5;2930
snip10x10-35r1budget17;0;30.000000;3.224794;2;1421;0;1421
snp-02-004-104;0;567161691.779774;7.604965;5;5532;0;5532
snp-04-052-052;0;745047104.038887;733.799382;6;4592;3;4595
snp-06-004-052;0;1831976376.522612;31.156229;2;8335;0;8335
snp-10-004-052;0;5961214167.823297;42.379535;6;20519;2;20521
snp-10-052-052;0;5996763115.125915;1683.882989;6;21755;8;21763
sorrell3;0;-12.000000;-0.000000;3;371;0;371
sorrell4;0;-17.000000;-0.000000;3;979;2;981
sorrell7;0;-144.000000;0.000000;3;14856;0;14856
sorrell8;0;-273.000000;0.000000;3;195;0;195
sp150x300d;0;71.000000;0.000000;2;0;0;0
sp97ar;0;867029478.960000;1.000000;4;395;6;401
sp97ic;0;623488906.560000;-0.000000;3;332;4;336
sp98ar;0;634927496.235813;1.298245;4;480;8;488
sp98ic;0;693891285.120000;1.567210;4;390;6;396
sp98ir;0;306178309.204882;6.691780;4;44;1;45
splice1k1;0;-3.068619;1.426914;2;33302;19;33321
splice1k1i;0;-1646.777979;134.969052;1;14172;3;14175
square23;0;8.333333;12.444444;1;94;1;95
square31;0;8.500000;13.750000;1;491;5;496
square37;0;8.666667;13.666667;1;1267;11;1278
square41;0;8.839612;15.068891;1;2661;14;2675
square47;0;8.755814;15.976744;1;8308;29;8337
stoch-vrpvrp-s5v2c8vrp-v2c8i;0;0.000000;87.482236;2;10;0;10
stockholm;0;166.000000;0.000000;2;432;0;432
stp3d;0;564.338735;444.504657;2;23893;13;23906
sts405;0;357.000000;0.000000;3;575;2;577
sts729;0;665.000000;0.000000;3;3386;6;3392
supportcase1;0;20078.000000;0.020832;2;235;4;239
supportcase10;0;3.383924;971.624635;2;9813;5;9818
supportcase11;0;-14.281996;0.000000;1;3;0;3
supportcase12;0;-7559.533054;68.692550;1;1745;0;1745
supportcase14;0;272.000000;7.333333;1;1;0;1
supportcase16;0;272.000000;7.333333;1;1;0;1
supportcase17;0;0.000000;20.311619;2;6;0;6
supportcase18;0;87.000000;9.141806;2;43;1;44
supportcase19;0;12677206.000000;370.390975;1;26004;76;26080
supportcase2;0;0.000000;4.750000;1;8486;47;8533
supportcase20;0;108889.000000;0.000000;2;17;0;17
supportcase23;0;-12952.000000;617.629502;1;1809;0;1809
supportcase25;0;0.036932;10.888511;1;91;0;91
supportcase26;0;1288.102161;0.009948;2;1;0;1
supportcase27i;0;0.000000;80.548714;2;7;0;7
supportcase3;0;0.000000;403.282880;3;221;1;222
supportcase30;0;0.000000;102.857020;1;64;0;64
supportcase31;0;79524.180000;4.000000;2;1806;52;1858
supportcase33;0;-465.000000;28.823216;2;139;0;139
supportcase34;0;72.664116;173.934717;1;421;1;422
supportcase35;0;174371.000000;0.000000;2;120;0;120
supportcase37;0;-5803.552159;23.221484;2;963;0;963
supportcase39;0;-1062330.369524;22.808785;5;91;6;97
supportcase4;0;0.000000;202.915359;3;141;0;141
supportcase40;0;22536.483379;19.000000;1;227;0;227
supportcase41;0;28.000000;42.562945;2;794;0;794
supportcase42;0;7.343539;48.081295;1;1580;2;1582
supportcase43;0;0.000000;48.147044;2;51632;3;51635
supportcase6;0;45090.732163;29.123967;1;1617;7;1624
supportcase7;0;-2396.218213;53.147310;2;1405;0;1405
swath;0;334.496858;2.200000;1;46;0;46
swath1;0;334.496858;0.600000;1;34;0;34
swath2;0;334.496858;0.700000;1;32;0;32
swath3;0;334.496858;0.800000;1;31;0;31
t1717;0;134531.021428;79.098998;1;190;1;191
t1722;0;98815.407611;52.399108;1;115;0;115
ta1-UUM;0;3693674.556772;4.303412;1;4;0;4
ta2-UUE;0;41427354.755773;0.680983;2;146;0;146
tanglegram1;0;0.000000;46.000000;1;2;0;2
tanglegram2;0;1.000000;26.500000;1;1;0;1
tanglegram4;0;4.000000;71.000000;1;4;0;4
tanglegram6;0;0.000000;33.500000;1;1;0;1
tbfp-bigm;0;-178.153988;30.000000;1;133;0;133
tbfp-network;0;23.261535;31.000000;1;868;3;871
Test3;0;2671255.210245;12.061384;1;101;0;101
thor50dday;0;203930.000000;0.000000;2;238;3;241
timtab1;0;1219185.333333;17.766667;2;0;0;0
timtab1CUTS;0;613590.095426;34.399586;2;3;0;3
timtab2;0;1602354.333333;29.200000;2;1;0;1
tokyometro;0;4661.136055;270.699215;3;66;0;66
toll-like;0;28.000000;229.000000;1;32;0;32
tpl-tub-ss16;0;8118583.328716;1889.575939;4;85077;189;85266
tpl-tub-ws1617;0;10765092.807538;2191.381057;4;100279;253;100532
tr12-30;0;188435.464884;3.580258;2;2;0;2
traininstance2;0;0.000000;8.034883;2;36;0;36
traininstance6;0;0.000000;3.486662;2;28;0;28
transportmoment;0;-55084931301.156029;426.403696;2;183;0;183
trento1;0;5182758.848056;77.237488;1;488;0;488
triptim1;0;22.927100;1744.894737;3;7004;7;7011
triptim2;0;11.889797;542.834787;3;10294;7;10301
triptim3;0;14.144151;636.713323;3;9763;8;9771
triptim4;0;9.552100;369.397727;3;10850;9;10859
triptim7;0;3088.288157;498.350855;2;12241;6;12247
triptim8;0;3074.310409;495.273425;2;12794;5;12799
tw-myciel4;0;22.000000;72.075704;6;172;1;173
uc-case11;0;611621.305979;114.829952;1;2443;0;2443
uc-case3;0;7181.432113;95.258578;3;1824;1;1825
uccase10;0;38995.965187;400.440843;1;2626;2;2628
uccase12;0;11507.474829;29.321333;3;2143;3;2146
uccase7;0;26527.823515;162.338874;1;3388;0;3388
uccase8;0;11142.163196;63.982247;1;1477;0;1477
uccase9;0;10819.582996;76.021210;1;896;0;896
uct-subprob;0;242.000000;58.243175;1;58;0;58
umts;0;43380098.519492;76.628947;2;17;0;17
unitcal_7;0;19450489.742819;144.660904;6;815;1;816
usAbbrv-8-25_70;0;95.000000;103.341847;3;7;0;7
usafa;0;178.602081;3104.483345;2;47435;28;47463
v150d30-2hopcds;0;54.000000;-0.000000;3;113;1;114
van;0;3.717453;12.910186;1;7833;0;7833
var-smallemery-m6j6;0;-156.056268;89.220998;2;881;4;885
vpm2;0;15.721505;3.393512;2;0;0;0
vpphard;0;0.000000;131.849958;1;78;2;80
vpphard2;0;0.000000;239.681095;1;82;0;82
wachplan;0;-9.000000;58.858491;1;8;0;8
wnq-n100-mw99-14;0;224.318143;77.196581;2;121;0;121
xmas10-2;0;-537.008669;157.129457;1;222;0;222
xmas10;0;-537.008669;157.318400;1;178;0;178
z26;0;-963.000000;-0.000000;3;12533;8;12541
zeil;0;813.510308;818.615660;1;88219;5;88224
zib54-UUE;0;19164366.000000;-0.000000;2;47;0;47
10teams;37029;917.000000;36.681642;1;29;0;29
22433;37029;21552.708079;24.962328;5;5;0;5
23588;37029;8342.863244;17.617619;4;3;0;3
2club200v15p5scn;37029;-98.397436;37.935897;4;128;2;130
30n20b8;37029;5530.000000;41.625765;2;155;0;155
30_70_45_05_100;37029;64.000000;-0.000000;5;853;2;855
30_70_45_095_100;37029;68.000000;-0.000000;5;750;2;752
30_70_45_095_98;37029;149.000000;-0.000000;5;845;2;847
50v-10;37029;1493601.476062;-0.000000;2;5;0;5
a1c1s1;37029;20885.065088;0.498062;2;11;0;11
a2c1s1;37029;21087.746318;-0.000000;2;8;0;8
ab51-40-100;37029;-437558462.000004;11.050000;2;439;1;440
ab67-40-100;37029;-11186253442.000000;0.000000;1;324;0;324
ab69-40-100;37029;-11186281442.000000;0.000000;1;292;0;292
ab71-20-100;37029;-2390446504.400002;12.500000;2;220;0;220
ab72-40-100;37029;-11186620442.000000;0.000000;1;329;0;329
academictimetablebig;37029;427.000000;1980.203197;2;38540;17;38557
academictimetablesmall;37029;0.000000;304.037692;2;232;3;235
acc-tight2;37029;0.000000;120.187623;1;25;0;25
acc-tight4;37029;0.000000;120.929764;1;21;0;21
acc-tight5;37029;0.000000;108.861099;1;178;0;178
acc-tight6;37029;0.000000;100.822653;1;207;0;207
adult-max5features;37029;10710.000597;0.023689;2;893;7;900
adult-regularized;37029;7841.000000;0.000000;3;1970;9;1979
aflow30a;37029;1402.717622;2.301497;3;1;0;1
aflow40b;37029;1129.417647;2.760099;3;7;0;7
air03;37029;338864.250000;11.375000;1;60;0;60
air04;37029;55535.436388;51.829962;1;197;0;197
air05;37029;25877.609268;45.880497;1;123;0;123
aligninq;37029;2755.000000;40.921868;7;14;0;14
allcolor10;37029;1667.205949;277.752404;3;94;1;95
allcolor58;37029;6860.683036;1871.573531;3;638;8;646
amaze22012-03-15i;37029;0.000000;58.180281;2;82;2;84
amaze22012-06-28i;37029;0.000000;35.393465;2;29;0;29
amaze22012-07-04i;37029;0.000000;40.505587;2;41;0;41
app1-1;37029;-2.000000;1.945752;2;6;0;6
app1-2;37029;-23.000000;1.399234;3;309;1;310
app2-1;37029;19294.250000;0.000000;2;21;0;21
app2-2;37029;212092.500000;0.000000;2;1;0;1
app3;37029;5627412.287938;3.142492;1;8;0;8
arki001;37029;7579621.830840;15.454670;1;34;0;34
assign1-10-4;37029;353.992926;52.000000;1;33;0;33
assign1-5-8;37029;183.362555;24.000000;1;2;0;2
atlanta-ip;37029;81.321096;294.518627;2;5624;2;5626
atm20-100;37029;2141734.684878;120.774021;2;68;0;68
australia-abs-cta;37029;0.000000;37.138391;1;61;0;61
b-ball;37029;-1.818182;4.818182;1;0;0;0
b1c1s1;37029;69995.090000;-0.000000;2;7;0;7
b2c1s1;37029;69710.660000;-0.000000;2;15;0;15
bab1;37029;-228225.182825;27.775000;1;93;0;93
bab2;37029;-327907.020000;270.500000;2;12481;17;12498
bab3;37029;-570680.596583;405.246581;2;28413;40;28453
bab5;37029;-106670.400850;101.900000;2;567;2;569
bab6;37029;-242181.154525;473.597222;2;4603;11;4614
bc;37029;13.915046;0.268421;2;95;0;95
bc1;37029;4.550543;0.028778;2;86;0;86
beasleyC1;37029;102.000000;0.000000;2;2;0;2
beasleyC2;37029;232.000000;0.000000;2;3;0;3
beasleyC3;37029;951.000000;-0.000000;2;4;0;4
beavma;37029;395292.332242;3.472328;2;1;0;1
berlin;37029;1951.000000;0.000000;2;27;0;27
berlin_5_8_0;37029;52.000000;56.222597;3;2;0;2
bg512142;37029;506799.440536;51.840309;3;29;0;29
biella1;37029;3060037.430763;98.993456;1;273;0;273
bienst1;37029;11.724138;4.390524;1;2;0;2
bienst2;37029;11.724138;5.390524;1;2;0;2
binkar10_1;37029;6637.188027;9.084811;1;7;0;7
blend2;37029;7.489992;0.686573;2;0;0;0
bley_xl1;37029;265.196799;287.930058;8;20123;27;20150
bley_xs1;37029;50772836.968217;85.931545;3;76;0;76
bley_xs1noM;37029;60242436.644117;88.493331;2;58;0;58
bley_xs2;37029;37857199.025431;42.229522;12;11;1;12
blp-ar98;37029;9461.750783;13.443652;21;107;27;134
blp-ic97;37029;5423.588709;1.337703;12;81;7;88
blp-ic98;37029;6340.215856;1.657910;6;118;7;125
blp-ir98;37029;3172.789640;3.875758;3;45;1;46
bmocbd3;37029;45423160382.723442;0.000000;3;17844;19;17863
bmoipr2;37029;-46628940.711029;7.840017;1;59;0;59
bnatt350;37029;0.000000;105.289533;17;110;2;112
bnatt400;37029;0.000000;129.427483;17;113;2;115
bppc4-08;37029;51.590000;11.724943;1;18;0;18
bppc6-02;37029;108.340000;11.296538;1;132;1;133
bppc6-06;37029;200.633333;13.595370;1;145;0;145
bppc8-02;37029;486.500000;3.194588;1;1;0;1
bppc8-09;37029;444.436047;4.775100;1;3;0;3
brasil;37029;32311.000000;0.000000;2;26;0;26
brazil3;37029;2.000000;303.450558;1;233;0;233
breastcancer-regularized;37029;105.150036;0.002191;2;8;0;8
bts4-cta;37029;33524.637606;1130.000000;1;507;0;507
buildingenergy;37029;33246.215059;1468.850000;2;16376;5;16381
cap6000;37029;-2446875.000000;0.000000;3;38;0;38
cbs-cta;37029;0.000000;28.754656;1;101;0;101
cdc7-4-3-2;37029;-232.000000;-0.000000;3;36845;5;36850
chromaticindex1024-7;37029;4.000000;16002.682953;2;2295;10;2305
chromaticindex128-5;37029;4.000000;2021.163699;2;132;1;133
chromaticindex256-8;37029;4.000000;4069.477083;2;366;2;368
chromaticindex32-8;37029;4.000000;504.887500;2;19;0;19
chromaticindex512-7;37029;4.000000;8183.527137;2;1126;5;1131
ci-s4;37029;17.644894;42.275628;3;10;0;10
circ10-3;37029;140.000000;209.309855;1;2118;1;2119
cmflsp40-24-10-7;37029;52605868.952858;70.700930;3;355;0;355
cmflsp40-36-2-10;37029;72898024.959478;295.649246;3;775;0;775
cmflsp50-24-10-4;37029;64492612.641644;81.236085;3;334;0;334
cmflsp50-24-8-8;37029;59814378.749021;131.869460;3;340;0;340
cmflsp60-36-2-6;37029;97887903.946142;370.689759;3;1789;0;1789
CMS750_4;37029;250.000000;230.436836;3;61;1;62
co-100;37029;1246685.546783;10.401691;2;350;7;357
cod105;37029;-8.000000;0.000000;3;458;1;459
comp07-2idx;37029;0.000000;114.416667;2;1908;2;1910
comp08-2idx;37029;0.000000;175.467237;3;200;1;201
comp12-2idx;37029;3.000000;261.572878;1;1392;0;1392
comp16-3idx;37029;4.000000;722.263585;1;7123;2;7125
comp21-2idx;37029;0.000000;282.023529;3;514;1;515
control30-3-2-3;37029;-20763026.787568;27.970540;1;4;0;4
core2536-691;37029;800.000000;0.000000;3;796;2;798
core2586-950;37029;1165.000000;-0.000000;3;547;1;548
core4284-1064;37029;1323.000000;0.000000;3;2979;4;2983
core4872-1529;37029;1859.000000;-0.000000;3;1998;3;2001
cost266-UUE;37029;42001606.280000;-0.000000;2;66;0;66
cov1075;37029;56.000000;0.000000;3;7;0;7
cryptanalysiskb128n5obj16;37029;0.000000;5029.990887;106;1262;212;1474
csched007;37029;269.251587;22.185714;1;41;0;41
csched008;37029;171.000000;17.704190;1;9;0;9
csched010;37029;332.422727;20.239899;1;32;0;32
cvrpa-n64k9vrpi;37029;0.000000;99.904419;2;747;5;752
cvrpb-n45k5vrpi;37029;0.000000;107.949911;2;236;2;238
cvrpp-n16k8vrpi;37029;0.000000;41.056694;2;36;0;36
cvrpsimple2i;37029;0.000000;24.056231;2;2;0;2
cvs08r139-94;37029;-16.000000;66.000000;3;14;0;14
cvs16r106-72;37029;-2.000000;71.000000;2;33;0;33
cvs16r128-89;37029;-2.000000;88.000000;2;38;0;38
cvs16r70-62;37029;-0.000000;62.000000;2;30;0;30
cvs16r89-60;37029;-0.000000;60.000000;2;30;0;30
d10200;37029;12425.583005;32.097057;1;44;0;44
d20200;37029;12229.625788;62.339279;1;342;1;343
dale-cta;37029;0.000000;0.004736;1;375;0;375
dano3mip;37029;576.231620;15.297311;1;2493;0;2493
dano3_3;37029;576.231620;1.932181;1;2572;0;2572
dano3_5;37029;576.231620;2.871834;1;2299;0;2299
danoint;37029;62.637280;5.819184;1;19;0;19
dc1c;37029;1754946.863638;140.593306;1;277;0;277
dc1l;37029;578133237.429793;0.000000;4;805;20;825
dcmulti;37029;184917.234283;12.662065;3;3;0;3
decomp1;37029;-120.000000;144.611111;1;42;0;42
decomp2;37029;-160.000000;141.944444;1;45;0;45
dfn-bwin-DBE;37029;797567.400000;-0.000000;2;40;0;40
dfn-gwin-UUM;37029;27467.257235;5.653537;1;2;0;2
dg012142;37029;7485691.825683;37.560751;5;137;0;137
diameterc-mstc-v20a190d5i;37029;291.000000;264.960987;3;77;1;78
diameterc-msts-v40a100d5i;37029;324.000000;357.906639;2;61;0;61
disctom;37029;-5000.000000;51.166667;1;192;0;192
disktom;37029;-5000.000000;51.166667;1;202;0;202
dolom1;37029;6556066.068315;111.218954;1;505;1;506
drayage-100-12;37029;91134.076080;32.686693;1;56;0;56
drayage-100-23;37029;103333.874073;41.554651;1;45;0;45
drayage-25-23;37029;99718.790531;44.055595;1;46;0;46
drayage-25-27;37029;95207.144904;44.816549;1;43;0;43
drayage-25-32;37029;88256.306534;34.610044;1;50;0;50
ds-big;37029;86.820068;30.669231;1;7346;21;7367
ds;37029;57.234565;33.463549;1;940;7;947
dws008-01;37029;2954.537147;2.158177;2;49;0;49
dws008-03;37029;3279.903540;8.718992;2;141;1;142
dws012-01;37029;5179.177491;3.971756;2;98;1;99
dws012-02;37029;4797.215617;18.611531;3;226;4;230
dws012-03;37029;5259.387024;14.614141;2;387;4;391
eil33-2;37029;811.278996;3.615630;1;36;0;36
eilA101-2;37029;803.373888;7.408683;1;926;6;932
eilB101;37029;1075.247691;12.807028;1;20;0;20
eilC76-2;37029;725.754458;7.780208;1;288;2;290
ej;37029;1.000000;0.243844;1;0;0;0
elitserienhandball11i;37029;0.000000;866.305983;2;483;1;484
elitserienhandball13i;37029;0.000000;853.141952;2;395;1;396
elitserienhandball14i;37029;0.000000;883.858328;2;382;1;383
elitserienhandball3i;37029;0.000000;887.935483;2;389;1;390
enlight13;37029;1.000000;1.000000;1;0;0;0
enlight15;37029;1.000000;1.000000;1;0;0;0
enlight8;37029;1.000000;1.000000;1;0;0;0
enlight_hard;37029;15.500000;17.000000;1;0;0;0
eva1aprime5x5opt;37029;-497.155823;0.519735;1;314;0;314
eva1aprime6x6opt;37029;-495.398833;1.547904;1;1575;0;1575
ex10;37029;100.000000;98.000000;1;17618;5;17623
ex1010-pi;37029;302.000000;-0.000000;3;472;2;474
ex9;37029;81.000000;75.601201;1;1871;2;1873
exp-1-500-5-5;37029;97666.305541;4.045842;2;2;0;2
f2000;37029;1383.000000;1280.000000;2;3412;0;3412
f2gap201600;37029;76429.862296;1.402159;1;3;0;3
f2gap401600;37029;82274.237434;1.190020;1;3;0;3
f2gap40400;37029;20650.898154;3.253580;1;1;0;1
f2gap801600;37029;86570.120867;5.266841;1;4;0;4
fast0507;37029;213.000000;-0.000000;3;182;3;185
fastxgemm-n2r6s0t2;37029;27.000000;9.000000;1;30;0;30
fastxgemm-n2r7s4t1;37029;27.000000;9.000000;1;32;0;32
fastxgemm-n3r21s3t6;37029;84.000000;27.000000;1;2409;0;2409
fastxgemm-n3r22s4t6;37029;84.000000;27.000000;1;2647;0;2647
fastxgemm-n3r23s5t6;37029;84.000000;27.000000;1;2606;0;2606
fhnw-binpack4-48;37029;0.000000;333.285714;2;127;0;127
fhnw-binpack4-58;37029;0.000000;467.321429;2;143;0;143
fhnw-binpack4-77;37029;0.000000;207.310714;2;108;0;108
fhnw-binschedule0;37029;15642.000000;1053.297818;2;19205;30;19235
fhnw-binschedule2;37029;2273.000000;204.240609;3;482;4;486
fhnw-schedule-paira100;37029;-36.643681;5.149215;2;131;0;131
fhnw-schedule-paira200;37029;-73.826479;8.940825;2;233;3;236
fhnw-schedule-paira400;37029;-146.941079;19.266221;2;1180;13;1193
fhnw-schedule-pairb200;37029;-58.887041;815.939903;3;2218;4;2222
fhnw-schedule-pairb400;37029;-109.169750;2783.836162;3;13093;14;13107
fhnw-sq2;37029;0.000000;12.138998;1;16;0;16
fiball;37029;137.069168;65.011163;1;115;1;116
fiber;37029;897538.360000;12.574421;2;3;0;3
fillomino7x7-0i;37029;0.000000;315.503941;2;61;0;61
fixnet6;37029;4536.000000;0.000000;2;1;0;1
fjspeasy01i;37029;216.000000;1.364719;2;60;0;60
flugpl;37029;1167875.166377;2.785325;1;0;0;0
g200x740;37029;45614.000000;-0.000000;2;4;0;4
g200x740i;37029;44069.000000;-0.000000;2;3;0;3
gasprod1-1;37029;9698.001669;25.784673;6;489;1;490
gasprod1-2;37029;12418.693782;43.662702;18;375;3;378
gasprod1-3;37029;13830.718570;40.837432;64;382;11;393
gasprod2-1;37029;1510393.402354;44.156867;6;1068;1;1069
gasprod2-2;37029;1355909.537507;297.110788;36;1606;15;1621
gen-ip002;37029;-511.036897;0.000000;3;0;0;0
gen-ip016;37029;-9505.628173;1.906914;1;0;0;0
gen-ip021;37029;6642.052620;2.217259;4;0;0;0
gen-ip036;37029;-2162.833562;0.000000;3;0;0;0
gen-ip054;37029;7350.684932;1.502477;8;0;0;0
gen;37029;112555.106141;0.427450;2;1;0;1
genus-g31-8;37029;-27.000000;105.481481;1;1090;1;1091
genus-g61-25;37029;-58.000000;267.593301;1;780;2;782
genus-sym-g31-8;37029;-27.000000;149.527030;1;4475;2;4477
genus-sym-g62-2;37029;-54.000000;222.237614;1;23171;1;23172
genus-sym-grafo5708-48;37029;-27.000000;159.026027;2;1745;0;1745
ger50-17-ptp-pop-3t;37029;3466.323207;45.213645;1;103;0;103
ger50-17-ptp-pop-6t;37029;6804.447088;50.477969;1;93;0;93
ger50-17-trans-dfn-3t;37029;3453.475245;37.741927;1;160;2;162
ger50-17-trans-pop-3t;37029;3456.252922;49.487013;1;165;1;166
ger50_17_trans;37029;6850.628623;48.226110;1;138;1;139
germanrr;37029;47741647.082140;58.297944;3;780;3;783
germany50-DBM;37029;438028.000000;21.150000;1;145;0;145
germany50-UUM;37029;597932.500000;26.450000;1;36;0;36
gesa2-o;37029;25748173.191117;13.380406;2;3;0;3
gesa2;37029;25502855.039680;8.989886;1;6;0;6
gfd-schedulen180f7d50m30k18-16i;37029;21.533333;4297.018832;3;9446;145;9591
gfd-schedulen180f7d50m30k18;37029;1.000000;6044.607327;36;4681;214;4895
gfd-schedulen25f5d20m10k3i;37029;3.000000;24.566406;2;84;0;84
gfd-schedulen55f2d50m30k3i;37029;4.111111;221.771449;2;222;3;225
ghoulomb4-9-10i;37029;9.000000;9.160150;2;59;1;60
glass-sc;37029;29.000000;0.000000;3;113;1;114
glass4;37029;800002400.000000;8.568254;1;0;0;0
gmu-35-40;37029;-2406943.556343;2.300342;1;3;0;3
gmu-35-50;37029;-2608070.315743;3.444186;1;6;0;6
gmut-75-50;37029;-14182312.661731;4.988967;1;507;3;510
gmut-76-40;37029;-14171086.316075;9.054451;1;311;1;312
gmut-76-50;37029;-14173884.188063;4.201959;1;341;3;344
gmut-77-40;37029;-14173396.636852;2.973250;1;359;1;360
go19;37029;95.000000;-0.000000;3;4;0;4
gr4x6;37029;229.050000;-0.000000;2;0;0;0
graph20-20-1rand;37029;-37.000000;43.500000;1;47;0;47
graph20-80-1rand;37029;-110.000000;120.050000;2;1355;2;1357
graph40-20-1rand;37029;-157.000000;173.500000;1;3911;2;3913
graph40-40-1rand;37029;-300.000000;312.000000;1;89680;9;89689
graphdraw-domain;37029;12672.000000;18.742857;1;2;0;2
graphdraw-gemcutter;37029;4310.000000;12.048387;2;1;0;1
graphdraw-grafo2;37029;35762.000000;445.166667;1;818;2;820
graphdraw-mainerd;37029;30496.000000;119.016129;1;90;0;90
graphdraw-opmanager;37029;54717.000000;251.292683;1;390;1;391
gsvm2rl11;37029;35640.343493;0.000000;3;366;0;366
gsvm2rl12;37029;50.000000;-0.000000;3;571;0;571
gsvm2rl3;37029;0.600000;-0.000000;3;3;0;3
gsvm2rl5;37029;10.000000;-0.000000;3;7;0;7
gsvm2rl9;37029;16356.825869;0.000000;3;58;0;58
gt2;37029;21166.000000;4.130952;2;0;0;0
h50x2450;37029;11147.731511;3.696751;1;44;0;44
h80x6320;37029;3700.000000;0.000000;1;24;0;24
h80x6320d;37029;5325.160104;2.515625;1;41;0;41
hanoi5;37029;1931.000000;245.237539;25;309;4;313
haprp;37029;3679667.254486;41.766595;2;4;0;4
harp2;37029;-74325169.345138;5.496152;1;2;0;2
hgms-det;37029;-53793.320679;37.099950;1;183;0;183
hgms30;37029;-53327.995245;51.804834;1;7204;0;7204
hgms62;37029;-53394.446147;54.735370;1;13962;0;13962
hypothyroid-k1;37029;-2846.896104;38.365286;3;7191;7;7198
ic97_potential;37029;4058.000000;55.050000;2;3;0;3
ic97_tension;37029;3993.000000;15.366667;2;1;0;1
icir97_potential;37029;6619.000000;172.384181;2;38;0;38
icir97_tension;37029;6323.000000;102.600000;2;3;0;3
iis-100-0-cov;37029;35.000000;0.000000;3;91;0;91
iis-bupa-cov;37029;46.000000;-0.000000;3;156;0;156
iis-glass-cov;37029;26.000000;0.000000;3;110;1;111
iis-hc-cov;37029;22.000000;0.000000;3;149;3;152
iis-pima-cov;37029;39.000000;-0.000000;3;203;1;204
irp;37029;12123.530222;6.000000;1;68;1;69
istanbul-no-cutoff;37029;62.541409;3.968407;1;254;0;254
ivu06-big;37029;135.427718;95.799872;1;52406;154;52560
ivu06;37029;135.901353;96.981489;1;14513;58;14571
ivu52;37029;480.250438;81.910351;1;6287;12;6299
ivu59;37029;884.456993;122.834601;1;212782;222;213004
janos-us-DDM;37029;1488134.750000;22.375000;1;5;0;5
k16x240;37029;11359.000000;0.000000;2;1;0;1
k16x240b;37029;12874.000000;0.000000;2;1;0;1
k1mushroom;37029;-3747.840298;42.576586;3;20386;24;20410
k1mushroomi;37029;-4165.061224;64.102041;1;15327;3;15330
khb05250;37029;126785464.000000;0.000000;2;1;0;1
l2p12;37029;2.000000;831.449119;3;218;1;219
l2p1i;37029;1.000000;607.419608;2;904;23;927
l2p2i;37029;1.000000;874.857828;2;131;1;132
lectsched-1-obj;37029;36.000000;28.046924;4;214;3;217
lectsched-1;37029;0.000000;6.882322;2;159;1;160
lectsched-2;37029;0.000000;29.221196;3;79;1;80
lectsched-3;37029;0.000000;4.358796;9;184;4;188
lectsched-4-obj;37029;3.000000;14.190535;14;50;2;52
lectsched-5-obj;37029;15.000000;44.276539;5;167;2;169
leo1;37029;619820231.520000;2.134363;4;67;2;69
leo2;37029;626414237.440000;0.787172;3;105;3;108
liu;37029;346.000000;11.229183;2;5;0;5
loopha13;37029;6.279000;1.132999;2;214;0;214
lotsize;37029;1335747.052789;7.405615;2;6;0;6
lr1dr02vc05v8a-t360;37029;120707.344638;169.266715;1;928;0;928
lr1dr04vc05v17a-t360;37029;247150.518188;322.854834;1;1772;1;1773
lr1dr12vc10v70b-t360;37029;983958.597196;1051.434951;1;44978;10;44988
lr2-22dr3-333vc4v17a-t60;37029;-72770.836006;244.127587;2;37033;9;37042
lrn;37029;44373752.713965;53.546052;2;357;0;357
m100n500k4r1;37029;-19.000000;-0.000000;3;6;0;6
macrophage;37029;35.000000;209.000000;1;5;0;5
mad;37029;0.000000;4.366204;1;1;0;1
manna81;37029;-10107.000000;0.000000;3;37;0;37
map06;37029;-406.181173;7.868443;1;992;0;992
map10;37029;-602.176181;11.248146;1;991;0;991
map14;37029;-778.549324;11.962355;1;975;0;975
map14860-20;37029;-998.836419;10.400693;1;1288;0;1288
map16715-04;37029;-296.267898;4.997036;1;1003;0;1003
map18;37029;-932.782685;11.173489;1;1224;0;1224
map20;37029;-998.836419;10.400693;1;1255;0;1255
mappingmesh3x3mpeg2i;37029;10000.000000;161.127209;2;21;0;21
mario-t-hard5i;37029;-4482.000000;235.149319;1;135;1;136
markshare1;37029;230.000000;-0.000000;2;0;0;0
markshare2;37029;454.000000;0.000000;2;0;0;0
markshare_4_0;37029;226.000000;0.000000;2;0;0;0
markshare_5_0;37029;337.000000;0.000000;2;0;0;0
mas74;37029;10482.795280;3.103514;1;1;0;1
mas76;37029;38893.903641;2.555097;1;1;0;1
maxgasflow;37029;-53620694.316699;233.171088;2;56;0;56
mc11;37029;13520.000000;-0.000000;2;29;0;29
mc7;37029;5797.000000;-0.000000;2;28;0;28
mc8;37029;1944.000000;-0.000000;2;29;0;29
mcsched;37029;474351.816438;29.021488;2;146;0;146
methanosarcina;37029;0.000000;282.500000;1;59;0;59
mik-250-1-100-1;37029;-0.000000;0.000000;2;2;0;2
mik-250-20-75-1;37029;0.000000;0.000000;2;2;0;2
mik-250-20-75-2;37029;-0.000000;-0.000000;2;2;0;2
mik-250-20-75-3;37029;-0.000000;-0.000000;2;2;0;2
mik-250-20-75-4;37029;-0.000000;-0.000000;2;2;0;2
mik-250-20-75-5;37029;0.000000;-0.000000;2;3;0;3
milo-v12-6-r1-58-1;37029;422507.582835;145.714423;2;148;0;148
milo-v12-6-r1-75-1;37029;684446.509887;174.270141;2;186;0;186
milo-v12-6-r2-40-1;37029;213638.744473;103.889654;2;72;0;72
milo-v13-4-3d-3-0;37029;23373.122645;0.739975;1;17;0;17
milo-v13-4-3d-4-0;37029;34049.245605;1.277727;1;29;0;29
mine-166-5;37029;-548288758.721338;36.684884;6;139;0;139
mine-90-10;37029;-827656854.061004;55.076435;1;85;0;85
mining;37029;-884745914.647418;8489.901148;92;72481;1945;74426
minutedispatchstrategy;37029;3582.138213;101.664381;1441;2127;627;2754
misc07;37029;1415.000000;8.000000;1;2;0;2
mitre;37029;114908.998992;168.716846;1;58;0;58
mkc;37029;-279.990000;-0.000000;3;32;0;32
mkc1;37029;-550.278772;6.529051;3;35;0;35
mod010;37029;6532.083333;15.166667;1;15;0;15
modglob;37029;20786787.016883;-0.000000;2;1;0;1
moj-mining;37029;-1520532907.350179;566.626558;2;48494;0;48494
momentum1;37029;121860.460323;47.487111;2;121;0;121
momentum2;37029;12884.172158;84.534262;3;582;1;583
mrcpspj30-15-5i;37029;23.000000;77.119901;2;57;0;57
mrcpspj30-17-10i;37029;25.000000;225.155906;34;108;12;120
mrcpspj30-53-3i;37029;30.000000;87.673073;2;50;0;50
msc98-ip;37029;19530897.712302;353.788784;2;806;1;807
mspp16;37029;341.000000;3.000000;1;25247;143;25390
mspsphard01i;37029;69.000000;44.768654;3;56;1;57
mspsphard03i;37029;73.000000;89.470874;5;95;3;98
mtest4ma;37029;60342.000000;0.000000;2;2;0;2
mushroom-best;37029;0.079076;0.007000;3;253;3;256
mzzv11;37029;-22076.000000;186.202623;2;265;1;266
mzzv42z;37029;-20490.000000;179.192264;2;283;1;284
n13-3;37029;4810470.000000;0.000000;2;3;0;3
n15-3;37029;71710891.000000;0.000000;2;4779;0;4779
n2seq36f;37029;70600.000000;-0.000000;3;35;0;35
n2seq36q;37029;101037.600000;28.840000;3;155;3;158
n3-3;37029;23704230.000000;0.000000;2;135;0;135
n3700;37029;1342560.000000;0.000000;2;26;0;26
n3705;37029;1342540.000000;0.000000;2;27;0;27
n3707;37029;1301218.000000;0.000000;2;24;0;24
n3709;37029;1324904.000000;-0.000000;2;24;0;24
n370a;37029;1353042.000000;-0.000000;2;26;0;26
n370b;37029;1373791.000000;-0.000000;2;25;0;25
n3div36;37029;259800.000000;6.227888;3;131;4;135
n3seq24;37029;186864.580534;43.960251;3;2399;45;2444
n4-3;37029;12003175.000000;-0.000000;2;62;0;62
n5-3;37029;10502425.000000;-0.000000;2;14;0;14
n6-3;37029;10807500.000000;0.000000;2;46;0;46
n7-3;37029;8409710.000000;0.000000;2;40;0;40
n9-3;37029;20705025.000000;-0.000000;2;130;0;130
nag;37029;465.000000;10.908434;4;46;0;46
neos-1061020;37029;-145860.370608;501.054054;1;805;0;805
neos-1067731;37029;669053.000000;87.000000;1;625;0;625
neos-1109824;37029;278.000000;22.000000;1;40;0;40
neos-1112782;37029;22000000110147.347656;0.000000;2;25;0;25
neos-1112787;37029;19500000125389.667969;0.000000;2;23;0;23
neos-1122047;37029;162.000000;0.000000;2;113;0;113
neos-1171448;37029;-309.000000;5.777778;2;112;0;112
neos-1171692;37029;-273.000000;4.936782;2;43;0;43
neos-1171737;37029;-195.000000;9.875000;2;48;0;48
neos-1225589;37029;5000000000.000000;-0.000000;2;1;0;1
neos-1311124;37029;-182.000000;5.250000;2;3;0;3
neos-1324574;37029;36.000000;135.000000;2;36;0;36
neos-1330346;37029;34.000000;90.268408;2;57;0;57
neos-1337307;37029;-201272.000000;272.493985;2;52;0;52
neos-1354092;37029;46.000000;235.398385;2;1032;2;1034
neos-1367061;37029;31320456.264497;6.250000;2;1308;1;1309
neos-1396125;37029;3000.046554;10.228463;2;8;0;8
neos-1420546;37029;22124.400000;103.140678;1;395;0;395
neos-1420790;37029;2942.750002;75.132359;1;52;0;52
neos-1423785;37029;-1773.639422;144.183541;2;347;0;347
neos-1425699;37029;3175561447.505317;0.344988;1;0;0;0
neos-1426635;37029;-178.000000;6.235119;2;2;0;2
neos-1426662;37029;-52.000000;24.768519;2;4;0;4
neos-1429212;37029;2425.386455;328.355033;1;4658;8;4666
neos-1430701;37029;-78.000000;5.278895;2;2;0;2
neos-1436709;37029;-129.000000;5.000000;2;3;0;3
neos-1440225;37029;36.000000;34.173132;1;58;0;58
neos-1440460;37029;-180.000000;5.527778;2;2;0;2
neos-1442119;37029;-182.000000;7.291667;2;3;0;3
neos-1442657;37029;-156.000000;6.083333;2;3;0;3
neos-1445532;37029;-14382.000000;4.666667;2;24;0;24
neos-1445738;37029;-18525.765543;192.856918;1;1150;0;1150
neos-1445743;37029;-18902.810023;198.050465;1;1123;0;1123
neos-1445765;37029;-18811.492536;210.050240;1;1103;0;1103
neos-1456979;37029;154.000000;27.901173;1;44;0;44
neos-1516309;37029;34769.833333;9.166667;2;33;0;33
neos-1582420;37029;88.469527;56.693409;5;40;0;40
neos-1593097;37029;19581.000000;35.532718;1;43;0;43
neos-1599274;37029;31644.742857;8.000000;2;32;0;32
neos-1601936;37029;1.000000;152.757983;1;695;0;695
neos-1603965;37029;619257281.729079;159.275183;3;1933;1;1934
neos-1605061;37029;6.150735;154.102548;1;2474;0;2474
neos-1605075;37029;3.214461;178.628105;1;2037;0;2037
neos-1616732;37029;173.000000;-0.000000;3;64;0;64
neos-1620770;37029;22.000000;35.000000;2;205;0;205
neos-2294525-abba;37029;251.550909;2.782932;1;101;0;101
neos-2328163-agri;37029;27254.625000;62.348214;1;125;0;125
neos-2624317-amur;37029;0.000000;22.711257;1;2;0;2
neos-2629914-sudost;37029;39622.000000;15.333333;1;210;0;210
neos-2652786-brda;37029;0.000000;15.533521;2;1;0;1
neos-2657525-crna;37029;0.000000;18.351928;2;1;0;1
neos-2669500-cust;37029;2221.900000;100.250838;1;466;5;471
neos-2746589-doon;37029;1985.939796;54.551734;1;213;2;215
neos-2974461-ibar;37029;472952396.770997;3364.000000;2;180890;31;180921
neos-2978193-inde;37029;-2.418518;7.400000;1;62;0;62
neos-2978205-isar;37029;-12.415307;28.800000;1;204;0;204
neos-2987202-jeir;37029;-1847551552.236609;1035.632796;2;63894;1;63895
neos-2987310-joes;37029;-610797465.676975;19.875000;2;962;0;962
neos-2991472-kalu;37029;138.000000;18.557396;2;3278;88;3366
neos-3004026-krka;37029;0.000000;832.000000;1;49;0;49
neos-3009394-lami;37029;0.642857;216.628571;1;3;0;3
neos-3024952-loue;37029;25442.000000;116.550000;5;226;0;226
neos-3025225-shelon;37029;0.077135;318.031391;1;88082;19;88101
neos-3046601-motu;37029;185.000000;0.023300;2;0;0;0
neos-3046615-murg;37029;192.000000;0.024900;2;0;0;0
neos-3048764-nadi;37029;-3883988306.366695;0.000000;1;55;0;55
neos-3065804-namu;37029;0.000000;0.000000;1;226;0;226
neos-3068746-nene;37029;77427529.530929;51.698455;2;141;0;141
neos-3072252-nete;37029;10593526.000000;1.938794;2;1;0;1
neos-3075395-nile;37029;1127152.765198;9.064729;1;70;0;70
neos-3083784-nive;37029;0.000000;0.395487;1;5;0;5
neos-3083819-nubu;37029;6290575.552807;5.598385;1;37;0;37
neos-3116779-oban;37029;0.000000;0.000000;1;23;0;23
neos-3118745-obra;37029;291.000000;-0.000000;3;4;0;4
neos-3148108-pahi;37029;0.000000;0.000000;1;62;0;62
neos-3209462-rhin;37029;0.000000;47.352227;2;4527;1;4528
neos-3209519-ruhr;37029;332.850000;25.096416;1;50;0;50
neos-3214367-sovi;37029;87807.062267;86.266322;1;1817;0;1817
neos-3216931-puriri;37029;58817.360975;51.659853;1;804;0;804
neos-3226448-wkra;37029;0.000000;512.043709;1;804;0;804
neos-3237086-abava;37029;0.000000;56.000000;1;213;2;215
neos-3322547-alsek;37029;616.000000;115.178534;2;10222;66;10288
neos-3352863-ancoa;37029;47700.000000;-0.000000;3;623;13;636
neos-3354841-apure;37029;48560.000000;3.800000;1;2096;24;2120
neos-3355120-tarago;37029;-19761147.469026;128.754971;1;809;1;810
neos-3355323-arnon;37029;0.000000;33.818182;4;69;3;72
neos-3372571-onahau;37029;0.576990;8.695953;2;1096;0;1096
neos-3373491-avoca;37029;21687686014.015354;20.812587;1;9;0;9
neos-3381206-awhea;37029;432.000000;61.334767;2;5;0;5
neos-3402294-bobin;37029;0.000000;50.584407;1;207;1;208
neos-3426085-ticino;37029;235.000000;41.787470;3;25;0;25
neos-3426132-dieze;37029;427.000000;103.670666;2;47;0;47
neos-3437289-erdre;37029;0.000000;0.000000;1;68;0;68
neos-3530903-gauja;37029;170.000000;33.253136;3;4;0;4
neos-3530905-gaula;37029;153.000000;29.042208;2;3;0;3
neos-3555904-turama;37029;-37.664423;1768.886014;4;5659;6;5665
neos-3572885-glina;37029;0.000000;0.000000;1;78;1;79
neos-3581454-haast;37029;1969.000000;47.338710;1;74;0;74
neos-3592146-hawea;37029;7345804.855333;13.281253;1;43;0;43
neos-3594536-henty;37029;383310.000000;1311.000000;1;68;1;69
neos-3603137-hoteo;37029;0.000000;38.166667;3;41;1;42
neos-3610040-iskar;37029;37.165417;2.262083;2;2;0;2
neos-3610051-istra;37029;48.227558;5.054237;2;3;0;3
neos-3610173-itata;37029;147.441250;3.692500;2;3;0;3
neos-3611447-jijia;37029;116.645382;2.294795;2;2;0;2
neos-3611689-kaihu;37029;138.382063;1.574126;2;2;0;2
neos-3615091-sutlej;37029;-1506391.117177;161.684320;1;1631;8;1639
neos-3627168-kasai;37029;1028641.180000;2.678667;2;4;0;4
neos-3634244-kauru;37029;0.000000;152.720000;1;3661;4;3665
neos-3636886-kereu;37029;1114.701601;0.001506;2;53;1;54
neos-3660371-kurow;37029;286.534383;18.104379;1;16;0;16
neos-3661949-lesse;37029;689000000.000000;0.000000;1;2;0;2
neos-3665875-lesum;37029;248.325000;40.526828;2;68;0;68
neos-3682128-sandon;37029;30098104.111687;108.126984;2;80;0;80
neos-3691541-lonja;37029;-0.061575;9.639780;1;51;0;51
neos-3695882-vesdre;37029;-145935.214286;38.967891;1;263;1;264
neos-3696678-lyvia;37029;83.750000;63.000000;1;4;0;4
neos-3699377-maori;37029;135877.224265;84.275975;2;93;0;93
neos-3703351-marne;37029;317056.210386;73.309688;2;59;0;59
neos-3740487-motru;37029;152.145486;76.975427;2;38905;71;38976
neos-3754480-nidda;37029;-1216923.270104;12.186832;1;2;0;2
neos-3755335-nizao;37029;50.030157;82.516978;2;531;1;532
neos-3759587-noosa;37029;48.334468;4.320000;3;347;1;348
neos-3761878-oglio;37029;422769.022545;68.617519;2;47;0;47
neos-3762025-ognon;37029;603955.746492;51.755251;2;39;0;39
neos-4165869-wannon;37029;285.150608;103.410202;2;556;1;557
neos-4230265-orari;37029;38515515.684909;56.957317;3;2682;1;2683
neos-4260495-otere;37029;3462.928116;161.718352;3;522;10;532
neos-4264598-oueme;37029;4719412304.625630;65.571331;2;1999;0;1999
neos-4285819-pedja;37029;34.451960;101.159938;2;288146;58;288204
neos-4290317-perth;37029;3613303.634755;0.000000;2;1661;0;1661
neos-4295773-pissa;37029;0.000000;1644.289474;1;5293;4;5297
neos-4300652-rahue;37029;0.000000;32.333333;1;794;1;795
neos-4306827-ravan;37029;-26673.307580;191.390311;2;339;4;343
neos-4321076-ruwer;37029;1880.558333;39.333333;1;19678;1;19679
neos-4322846-ryton;37029;0.419848;27.932085;1;573;5;578
neos-4332801-seret;37029;233683.594384;171.178174;3;324;7;331
neos-4332810-sesia;37029;-23062.998566;161.274117;3;303;7;310
neos-4333464-siret;37029;24.688318;0.121324;2;11;0;11
neos-4333596-skien;37029;-14653654.846569;0.746303;1;3;0;3
neos-4335793-snake;37029;0.123684;141.753072;2;1438;1;1439
neos-4338804-snowy;37029;1447.000000;17.873600;3;6;0;6
neos-4343293-stony;37029;52.758728;0.200000;2;64;0;64
neos-4355351-swalm;37029;33.854869;0.094819;2;165;3;168
neos-4358725-tagus;37029;1889548.577948;203.435939;2;701;0;701
neos-4359986-taipa;37029;0.395578;39.118149;1;1261;1;1262
neos-4360552-sangro;37029;-29.500000;572.303976;1;9746;1;9747
neos-4387871-tavua;37029;36.445048;0.200000;2;40;0;40
neos-4391920-timok;37029;0.000378;34.957374;1;6894;5;6899
neos-4393408-tinui;37029;340.267489;0.200000;2;44;0;44
neos-4408804-prosna;37029;914.483516;71.708791;1;3295;1;3296
neos-4409277-trave;37029;0.000000;350.162065;1;2054;1;2055
neos-4413714-turia;37029;43.474651;369.948540;1;2014;10;2024
neos-4532248-waihi;37029;0.370420;32.577719;1;5434;4;5438
neos-4533806-waima;37029;3063.318841;49.500000;1;971;4;975
neos-4545615-waita;37029;3606.594190;54.131913;1;19138;42;19180
neos-4555749-wards;37029;3026.812121;34.958139;1;956;5;961
neos-4562542-watut;37029;3743.304348;42.464103;1;3049;8;3057
neos-4647027-thurso;37029;26911.641616;130.575703;1;2454;0;2454
neos-4647030-tutaki;37029;26911.641616;131.360812;1;2899;0;2899
neos-4647032-veleka;37029;26587.908699;174.943874;1;3553;0;3553
neos-4650160-yukon;37029;-22633.302692;150.257047;1;4;0;4
neos-4722843-widden;37029;63671.455263;748.515195;3;354;8;362
neos-4724674-aorere;37029;3955.706101;88.928956;3;356;6;362
neos-4736745-arroux;37029;262263446.114579;4.100609;2;32;0;32
neos-4738912-atrato;37029;323678468.688703;3.843750;2;31;0;31
neos-4754521-awarau;37029;0.000000;0.000000;1;1105;6;1111
neos-4760493-puerua;37029;1908.243695;237.071976;1;32949;3;32952
neos-476283;37029;406.244708;13.663873;1;5852;0;5852
neos-4763324-toguru;37029;1120.986062;232.945926;1;36014;2;36016
neos-4797081-pakoka;37029;0.000000;995.738455;1;6567;2;6569
neos-4805882-barwon;37029;22058.983698;108.041076;3;179;1;180
neos-480878;37029;515.138796;4.583278;2;16;0;16
neos-4954274-beardy;37029;18659.208282;287.749893;2;923;2;925
neos-4954672-berkel;37029;3491016.775148;2.808176;2;2;0;2
neos-4966258-blicks;37029;366.090909;32.634154;2;1167;1;1168
neos-4971100-bodrog;37029;0.000000;0.000000;1;47;0;47
neos-4972437-bojana;37029;357.086296;28.807479;2;9231;2;9233
neos-4972461-bolong;37029;466.511858;36.737112;2;6054;2;6056
neos-4976951-bunnoo;37029;377.416466;26.273303;2;4989;2;4991
neos-4984115-canche;37029;-9947088.084138;0.363560;1;13;0;13
neos-498623;37029;16.283333;44.828704;1;87;0;87
neos-5013590-toitoi;37029;1064.447092;169.000000;1;15906;1;15907
neos-5018451-chiese;37029;-148612315.605332;10.652915;1;1403;0;1403
neos-503737;37029;50.000000;47.918146;1;31;0;31
neos-5041822-cockle;37029;5701464.927099;174.422554;3;830;3;833
neos-5044663-wairoa;37029;4653100.000000;565.703885;1;16492;2;16494
neos-5045105-creuse;37029;19.066672;17.344408;1;66;0;66
neos-5049753-cuanza;37029;464.000000;46.400000;1;2014;2;2016
neos-5051588-culgoa;37029;128.750000;30.632366;1;94;0;94
neos-5052403-cygnet;37029;215.868916;84.825356;6;39235;127;39362
neos-506422;37029;0.000000;7.000000;1;147;0;147
neos-506428;37029;145945.000000;96.000000;1;1097;3;1100
neos-5075914-elvire;37029;326.576324;56.255415;2;48;0;48
neos-5076235-embley;37029;1930.000000;0.112088;2;489;0;489
neos-5078479-escaut;37029;7438.416728;38.551929;2;103;0;103
neos-5079731-flyers;37029;2004.000000;1.153846;2;486;0;486
neos-5083528-gimone;37029;0.000000;17.250000;1;234;3;237
neos-5093327-huahum;37029;3934.000000;1.858333;2;535;0;535
neos-5100895-inster;37029;2084.000000;3.428571;2;348;0;348
neos-5102383-irwell;37029;1740.000000;2.593407;2;578;0;578
neos-5104907-jarama;37029;648.590198;45.615037;2;7406;2;7408
neos-5106984-jizera;37029;721.000000;2.214286;2;2878;4;2882
neos-5107597-kakapo;37029;0.000000;0.591250;2;34;0;34
neos-5108386-kalang;37029;621.655661;44.513210;2;18399;4;18403
neos-5114902-kasavu;37029;518.000000;88.000000;2;7897;10;7907
neos-5115478-kaveri;37029;0.000000;0.529375;2;39;0;39
neos-5116085-kenana;37029;452.000000;75.333333;1;5589;3;5592
neos-5118834-korana;37029;583.521384;86.843852;2;13072;4;13076
neos-5118851-kowhai;37029;1134.000000;4.250000;2;3648;5;3653
neos-5123665-limmat;37029;654.150497;45.837225;2;20191;5;20196
neos-5125849-lopori;37029;0.000000;5.984639;1;41;0;41
neos-5129192-manaia;37029;0.000000;10.000000;1;3083;11;3094
neos-5138690-middle;37029;609.154239;78.962029;2;24640;6;24646
neos-5140963-mincio;37029;8877.000000;2.142857;1;1;0;1
neos-5149806-wieprz;37029;45.000000;8.083000;4;414;12;426
neos-5151569-mologa;37029;686060547.750363;27.742842;2;3101;3;3104
neos-5178119-nalagi;37029;8.569859;23.987927;2;106;0;106
neos-5182409-nasivi;37029;0.000000;19.680679;1;8;0;8
neos-5188808-nattai;37029;0.000000;12.794689;1;435;0;435
neos-5189128-totara;37029;330131.390743;21.863581;1;976;2;978
neos-5192052-neckar;37029;-11980000.000000;0.400000;2;0;0;0
neos-5193246-nerang;37029;0.000000;407.058098;1;421;1;422
neos-5195221-niemur;37029;0.000000;340.047019;1;276;0;276
neos-5196530-nuhaka;37029;0.000000;437.613062;1;263;0;263
neos-520729;37029;-1389625.000000;9.185238;1;576;1;577
neos-5221106-oparau;37029;0.000000;33.949758;1;611;2;613
neos-525149;37029;60.000000;40.416667;1;36;0;36
neos-5260764-orauea;37029;58748.022532;8.725559;1;77;0;77
neos-5261882-treska;37029;26047.998000;6.157765;1;7;0;7
neos-5266653-tugela;37029;21659.678723;20.155553;1;136;2;138
neos-555001;37029;962625.000000;32.414286;1;6;0;6
neos-555343;37029;1346700.000000;157.193056;4;9;0;9
neos-555424;37029;1286800.000000;144.027778;1;39;0;39
neos-555884;37029;1112400.000000;165.150000;1;60;0;60
neos-565672;37029;55015.268433;57.351362;4;14288;21;14309
neos-574665;37029;5932913.752734;8.390264;3;5;0;5
neos-578379;37029;0.000000;99.503183;1;1756;1;1757
neos-585192;37029;384.328979;0.433130;2;10;0;10
neos-585467;37029;347.224531;0.316538;2;7;0;7
neos-595904;37029;61213.471080;16.893904;2;70;0;70
neos-619167;37029;1.481241;35.984608;1;114;0;114
neos-631517;37029;6739789.880207;54.765396;2;8;0;8
neos-631710;37029;286.000000;225.464535;2;911;15;926
neos-633273;37029;6996841097.997801;0.000000;1;125;0;125
neos-662469;37029;184342.980720;94.063832;1;500;1;501
neos-686190;37029;5134.813830;17.515957;1;34;0;34
neos-691058;37029;263.400000;89.722030;1;149;0;149
neos-693347;37029;234.000000;78.650471;1;619;0;619
neos-738098;37029;-1099.000000;183.414545;1;250;0;250
neos-777800;37029;-80.000000;75.998740;1;56;0;56
neos-780889;37029;3421500.000000;0.000000;1;337;5;342
neos-787933;37029;30.000000;0.000000;1;1;0;1
neos-799711;37029;-11228065.153797;82.404201;1;794;0;794
neos-799716;37029;4932670.661692;20.807498;1;80;0;80
neos-807639;37029;332.924117;12.512286;1;8;0;8
neos-820879;37029;24874.267857;63.030000;1;82;0;82
neos-824661;37029;55.000000;94.965217;2;256;1;257
neos-824695;37029;43.000000;61.571429;2;96;0;96
neos-826224;37029;124.000000;43.333333;2;193;2;195
neos-826650;37029;32.000000;154.916667;2;43;0;43
neos-826694;37029;72.000000;221.851190;2;121;1;122
neos-826812;37029;69.011000;175.561360;3;118;1;119
neos-826841;37029;32.008200;127.466667;2;42;0;42
neos-827015;37029;2.098071;332.649497;1;1822;4;1826
neos-827175;37029;115.001520;111.833333;2;178;2;180
neos-829552;37029;2.098071;248.920991;1;1486;1;1487
neos-831188;37029;1.767720;87.466667;1;54;0;54
neos-847302;37029;0.000000;50.238405;1;48;0;48
neos-848198;37029;168977.000000;-0.000000;2;156;0;156
neos-848589;37029;0.000000;1.000000;1;1143;1;1144
neos-849702;37029;0.000000;84.820647;1;17;0;17
neos-850681;37029;2087.000000;59.090597;1;103;0;103
neos-860300;37029;2035.362225;9.000000;1;39;0;39
neos-872648;37029;52.571637;0.000000;2;1016;7;1023
neos-873061;37029;135.208828;0.000000;2;1288;7;1295
neos-876808;37029;169615.062608;275.400000;2;2631;2;2633
neos-885086;37029;-243.000000;18.235808;2;197;0;197
neos-885524;37029;12397.479000;5.525486;3;66;2;68
neos-911880;37029;23.260000;14.681422;1;2;0;2
neos-911970;37029;23.260000;20.048919;1;2;0;2
neos-913984;37029;1000.000000;36.385148;1;158;3;161
neos-914441;37029;5660364.283770;87.286515;1;2175;0;2175
neos-916792;37029;26.283217;17.068306;2;119;0;119
neos-932721;37029;513000.000000;-0.000000;3;57;0;57
neos-932816;37029;513000.000000;0.000000;3;138;1;139
neos-933562;37029;0.000000;82.687196;1;26;0;26
neos-933638;37029;327897.864954;-0.000000;3;142;1;143
neos-933966;37029;317240.144251;-0.000000;3;123;1;124
neos-934278;37029;335262.238950;0.000000;3;289;1;290
neos-935234;37029;366375.083333;0.000000;3;277;1;278
neos-935627;37029;19659.530493;0.000000;3;353;1;354
neos-935769;37029;20924.653636;-0.000000;3;320;1;321
neos-937511;37029;45997.869356;-0.000000;3;401;1;402
neos-937815;37029;42760.124764;0.000000;3;444;1;445
neos-941262;37029;46547.427889;-0.000000;3;330;1;331
neos-941313;37029;9361.000000;252.116021;1;482;5;487
neos-942830;37029;12.000000;62.559527;2;30;0;30
neos-948126;37029;47659.479658;-0.000000;3;367;1;368
neos-948346;37029;-181.937034;17.575561;16;457;59;516
neos-950242;37029;2.000000;42.000000;2;99;1;100
neos-953928;37029;-10.906667;12.942467;4;135;5;140
neos-954925;37029;-148.787389;45.557191;4;344;15;359
neos-956971;37029;-105.788318;33.545763;5;513;17;530
neos-957143;37029;-195.185742;30.536159;5;598;18;616
neos-957323;37029;-218.785072;18.500000;4;307;14;321
neos-957389;37029;1.500000;15.470175;1;80;1;81
neos-960392;37029;-238.000000;301.558442;1;286;4;290
neos-983171;37029;47807.452753;0.000000;3;401;1;402
neos-984165;37029;46265.385436;0.000000;3;390;1;391
neos13;37029;-126.178378;42.587671;3;221;0;221
neos15;37029;143201.242910;0.000000;2;1;0;1
neos16;37029;429.000000;12.571429;3;4;0;4
neos17;37029;0.222688;0.000000;2;6;0;6
neos18;37029;12.000000;42.166667;6;79;0;79
neos2;37029;-4407.097239;5.158588;1;4;0;4
neos22;37029;792540.000000;11.064286;2;34;0;34
neos5;37029;17.250000;0.000000;3;1;0;1
neos6;37029;114.038055;32.275044;6;279;7;286
neos8;37029;-3309.500000;20.750000;3;28;0;28
neos808444;37029;0.000000;193.039827;1;303;1;304
neos9;37029;780.000000;44.250000;1;367;0;367
net12;37029;47.514236;175.164931;3;875;0;875
netdiversion;37029;454.800000;765.000000;2;7810;11;7821
newdano;37029;11.724138;8.447296;1;2;0;2
nexp-150-20-1-5;37029;74.000000;-0.000000;3;34;0;34
nexp-150-20-8-5;37029;560.000000;-0.000000;3;69;2;71
nexp-50-20-1-1;37029;35.000000;-0.000000;2;1;0;1
nexp-50-20-4-2;37029;120.000000;0.000000;3;2;0;2
nh97_potential;37029;1462.000000;73.200000;2;6;0;6
nh97_tension;37029;1429.000000;76.466667;2;2;0;2
nj1;37029;0.000000;607.000000;1;479;1;480
nj2;37029;0.000000;607.000000;1;666;2;668
nj3;37029;0.000000;607.000000;1;1611;1;1612
nobel-eu-DBE;37029;7456550.000000;0.800000;2;80;0;80
noswot;37029;-39.920111;4.557455;3;1;0;1
ns1111636;37029;96.250000;17.588542;1;236;1;237
ns1116954;37029;0.000000;154.227320;1;694;1;695
ns1208400;37029;0.000000;98.625000;1;38;0;38
ns1430538;37029;73.621609;10.760231;1;428;0;428
ns1456591;37029;361.939022;19.000000;1;115;0;115
ns1606230;37029;13.225000;184.269160;1;1655;0;1655
ns1631475;37029;94800.000000;643.196596;2;1356;2;1358
ns1679495;37029;3355407.151677;106.229642;2;48414;11;48425
ns1685374;37029;-51.800913;96.218654;1;2718;1;2719
ns1688347;37029;2.259259;26.784316;1;416;0;416
ns1690781;37029;-1022.227789;60.056795;2;109;0;109
ns1696083;37029;2.038462;48.811865;1;599;1;600
ns1758913;37029;-1473.311978;85.635340;1;9230;4;9234
ns1760995;37029;-1349.487943;142.000000;1;17095;7;17102
ns1778858;37029;-22635740.000000;227.465047;2;289;0;289
ns1828997;37029;0.000000;75.000000;1;1710;2;1712
ns1830653;37029;7083.000000;56.889599;1;94;0;94
ns1849932;37029;546.000000;5.425770;1;1031;5;1036
ns1853823;37029;1172000.000000;1345.731857;2;44358;24;44382
ns1854840;37029;1664000.000000;1124.615817;2;8922;15;8937
ns1856153;37029;0.000000;203.023072;2;209;1;210
ns1904248;37029;0.000000;476.666667;3;2496;7;2503
ns1905797;37029;11.750980;32.426504;1;235;1;236
ns1905800;37029;6.436600;26.487503;1;51;0;51
ns1952667;37029;0.000000;9.316422;1;209;2;211
ns2017839;37029;77026841466348.468750;1.620352;2;5062;0;5062
ns2034125;37029;24740.000000;387.512494;2;3052;1;3053
ns2071214;37029;0.000000;42.769522;1;80;0;80
ns2081729;37029;4.600000;0.185500;2;2;0;2
ns2122698;37029;62785.622771;196.156523;1;394;1;395
ns2124243;37029;53998.333333;192.722222;1;274;1;275
ns2137859;37029;24629.000000;56.954851;1;107;0;107
ns4-pr3;37029;711323.000000;0.000000;2;144;0;144
ns4-pr6;37029;427264.500000;0.000000;2;38;0;38
ns4-pr9;37029;481275.000000;0.000000;2;80;0;80
ns894236;37029;18.000000;109.321441;2;268;1;269
ns894244;37029;16.000000;173.406937;2;652;2;654
ns894786;37029;14.000000;98.226662;2;592;2;594
ns894788;37029;7.000000;55.133280;2;90;0;90
ns903616;37029;22.000000;171.407176;2;579;1;580
nsa;37029;91.855632;7.418401;2;8;0;8
nsr8k;37029;17500809.511815;639.895001;1;8498;2;8500
nsrand-ipx;37029;69280.000000;0.000000;3;50;1;51
nu120-pr12;37029;205695.000000;4.800000;2;38;0;38
nu120-pr3;37029;511253.750000;28.016727;2;104;0;104
nu120-pr9;37029;334880.000000;15.750000;2;77;0;77
nu25-pr12;37029;298632.500000;4.233333;2;39;0;39
nu4-pr9;37029;481275.000000;12.713333;2;70;0;70
nu60-pr9;37029;386150.000000;12.150000;2;73;0;73
nucorsav;37029;29.046100;79.993750;1;70615;132;70747
nursesched-medium-hint03;37029;33.468485;463.947617;1;1221;4;1225
nursesched-medium04;37029;452.000000;371.763072;2;828;6;834
nursesched-sprint-hidden09;37029;516.944444;178.989683;2;301;2;303
nursesched-sprint-late03;37029;34.254806;182.557279;1;337;1;338
nursesched-sprint02;37029;131.416667;138.065972;2;225;2;227
nw04;37029;16310.666667;2.000000;1;189;3;192
ofi;37029;6135598681.449045;1321.867570;196;3506;87;3593
ofi2;37029;6128453035.160096;1604.443623;184;6085;149;6234
oocsp-racks030e6cci;37029;0.000000;584.128665;15;176;9;185
opm2-z10-s2;37029;-17756.000000;-0.000000;6;6650;8;6658
opm2-z10-s4;37029;-18031.000000;-0.000000;6;6873;7;6880
opm2-z11-s8;37029;-22495.000000;0.000000;6;12517;12;12529
opm2-z12-s14;37029;-37879.000000;-0.000000;7;23905;15;23920
opm2-z12-s7;37029;-31063.000000;-0.000000;6;24834;14;24848
opm2-z12-s8;37029;-33359.000000;0.000000;7;28244;17;28261
opm2-z6-s1;37029;-3261.000000;-0.000000;4;291;1;292
opm2-z7-s2;37029;-6001.000000;-0.000000;5;575;2;577
opm2-z7-s8;37029;-6402.000000;-0.000000;5;577;2;579
opm2-z8-s0;37029;-9570.000000;0.000000;5;1458;3;1461
opt1217;37029;-20.021390;9.254902;1;2;0;2
osorio-cta;37029;0.000000;0.013388;1;51;0;51
p0201;37029;7155.000000;10.900000;1;1;0;1
p100x588b;37029;58977.000000;0.000000;2;1;0;1
p200x1188c;37029;15747.000000;0.000000;2;3;0;3
p2756;37029;2706.000000;24.070313;2;4;0;4
p500x2988;37029;72594.000000;0.000000;2;26;0;26
p500x2988c;37029;17212.000000;-0.000000;2;30;0;30
p500x2988d;37029;6.000000;-0.000000;2;28;0;28
p6b;37029;-52.000000;0.000000;3;49;0;49
p80x400b;37029;45896.000000;-0.000000;2;1;0;1
pb-fit2d;37029;-22363.768555;843.273209;1;8234;13;8247
pb-gfrd-pnc;37029;8321.694589;42.993642;1;120;0;120
pb-grow22;37029;-449654.852582;117.814534;1;463;1;464
pb-market-split8-70-4;37029;0.000000;1.843507;1;0;0;0
pb-simp-nonunif;37029;9.500000;316.333333;3;2443;9;2452
peg-solitaire-a3;37029;1.000000;282.122203;1;313;0;313
pg;37029;-11098.657382;17.215049;2;4;0;4
pg5_34;37029;-16012.248077;18.476238;2;6;0;6
physiciansched3-3;37029;2590923.193775;699.205074;3;16474;4;16478
physiciansched3-4;37029;1459495.744406;487.330856;3;19102;3;19105
physiciansched5-3;37029;20464.000000;300.675473;2;661;1;662
physiciansched6-1;37029;10067.500000;253.698611;3;705;1;706
physiciansched6-2;37029;47675.160783;435.646407;4;338;1;339
pigeon-08;37029;-8000.000000;4.485714;1;1;0;1
pigeon-10;37029;-10000.000000;8.022222;1;2;0;2
pigeon-11;37029;-11000.000000;9.020000;1;2;0;2
pigeon-12;37029;-12000.000000;10.018182;1;3;0;3
pigeon-13;37029;-13000.000000;11.016667;1;3;0;3
pigeon-16;37029;-16000.000000;34.984242;1;4;0;4
pigeon-19;37029;-19000.000000;17.011111;1;6;0;6
pigeon-20;37029;-20000.000000;26.250718;1;6;0;6
piperout-03;37029;69590.490975;247.390162;7;281;2;283
piperout-08;37029;99228.924471;290.586596;43;266;13;279
piperout-27;37029;7146.876623;511.484386;353;304;126;430
piperout-d20;37029;25601.416667;437.748324;2;649;1;650
piperout-d27;37029;7199.340391;682.880995;2;933;1;934
pk1;37029;0.000000;2.791536;1;0;0;0
polygonpack3-15;37029;-114051612.169520;44.756601;3;935;5;940
polygonpack4-10;37029;-93676953.470100;20.074246;3;360;2;362
polygonpack4-15;37029;-114052801.790860;41.993372;3;1073;5;1078
polygonpack4-7;37029;-75324958.874200;9.351513;3;176;1;177
polygonpack5-15;37029;-66029981.130960;32.055340;3;1190;6;1196
pp08a;37029;15000.000000;-0.000000;2;0;0;0
pp08aCUTS;37029;16630.402442;0.000000;2;2;0;2
probportfolio;37029;7.321966;24.067729;1;3;0;3
prod1;37029;-55.000000;3.767946;2;1;0;1
prod2;37029;-59.000000;4.566580;2;4;0;4
proteindesign121hz512p19;37029;3197.772133;54.952462;1;5427;71;5498
proteindesign121hz512p9;37029;1423.904449;59.959446;1;206;6;212
proteindesign121pgb11p9;37029;1173.710433;48.788284;1;187;3;190
proteindesign122trx11p8;37029;1720.461105;46.139777;1;196;3;199
protfold;37029;0.000000;35.000000;2;19;0;19
pw-myciel4;37029;4.000000;91.886923;4;6;0;6
pythago7824;37029;0.000000;580.777778;6;820;2;822
pythago7825;37029;0.000000;586.777778;8;781;3;784
qap10;37029;332.566228;55.000000;1;391;0;391
qiu;37029;1805.177158;0.000000;2;4;0;4
qnet1;37029;96239.620000;7.221868;2;14;0;14
qnet1_o;37029;93221.720000;0.000000;2;4;0;4
queens-30;37029;-29.000000;0.000000;3;189;1;190
r4l4-02-tree-bounds-50;37029;512370030.000000;648.050000;3;40;0;40
r50x360;37029;2016.000000;-0.000000;2;1;0;1
r80x800;37029;5520.000000;-0.000000;2;2;0;2
radiationm18-12-05;37029;17561.353680;194.350613;2;58;0;58
radiationm40-10-02;37029;155317.684921;720.535635;2;279;1;280
rail01;37029;-90.767086;1608.458333;1;14947;4;14951
rail02;37029;-206.092110;2192.100000;1;122623;9;122632
rail03;37029;-919.222126;7600.659028;1;179248;33;179281
rail507;37029;213.000000;-0.000000;3;224;4;228
railway_8_1_0;37029;397.000000;48.637052;3;5;0;5
ramos3;37029;377.000000;-0.000000;3;1444;1;1445
ran12x21;37029;4080.000000;0.000000;2;0;0;0
ran13x13;37029;3521.000000;0.000000;2;0;0;0
ran14x18-disj-8;37029;12170.996653;0.000000;2;17;0;17
ran14x18;37029;4265.000000;0.000000;2;0;0;0
ran16x16;37029;4333.000000;0.000000;2;0;0;0
rd-rplusc-21;37029;100.000000;2.533849;1;313;0;313
reblock115;37029;-37981832.798944;238.100873;1;251;0;251
reblock166;37029;-640892721.079106;86.859092;6;349;1;350
reblock354;37029;-39586262.751951;411.245436;1;1056;0;1056
reblock420;37029;-558825455.521724;213.947318;7;1924;4;1928
reblock67;37029;-36575497.117631;131.415935;1;45;0;45
rfds-4-days;37029;-1158940.978167;66.375000;1;18270;9;18279
rlp1;37029;13.244444;9.961905;1;1;0;1
rmatr100-p10;37029;360.593308;9.692735;1;270;0;270
rmatr100-p5;37029;762.040054;5.000000;1;434;0;434
rmatr200-p10;37029;1550.620783;10.000000;1;11371;0;11371
rmatr200-p20;37029;688.357943;19.982266;1;3495;0;3495
rmatr200-p5;37029;3283.653831;5.000000;1;12058;0;12058
rmine10;37029;-1926.863820;886.708002;1;3218;1;3219
rmine11;37029;-2522.047107;1304.350285;1;8880;1;8881
rmine13;37029;-3504.619914;1108.274293;2;24821;5;24826
rmine14;37029;-4310.694704;2228.265999;1;109168;4;109172
rmine15;37029;-5042.482963;4267.046917;1;219196;5;219201
rmine6;37029;-462.305727;106.725097;1;129;0;129
rocI-3-11;37029;-110705.000000;60.123309;41;10;1;11
rocI-4-11;37029;-11110705.000000;62.940609;17;37;1;38
rocII-10-11;37029;-11.946851;218.008590;1;918;1;919
rocII-4-11;37029;-11.867128;49.198977;2;64;0;64
rocII-5-11;37029;-11.893702;59.199453;2;78;0;78
rocII-7-11;37029;-11.924073;123.003930;1;187;0;187
rocII-8-11;37029;-11.933564;163.387203;1;235;0;235
rocII-9-11;37029;-11.940946;185.545672;1;608;0;608
rococoB10-011000;37029;51207.000000;10.950589;6;122;0;122
rococoC10-001000;37029;23730.000000;0.000000;7;22;0;22
rococoC11-010100;37029;143170.000000;22.416868;2;145;1;146
rococoC11-011100;37029;139407.000000;14.937663;2;116;0;116
rococoC12-010001;37029;117774.000000;9.895179;2;215;1;216
rococoC12-111000;37029;27337.357381;31.147270;1;296;0;296
roi2alpha3n4;37029;-78.888089;8.000000;2;702;9;711
roi5alpha10n8;37029;-84.342241;16.000000;2;2027;27;2054
roll3000;37029;11939.645814;52.881579;2;25;0;25
rout;37029;981.864286;10.233819;1;2;0;2
rpp22falsei;37029;0.000000;104.907502;4;77;1;78
rvb-sub;37029;11.206514;4.857143;1;719;5;724
s100;37029;-0.170525;50.899744;1;19709;16;19725
s1234;37029;0.361925;1.572046;4;2407;1;2408
s250r10;37029;-0.166732;98.897856;2;9407;28;9435
s55;37029;-22.151773;60.323192;1;1522;4;1526
satellites1-25;37029;-20.000000;116.648535;1;757;0;757
satellites2-25;37029;-29.000000;481.917605;1;32588;2;32590
satellites2-40;37029;-29.000000;388.670807;1;31090;2;31092
satellites2-60-fs;37029;-23.852708;435.801124;2;4669;2;4671
satellites2-60;37029;-29.000000;388.670807;1;29921;2;29923
satellites3-25;37029;-38.000000;665.662922;1;242254;5;242259
satellites3-40-fs;37029;-32.672442;842.911524;2;27313;6;27319
satellites3-40;37029;-38.000000;772.480914;1;289649;5;289654
savsched1;37029;8246.050000;-0.000000;3;63437;46;63483
scpj4scip;37029;213.000000;-0.000000;3;1284;27;1311
scpk4;37029;599.000000;0.000000;3;2918;27;2945
scpl4;37029;437.000000;-0.000000;3;5059;45;5104
scpm1;37029;905.000000;0.000000;3;45997;135;46132
scpn2;37029;764.000000;0.000000;3;71663;247;71910
sct1;37029;-186.838854;85.284884;2;1007;1;1008
sct2;37029;-37.690825;16.582400;2;53;0;53
sct31;37029;177.033470;23.501154;2;187;0;187
sct32;37029;51.266438;45.043874;2;504;1;505
sct5;37029;-227.069807;28.088069;2;486;2;488
seqsolve1;37029;4770.293168;265.188388;24;5506;135;5641
seqsolve2short4288;37029;20.396875;318.804378;4;6802;25;6827
seqsolve3short4288excess384;37029;-43472.799518;407.473201;8;11029;43;11072
set1ch;37029;107691.500000;-0.000000;2;1;0;1
set3-09;37029;1263.077974;13.704533;2;10;0;10
set3-10;37029;788.890655;13.953500;2;10;0;10
set3-15;37029;8364.040745;17.365117;2;16;0;16
set3-16;37029;9916.808562;19.040932;2;15;0;15
set3-20;37029;10347.381087;16.724301;2;11;0;11
seymour-disj-10;37029;335.000000;-0.000000;4;1723;2;1725
seymour;37029;456.000000;0.000000;3;206;0;206
seymour1;37029;419.891318;-0.000000;3;208;0;208
shiftreg1-4;37029;131.656032;178.150000;1;38;0;38
shiftreg2-7;37029;206.733052;119.762169;1;78;0;78
shiftreg5-1;37029;520.839888;534.303103;1;334;0;334
shipsched;37029;-0.000000;8.077417;4;75;1;76
shipschedule3shipsi;37029;-265650.000000;386.462789;12;53;2;55
shipschedule6shipsmixi;37029;-301650.000000;714.731050;9;94;3;97
shipschedule8shipsmixuci;37029;-401100.000000;525.771813;11;95;5;100
shs1014;37029;22137.410363;320.475000;1;37976;22;37998
shs1042;37029;10404.662711;568.781970;1;35659;21;35680
siena1;37029;10163179.229002;146.859338;1;1611;2;1613
sing11;37029;18640171.224643;243.132649;1;7704;6;7710
sing161;37029;19071259.113926;685.480441;1;69276;19;69295
sing17;37029;35483848.876513;472.456436;1;27171;12;27183
sing2;37029;17150914.716940;256.737979;1;1835;1;1836
sing245;37029;25024015.754083;395.965975;1;13441;7;13448
sing326;37029;7717674.801189;172.968798;1;2836;2;2838
sing359;37029;22534478.962498;889.129081;1;87804;17;87821
sing44;37029;8102513.219400;139.469372;1;3156;2;3158
sing5;37029;18418516.013137;236.754039;1;2992;3;2995
snip10x10-35r1budget17;37029;30.000000;3.224794;2;1415;0;1415
snp-02-004-104;37029;567161691.779774;7.604965;5;5429;0;5429
snp-04-052-052;37029;745047104.038887;733.799382;6;4666;3;4669
snp-06-004-052;37029;1831976376.522612;31.156229;2;8253;0;8253
snp-10-004-052;37029;5961214167.823297;42.379535;6;20845;2;20847
snp-10-052-052;37029;5996763115.125915;1683.882989;6;25229;9;25238
sorrell3;37029;-12.000000;-0.000000;3;381;0;381
sorrell4;37029;-17.000000;-0.000000;3;1263;2;1265
sorrell7;37029;-144.000000;0.000000;3;14739;0;14739
sorrell8;37029;-273.000000;0.000000;3;195;0;195
sp150x300d;37029;71.000000;0.000000;2;0;0;0
sp97ar;37029;867029478.960000;1.000000;4;407;5;412
sp97ic;37029;623488906.560000;-0.000000;3;465;4;469
sp98ar;37029;634927496.235813;1.298245;4;521;9;530
sp98ic;37029;693891285.120000;1.567210;4;356;6;362
sp98ir;37029;306178309.204882;6.691780;4;53;1;54
splice1k1;37029;-3.068619;1.426914;2;33096;19;33115
splice1k1i;37029;-1646.777979;134.969052;1;13937;3;13940
square23;37029;8.333333;12.444444;1;90;1;91
square31;37029;8.500000;13.750000;1;465;4;469
square37;37029;8.666667;15.000000;1;1354;9;1363
square41;37029;8.839612;15.068891;1;1911;15;1926
square47;37029;8.755814;15.976744;1;6181;27;6208
stoch-vrpvrp-s5v2c8vrp-v2c8i;37029;0.000000;90.492376;3;12;0;12
stockholm;37029;171.000000;0.000000;2;476;0;476
stp3d;37029;564.338735;444.504657;2;25445;12;25457
sts405;37029;357.000000;0.000000;3;569;2;571
sts729;37029;665.000000;0.000000;3;3373;6;3379
supportcase1;37029;20078.000000;0.020832;2;242;4;246
supportcase10;37029;3.383924;971.624635;2;8721;4;8725
supportcase11;37029;-14.281996;0.000000;1;2;0;2
supportcase12;37029;-7559.533054;69.133766;1;1852;0;1852
supportcase14;37029;272.000000;7.333333;1;1;0;1
supportcase16;37029;272.000000;7.333333;1;1;0;1
supportcase17;37029;0.000000;31.823189;2;5;0;5
supportcase18;37029;87.000000;9.141806;2;41;0;41
supportcase19;37029;12677206.000000;370.390975;1;26618;65;26683
supportcase2;37029;0.000000;4.750000;1;9091;50;9141
supportcase20;37029;108889.000000;0.000000;2;14;0;14
supportcase23;37029;-12952.000000;617.629502;1;1750;0;1750
supportcase25;37029;0.036932;11.225052;1;102;0;102
supportcase26;37029;1288.102161;0.009948;2;1;0;1
supportcase27i;37029;0.000000;88.605078;2;8;0;8
supportcase3;37029;0.000000;403.282880;3;212;1;213
supportcase30;37029;0.000000;102.857020;1;66;0;66
supportcase31;37029;79524.180000;4.000000;2;2013;59;2072
supportcase33;37029;-465.000000;27.827948;2;126;1;127
supportcase34;37029;72.664116;202.268052;1;558;1;559
supportcase35;37029;174371.000000;0.000000;2;100;0;100
supportcase37;37029;-5803.552159;23.221484;2;1101;0;1101
supportcase39;37029;-1062330.369524;22.808785;5;93;8;101
supportcase4;37029;0.000000;202.915359;3;179;0;179
supportcase40;37029;22536.483379;19.000000;1;243;0;243
supportcase41;37029;28.000000;52.930348;3;732;0;732
supportcase42;37029;7.343539;48.081295;1;1665;2;1667
supportcase43;37029;0.000000;48.147044;2;45124;3;45127
supportcase6;37029;45090.732163;29.123967;1;1460;9;1469
supportcase7;37029;-2396.218213;53.147310;2;1469;0;1469
swath;37029;334.496858;2.200000;1;43;0;43
swath1;37029;334.496858;0.600000;1;39;0;39
swath2;37029;334.496858;0.700000;1;36;0;36
swath3;37029;334.496858;0.800000;1;33;0;33
t1717;37029;134531.021428;79.098998;1;214;1;215
t1722;37029;98815.407611;52.399108;1;138;0;138
ta1-UUM;37029;3693674.556772;4.303412;1;5;0;5
ta2-UUE;37029;41427354.755773;0.680983;2;187;0;187
tanglegram1;37029;0.000000;46.000000;1;2;0;2
tanglegram2;37029;1.000000;26.500000;1;2;0;2
tanglegram4;37029;4.000000;71.000000;1;4;0;4
tanglegram6;37029;0.000000;33.500000;1;1;0;1
tbfp-bigm;37029;-178.153988;30.000000;1;159;0;159
tbfp-network;37029;23.261535;31.000000;1;808;4;812
Test3;37029;2671255.210245;12.061384;1;105;0;105
thor50dday;37029;203930.000000;0.000000;2;239;5;244
timtab1;37029;1219185.333333;17.766667;2;0;0;0
timtab1CUTS;37029;613590.095426;34.399586;2;3;0;3
timtab2;37029;1602354.333333;29.200000;2;1;0;1
tokyometro;37029;4757.557930;269.160152;3;67;0;67
toll-like;37029;28.000000;229.000000;1;29;0;29
tpl-tub-ss16;37029;8118583.328716;1889.575939;4;90015;196;90211
tpl-tub-ws1617;37029;10765092.807538;2191.381057;4;98963;231;99194
tr12-30;37029;188435.464884;3.580258;2;2;0;2
traininstance2;37029;0.000000;8.032762;2;43;0;43
traininstance6;37029;0.000000;3.486662;2;38;0;38
transportmoment;37029;-55084931301.156029;426.403696;2;174;0;174
trento1;37029;5182758.848056;78.562537;1;513;0;513
triptim1;37029;22.944100;1699.491642;3;7191;8;7199
triptim2;37029;11.877783;541.310145;3;12368;8;12376
triptim3;37029;14.144151;636.713323;3;11226;7;11233
triptim4;37029;9.521100;370.684028;3;10855;8;10863
triptim7;37029;3096.288157;499.722459;2;10819;5;10824
triptim8;37029;3074.310409;496.632366;2;12490;6;12496
tw-myciel4;37029;22.000000;73.880282;5;209;1;210
uc-case11;37029;611621.305979;118.843629;1;3139;0;3139
uc-case3;37029;7181.432113;95.258578;3;2053;1;2054
uccase10;37029;38995.965187;400.440843;1;2659;3;2662
uccase12;37029;11507.474829;29.321333;3;2116;3;2119
uccase7;37029;26527.823515;162.338874;1;3604;0;3604
uccase8;37029;11142.163196;63.982247;1;1408;0;1408
uccase9;37029;10819.582996;76.021210;1;978;0;978
uct-subprob;37029;242.000000;57.184617;1;57;0;57
umts;37029;43380098.519492;76.628947;2;18;0;18
unitcal_7;37029;19450489.742819;144.660904;6;824;1;825
usAbbrv-8-25_70;37029;95.000000;101.141743;3;9;0;9
usafa;37029;178.602081;3104.483345;2;46987;26;47013
v150d30-2hopcds;37029;54.000000;-0.000000;3;105;1;106
van;37029;3.717453;12.910186;1;6734;0;6734
var-smallemery-m6j6;37029;-156.056268;89.220998;2;1014;4;1018
vpm2;37029;15.721505;3.393512;2;0;0;0
vpphard;37029;0.000000;124.135354;1;85;1;86
vpphard2;37029;0.000000;230.844444;1;79;0;79
wachplan;37029;-9.000000;60.204074;1;9;0;9
wnq-n100-mw99-14;37029;224.318143;77.196581;2;122;1;123
xmas10-2;37029;-537.008669;157.129457;1;220;0;220
xmas10;37029;-537.008669;157.318400;1;177;0;177
z26;37029;-970.000000;0.000000;3;12566;9;12575
zeil;37029;813.510308;818.615660;1;82090;6;82096
zib54-UUE;37029;19164366.000000;-0.000000;2;55;0;55
10teams;1206151;917.000000;36.457830;1;30;0;30
22433;1206151;21552.708079;24.962328;5;5;0;5
23588;1206151;8342.863244;17.617619;4;2;0;2
2club200v15p5scn;1206151;-96.538462;36.153846;4;135;2;137
30n20b8;1206151;5530.000000;41.625765;2;149;0;149
30_70_45_05_100;1206151;64.000000;-0.000000;5;821;4;825
30_70_45_095_100;1206151;68.000000;-0.000000;5;771;2;773
30_70_45_095_98;1206151;550.000000;-0.000000;6;810;3;813
50v-10;1206151;1493601.476062;-0.000000;2;5;0;5
a1c1s1;1206151;20885.065088;0.498062;2;7;0;7
a2c1s1;1206151;21087.746318;-0.000000;2;8;0;8
ab51-40-100;1206151;-437558462.000004;11.050000;2;394;1;395
ab67-40-100;1206151;-11186253442.000000;0.000000;1;321;1;322
ab69-40-100;1206151;-11186281442.000000;0.000000;1;297;0;297
ab71-20-100;1206151;-2390446504.400002;12.500000;2;222;0;222
ab72-40-100;1206151;-11186620442.000000;0.000000;1;367;0;367
academictimetablebig;1206151;427.000000;1954.919056;2;24552;18;24570
academictimetablesmall;1206151;0.000000;308.966235;2;234;3;237
acc-tight2;1206151;0.000000;120.187623;1;25;0;25
acc-tight4;1206151;0.000000;120.929764;1;22;0;22
acc-tight5;1206151;0.000000;107.821033;1;185;0;185
acc-tight6;1206151;0.000000;104.011436;1;173;0;173
adult-max5features;1206151;10710.000597;0.023689;2;892;6;898
adult-regularized;1206151;7841.000000;0.000000;3;2060;9;2069
aflow30a;1206151;1402.717622;2.301497;3;1;0;1
aflow40b;1206151;1129.417647;2.760099;3;6;0;6
air03;1206151;338864.250000;11.375000;1;53;0;53
air04;1206151;55535.436388;51.829962;1;175;0;175
air05;1206151;25877.609268;45.880497;1;120;0;120
aligninq;1206151;2755.000000;40.921868;7;18;1;19
allcolor10;1206151;1517.912903;297.924236;4;93;1;94
allcolor58;1206151;6718.838624;1820.373386;4;776;10;786
amaze22012-03-15i;1206151;0.000000;58.255984;2;90;2;92
amaze22012-06-28i;1206151;0.000000;35.368753;2;27;0;27
amaze22012-07-04i;1206151;0.000000;43.156843;2;57;0;57
app1-1;1206151;-2.000000;1.945752;2;6;0;6
app1-2;1206151;-23.000000;1.399234;3;321;1;322
app2-1;1206151;19294.250000;0.000000;2;17;0;17
app2-2;1206151;212092.500000;0.000000;2;1;0;1
app3;1206151;5627412.287938;3.142492;1;7;0;7
arki001;1206151;7579621.830840;15.454670;1;30;0;30
assign1-10-4;1206151;353.992926;52.000000;1;39;0;39
assign1-5-8;1206151;183.362555;24.000000;1;3;0;3
atlanta-ip;1206151;81.321096;294.518627;2;5920;2;5922
atm20-100;1206151;2141734.684878;120.774021;2;75;0;75
australia-abs-cta;1206151;0.000000;38.185342;1;63;0;63
b-ball;1206151;-1.818182;4.818182;1;0;0;0
b1c1s1;1206151;69995.090000;-0.000000;2;7;0;7
b2c1s1;1206151;69710.660000;-0.000000;2;12;0;12
bab1;1206151;-228225.182825;27.775000;1;109;0;109
bab2;1206151;-338400.636000;244.500000;2;12817;18;12835
bab3;1206151;-555805.926583;450.995536;2;28017;40;28057
bab5;1206151;-106670.400850;101.900000;2;534;1;535
bab6;1206151;-246114.832525;480.833333;2;5370;13;5383
bc;1206151;13.915046;0.268421;2;91;0;91
bc1;1206151;4.550543;0.028778;2;97;0;97
beasleyC1;1206151;102.000000;0.000000;2;3;0;3
beasleyC2;1206151;232.000000;0.000000;2;3;0;3
beasleyC3;1206151;951.000000;-0.000000;2;4;0;4
beavma;1206151;395292.332242;3.472328;2;1;0;1
berlin;1206151;1951.000000;0.000000;2;25;0;25
berlin_5_8_0;1206151;52.000000;58.057245;3;2;0;2
bg512142;1206151;506799.440536;51.840309;3;34;0;34
biella1;1206151;3060037.430763;98.993456;1;270;0;270
bienst1;1206151;11.724138;4.390524;1;2;0;2
bienst2;1206151;11.724138;5.390524;1;2;0;2
binkar10_1;1206151;6637.188027;9.084811;1;7;0;7
blend2;1206151;7.489992;0.686573;2;0;0;0
bley_xl1;1206151;265.192657;294.413130;3;20586;10;20596
bley_xs1;1206151;50772836.968217;85.931545;3;75;0;75
bley_xs1noM;1206151;63937385.134379;90.542003;3;60;0;60
bley_xs2;1206151;37857199.025431;42.229522;12;12;1;13
blp-ar98;1206151;9461.750783;13.443652;21;97;27;124
blp-ic97;1206151;5423.588709;1.337703;12;67;8;75
blp-ic98;1206151;6340.215856;1.657910;6;120;8;128
blp-ir98;1206151;3172.789640;3.875758;3;39;1;40
bmocbd3;1206151;45423160382.723442;0.000000;3;17603;17;17620
bmoipr2;1206151;-46628940.711029;7.840017;1;59;0;59
bnatt350;1206151;0.000000;109.506930;17;86;2;88
bnatt400;1206151;0.000000;127.888934;17;119;2;121
bppc4-08;1206151;51.590000;13.322623;1;22;0;22
bppc6-02;1206151;108.340000;11.296538;1;133;0;133
bppc6-06;1206151;200.633333;13.595370;1;150;1;151
bppc8-02;1206151;486.500000;3.194588;1;1;0;1
bppc8-09;1206151;444.436047;4.775100;1;3;0;3
brasil;1206151;32311.000000;0.000000;2;24;0;24
brazil3;1206151;2.000000;254.754201;2;217;0;217
breastcancer-regularized;1206151;105.150036;0.002191;2;7;0;7
bts4-cta;1206151;33524.637606;1130.000000;1;522;0;522
buildingenergy;1206151;33246.215059;1468.850000;2;15807;4;15811
cap6000;1206151;-2446875.000000;0.000000;3;40;0;40
cbs-cta;1206151;0.000000;27.746030;1;101;0;101
cdc7-4-3-2;1206151;-232.000000;-0.000000;3;36108;5;36113
chromaticindex1024-7;1206151;4.000000;16002.682953;2;2326;10;2336
chromaticindex128-5;1206151;4.000000;2021.163699;2;133;1;134
chromaticindex256-8;1206151;4.000000;4069.477083;2;361;2;363
chromaticindex32-8;1206151;4.000000;504.887500;2;18;0;18
chromaticindex512-7;1206151;4.000000;8183.527137;2;1087;4;1091
ci-s4;1206151;17.644894;41.881015;3;9;0;9
circ10-3;1206151;140.000000;209.309855;1;2112;1;2113
cmflsp40-24-10-7;1206151;52605868.952858;70.700930;3;366;0;366
cmflsp40-36-2-10;1206151;72898024.959478;295.649246;3;772;0;772
cmflsp50-24-10-4;1206151;64492612.641644;81.236085;3;343;0;343
cmflsp50-24-8-8;1206151;59814378.749021;131.869460;3;331;0;331
cmflsp60-36-2-6;1206151;97887903.946142;370.689759;3;1757;0;1757
CMS750_4;1206151;250.000000;233.284641;3;61;1;62
co-100;1206151;1246685.546783;10.401691;2;372;7;379
cod105;1206151;-8.000000;0.000000;3;509;1;510
comp07-2idx;1206151;0.000000;114.416667;2;1926;2;1928
comp08-2idx;1206151;0.000000;159.969397;1;136;0;136
comp12-2idx;1206151;3.000000;267.951781;1;1300;0;1300
comp16-3idx;1206151;4.000000;721.111978;1;7243;2;7245
comp21-2idx;1206151;0.000000;282.023529;3;576;2;578
control30-3-2-3;1206151;-20763026.787568;27.970540;1;4;0;4
core2536-691;1206151;804.000000;-0.000000;3;816;2;818
core2586-950;1206151;1163.000000;-0.000000;3;608;2;610
core4284-1064;1206151;1336.000000;0.000000;3;3616;4;3620
core4872-1529;1206151;1855.000000;0.000000;3;2032;3;2035
cost266-UUE;1206151;42001606.280000;-0.000000;2;88;0;88
cov1075;1206151;56.000000;0.000000;3;6;0;6
cryptanalysiskb128n5obj16;1206151;0.000000;5029.990887;106;1255;208;1463
csched007;1206151;269.251587;22.185714;1;37;0;37
csched008;1206151;171.000000;24.778341;1;11;0;11
csched010;1206151;332.422727;20.512626;1;31;0;31
cvrpa-n64k9vrpi;1206151;0.000000;148.788980;2;463;4;467
cvrpb-n45k5vrpi;1206151;0.000000;104.481361;2;147;2;149
cvrpp-n16k8vrpi;1206151;0.000000;38.707224;1;33;0;33
cvrpsimple2i;1206151;0.000000;22.941208;2;3;0;3
cvs08r139-94;1206151;-16.000000;66.000000;3;14;0;14
cvs16r106-72;1206151;-2.000000;71.000000;2;29;0;29
cvs16r128-89;1206151;-2.000000;88.000000;2;36;0;36
cvs16r70-62;1206151;-0.000000;62.000000;2;28;0;28
cvs16r89-60;1206151;-0.000000;60.000000;2;31;0;31
d10200;1206151;12425.583005;32.097057;1;40;0;40
d20200;1206151;12229.625788;62.339279;1;327;0;327
dale-cta;1206151;0.000000;0.004766;1;301;0;301
dano3mip;1206151;576.231620;15.297311;1;2059;0;2059
dano3_3;1206151;576.231620;1.932181;1;2238;0;2238
dano3_5;1206151;576.231620;2.871834;1;2239;0;2239
danoint;1206151;62.637280;5.819184;1;18;0;18
dc1c;1206151;1754946.863638;140.593306;1;292;0;292
dc1l;1206151;578133237.429793;0.000000;4;805;17;822
dcmulti;1206151;184917.234283;12.662065;3;2;0;2
decomp1;1206151;-120.000000;149.444444;1;49;0;49
decomp2;1206151;-160.000000;141.944444;1;44;0;44
dfn-bwin-DBE;1206151;797567.400000;0.000000;2;34;0;34
dfn-gwin-UUM;1206151;27467.257235;5.653537;1;1;0;1
dg012142;1206151;7485691.825683;37.560751;5;114;0;114
diameterc-mstc-v20a190d5i;1206151;291.000000;288.954791;3;62;0;62
diameterc-msts-v40a100d5i;1206151;324.000000;347.153926;3;56;0;56
disctom;1206151;-5000.000000;51.166667;1;191;0;191
disktom;1206151;-5000.000000;51.166667;1;183;0;183
dolom1;1206151;6556066.068315;111.218954;1;473;1;474
drayage-100-12;1206151;91134.076080;32.228466;1;50;0;50
drayage-100-23;1206151;103333.874073;41.554651;1;44;0;44
drayage-25-23;1206151;99718.790531;39.569924;1;43;0;43
drayage-25-27;1206151;95207.144904;44.816549;1;41;0;41
drayage-25-32;1206151;88256.306534;44.499212;1;48;0;48
ds-big;1206151;86.820068;30.669231;1;7150;21;7171
ds;1206151;57.234565;33.463549;1;875;6;881
dws008-01;1206151;2954.537147;2.158177;2;50;0;50
dws008-03;1206151;3283.316973;6.687361;2;136;1;137
dws012-01;1206151;5179.177491;3.971756;2;107;1;108
dws012-02;1206151;4705.864492;24.017311;3;230;4;234
dws012-03;1206151;5237.420078;17.786054;3;382;6;388
eil33-2;1206151;811.278996;3.615630;1;34;0;34
eilA101-2;1206151;803.373888;7.408683;1;841;6;847
eilB101;1206151;1075.247691;12.807028;1;20;0;20
eilC76-2;1206151;725.754458;7.780208;1;288;2;290
ej;1206151;1.000000;0.243844;1;0;0;0
elitserienhandball11i;1206151;0.000000;866.305983;2;430;1;431
elitserienhandball13i;1206151;0.000000;853.141952;2;422;1;423
elitserienhandball14i;1206151;0.000000;883.858328;2;399;1;400
elitserienhandball3i;1206151;0.000000;887.935483;2;390;1;391
enlight13;1206151;1.000000;1.000000;1;0;0;0
enlight15;1206151;1.000000;1.000000;1;0;0;0
enlight8;1206151;1.000000;1.000000;1;0;0;0
enlight_hard;1206151;15.500000;17.000000;1;0;0;0
eva1aprime5x5opt;1206151;-497.155823;0.526297;1;284;0;284
eva1aprime6x6opt;1206151;-495.398833;1.239563;1;1854;0;1854
ex10;1206151;100.000000;98.000000;1;16866;5;16871
ex1010-pi;1206151;302.000000;-0.000000;3;499;2;501
ex9;1206151;81.000000;75.601201;1;1774;2;1776
exp-1-500-5-5;1206151;97666.305541;4.045842;2;2;0;2
f2000;1206151;1383.000000;1280.000000;2;3569;0;3569
f2gap201600;1206151;76429.862296;1.402159;1;3;0;3
f2gap401600;1206151;82274.237434;1.190020;1;4;0;4
f2gap40400;1206151;20650.898154;3.253580;1;1;0;1
f2gap801600;1206151;86570.120867;5.266841;1;5;0;5
fast0507;1206151;213.000000;-0.000000;3;197;4;201
fastxgemm-n2r6s0t2;1206151;27.000000;9.000000;1;36;0;36
fastxgemm-n2r7s4t1;1206151;27.000000;9.000000;1;38;0;38
fastxgemm-n3r21s3t6;1206151;84.000000;27.000000;1;2405;0;2405
fastxgemm-n3r22s4t6;1206151;84.000000;27.000000;1;2577;0;2577
fastxgemm-n3r23s5t6;1206151;84.000000;27.000000;1;2519;0;2519
fhnw-binpack4-48;1206151;0.000000;333.285714;2;116;0;116
fhnw-binpack4-58;1206151;0.000000;467.321429;2;127;0;127
fhnw-binpack4-77;1206151;0.000000;207.310714;2;110;0;110
fhnw-binschedule0;1206151;15642.000000;1053.297818;2;20105;34;20139
fhnw-binschedule2;1206151;2273.000000;221.912633;3;496;4;500
fhnw-schedule-paira100;1206151;-36.643681;5.149215;2;138;0;138
fhnw-schedule-paira200;1206151;-73.826479;8.940825;2;227;2;229
fhnw-schedule-paira400;1206151;-146.941079;19.266221;2;1094;11;1105
fhnw-schedule-pairb200;1206151;-58.887041;815.939903;3;2020;3;2023
fhnw-schedule-pairb400;1206151;-109.169750;2783.836162;3;12714;14;12728
fhnw-sq2;1206151;0.000000;13.695522;1;5;0;5
fiball;1206151;137.069168;72.169473;1;112;1;113
fiber;1206151;897538.360000;12.574421;2;3;0;3
fillomino7x7-0i;1206151;0.000000;304.793110;2;68;0;68
fixnet6;1206151;4536.000000;0.000000;2;1;0;1
fjspeasy01i;1206151;216.000000;1.364719;2;65;0;65
flugpl;1206151;1167875.166377;2.785325;1;0;0;0
g200x740;1206151;45614.000000;-0.000000;2;3;0;3
g200x740i;1206151;44069.000000;-0.000000;2;3;0;3
gasprod1-1;1206151;10207.782090;23.384117;32;444;6;450
gasprod1-2;1206151;12418.693782;43.662702;18;290;3;293
gasprod1-3;1206151;13830.718570;40.837432;64;295;10;305
gasprod2-1;1206151;1510393.402354;44.156867;6;1138;1;1139
gasprod2-2;1206151;1355909.537507;297.110788;36;1549;13;1562
gen-ip002;1206151;-511.036897;0.000000;3;0;0;0
gen-ip016;1206151;-9505.628173;1.906914;1;0;0;0
gen-ip021;1206151;6642.052620;2.217259;4;0;0;0
gen-ip036;1206151;-2162.833562;0.000000;3;0;0;0
gen-ip054;1206151;7350.684932;1.502477;8;0;0;0
gen;1206151;112555.106141;0.427450;2;1;0;1
genus-g31-8;1206151;-27.000000;116.000000;1;1031;1;1032
genus-g61-25;1206151;-58.000000;199.000000;1;332;2;334
genus-sym-g31-8;1206151;-27.000000;150.889800;2;3290;3;3293
genus-sym-g62-2;1206151;-54.000000;225.350434;1;23358;1;23359
genus-sym-grafo5708-48;1206151;-27.000000;159.026027;2;1552;1;1553
ger50-17-ptp-pop-3t;1206151;3466.323207;45.213645;1;101;0;101
ger50-17-ptp-pop-6t;1206151;6804.447088;50.477969;1;88;0;88
ger50-17-trans-dfn-3t;1206151;3453.475245;37.741927;1;160;1;161
ger50-17-trans-pop-3t;1206151;3456.252922;49.487013;1;169;1;170
ger50_17_trans;1206151;6850.628623;48.226110;1;135;1;136
germanrr;1206151;47741647.082140;58.297944;3;719;3;722
germany50-DBM;1206151;438028.000000;21.150000;1;141;0;141
germany50-UUM;1206151;597932.500000;26.450000;1;39;0;39
gesa2-o;1206151;25748173.191117;13.380406;2;3;0;3
gesa2;1206151;25502855.039680;8.989886;1;5;0;5
gfd-schedulen180f7d50m30k18-16i;1206151;21.533333;4366.403732;3;9461;151;9612
gfd-schedulen180f7d50m30k18;1206151;1.000000;6031.558267;6;3884;41;3925
gfd-schedulen25f5d20m10k3i;1206151;3.000000;29.157898;2;79;0;79
gfd-schedulen55f2d50m30k3i;1206151;5.000000;231.083604;2;221;3;224
ghoulomb4-9-10i;1206151;9.000000;9.160150;2;53;1;54
glass-sc;1206151;29.000000;0.000000;3;114;1;115
glass4;1206151;800002400.000000;8.568254;1;0;0;0
gmu-35-40;1206151;-2406943.556343;2.300342;1;3;0;3
gmu-35-50;1206151;-2608070.315743;3.444186;1;6;0;6
gmut-75-50;1206151;-14182312.661731;4.988967;1;492;3;495
gmut-76-40;1206151;-14171086.316075;9.054451;1;309;1;310
gmut-76-50;1206151;-14173884.188063;4.201959;1;311;3;314
gmut-77-40;1206151;-14173396.636852;2.973250;1;383;1;384
go19;1206151;95.000000;-0.000000;3;4;0;4
gr4x6;1206151;229.050000;-0.000000;2;0;0;0
graph20-20-1rand;1206151;-37.000000;43.000000;1;37;0;37
graph20-80-1rand;1206151;-110.000000;120.050000;2;1250;2;1252
graph40-20-1rand;1206151;-157.000000;175.500000;1;4253;3;4256
graph40-40-1rand;1206151;-300.000000;326.969290;1;88290;9;88299
graphdraw-domain;1206151;12672.000000;18.742857;1;2;0;2
graphdraw-gemcutter;1206151;4310.000000;12.048387;2;1;0;1
graphdraw-grafo2;1206151;35762.000000;350.966667;1;743;3;746
graphdraw-mainerd;1206151;30496.000000;131.370968;1;81;0;81
graphdraw-opmanager;1206151;54717.000000;210.091463;1;377;1;378
gsvm2rl11;1206151;35640.343493;0.000000;3;349;0;349
gsvm2rl12;1206151;50.000000;-0.000000;3;502;0;502
gsvm2rl3;1206151;0.600000;-0.000000;3;3;0;3
gsvm2rl5;1206151;10.000000;-0.000000;3;8;0;8
gsvm2rl9;1206151;16356.825869;0.000000;3;63;0;63
gt2;1206151;21166.000000;4.130952;2;0;0;0
h50x2450;1206151;11147.731511;3.696751;1;28;0;28
h80x6320;1206151;3700.000000;0.000000;1;24;0;24
h80x6320d;1206151;5325.160104;2.515625;1;39;0;39
hanoi5;1206151;1931.000000;245.237539;25;324;4;328
haprp;1206151;3679667.254486;41.766595;2;4;0;4
harp2;1206151;-74325169.345138;5.496152;1;2;0;2
hgms-det;1206151;-53793.320679;37.099950;1;191;0;191
hgms30;1206151;-53327.995245;51.804834;1;7215;0;7215
hgms62;1206151;-53394.446147;54.735370;1;13816;0;13816
hypothyroid-k1;1206151;-2846.896104;38.365286;3;6785;7;6792
ic97_potential;1206151;4084.000000;55.050000;2;3;0;3
ic97_tension;1206151;3993.000000;15.366667;2;1;0;1
icir97_potential;1206151;6589.000000;171.618362;2;35;0;35
icir97_tension;1206151;6323.000000;102.600000;2;3;0;3
iis-100-0-cov;1206151;35.000000;0.000000;3;96;0;96
iis-bupa-cov;1206151;46.000000;-0.000000;3;154;1;155
iis-glass-cov;1206151;26.000000;0.000000;3;125;1;126
iis-hc-cov;1206151;22.000000;0.000000;3;160;3;163
iis-pima-cov;1206151;39.000000;-0.000000;3;211;1;212
irp;1206151;12123.530222;6.000000;1;74;1;75
istanbul-no-cutoff;1206151;62.541409;3.968407;1;219;0;219
ivu06-big;1206151;135.427718;95.799872;1;52007;158;52165
ivu06;1206151;135.901353;96.981489;1;14293;57;14350
ivu52;1206151;480.250439;82.562257;1;5992;15;6007
ivu59;1206151;884.456993;122.808206;1;208917;221;209138
janos-us-DDM;1206151;1488134.750000;22.375000;1;6;0;6
k16x240;1206151;11359.000000;0.000000;2;0;0;0
k16x240b;1206151;12874.000000;0.000000;2;0;0;0
k1mushroom;1206151;-3747.840298;42.576586;3;20179;21;20200
k1mushroomi;1206151;-4165.061224;64.102041;1;14960;3;14963
khb05250;1206151;126785464.000000;0.000000;2;1;0;1
l2p12;1206151;2.000000;824.859960;3;221;1;222
l2p1i;1206151;1.000000;608.429261;2;891;23;914
l2p2i;1206151;1.000000;757.644602;2;147;1;148
lectsched-1-obj;1206151;36.000000;28.046924;4;220;3;223
lectsched-1;1206151;0.000000;6.882322;2;191;1;192
lectsched-2;1206151;0.000000;20.130091;3;92;1;93
lectsched-3;1206151;0.000000;4.358796;9;170;4;174
lectsched-4-obj;1206151;3.000000;15.019362;14;46;2;48
lectsched-5-obj;1206151;15.000000;54.733040;7;171;4;175
leo1;1206151;619820231.520000;2.134363;4;68;2;70
leo2;1206151;626414237.440000;0.787172;3;96;2;98
liu;1206151;346.000000;11.096532;2;7;0;7
loopha13;1206151;6.279000;1.132999;2;174;0;174
lotsize;1206151;1335747.052789;7.405615;2;6;0;6
lr1dr02vc05v8a-t360;1206151;120707.344638;169.266715;1;872;0;872
lr1dr04vc05v17a-t360;1206151;247150.518188;322.854834;1;1807;1;1808
lr1dr12vc10v70b-t360;1206151;983958.597196;1051.434951;1;43066;10;43076
lr2-22dr3-333vc4v17a-t60;1206151;-72770.836006;244.127587;2;35745;8;35753
lrn;1206151;44373752.713965;53.546052;2;405;0;405
m100n500k4r1;1206151;-18.000000;-0.000000;3;7;0;7
macrophage;1206151;35.000000;209.000000;1;7;0;7
mad;1206151;0.000000;5.072970;1;1;0;1
manna81;1206151;-10107.000000;0.000000;3;44;0;44
map06;1206151;-406.181173;7.868443;1;1123;0;1123
map10;1206151;-602.176181;11.248146;1;1091;0;1091
map14;1206151;-778.549324;11.962355;1;940;0;940
map14860-20;1206151;-998.836419;10.400693;1;1262;0;1262
map16715-04;1206151;-296.267898;4.997036;1;999;0;999
map18;1206151;-932.782685;11.173489;1;1465;0;1465
map20;1206151;-998.836419;10.400693;1;1259;0;1259
mappingmesh3x3mpeg2i;1206151;10000.000000;156.247882;2;25;0;25
mario-t-hard5i;1206151;-4482.000000;96.185417;1;147;1;148
markshare1;1206151;230.000000;-0.000000;2;0;0;0
markshare2;1206151;454.000000;0.000000;2;0;0;0
markshare_4_0;1206151;226.000000;0.000000;2;0;0;0
markshare_5_0;1206151;337.000000;0.000000;2;0;0;0
mas74;1206151;10482.795280;3.103514;1;1;0;1
mas76;1206151;38893.903641;2.555097;1;1;0;1
maxgasflow;1206151;-53620694.316699;218.049274;2;56;0;56
mc11;1206151;13520.000000;-0.000000;2;26;0;26
mc7;1206151;5797.000000;-0.000000;2;28;0;28
mc8;1206151;1944.000000;-0.000000;2;28;0;28
mcsched;1206151;474351.816438;29.021488;2;156;0;156
methanosarcina;1206151;0.000000;282.500000;1;51;0;51
mik-250-1-100-1;1206151;-0.000000;0.000000;2;2;0;2
mik-250-20-75-1;1206151;0.000000;0.000000;2;4;0;4
mik-250-20-75-2;1206151;-0.000000;-0.000000;2;3;0;3
mik-250-20-75-3;1206151;-0.000000;-0.000000;2;3;0;3
mik-250-20-75-4;1206151;-0.000000;-0.000000;2;3;0;3
mik-250-20-75-5;1206151;0.000000;-0.000000;2;3;0;3
milo-v12-6-r1-58-1;1206151;422507.582835;147.061179;2;149;0;149
milo-v12-6-r1-75-1;1206151;684446.509887;174.270141;2;175;0;175
milo-v12-6-r2-40-1;1206151;213638.744473;104.126887;2;76;0;76
milo-v13-4-3d-3-0;1206151;23373.122645;0.739975;1;14;0;14
milo-v13-4-3d-4-0;1206151;34049.245605;1.277727;1;30;0;30
mine-166-5;1206151;-548288758.721338;36.684884;6;130;0;130
mine-90-10;1206151;-827656854.061004;55.076435;1;87;0;87
mining;1206151;-884745914.647418;8489.901148;92;71798;1869;73667
minutedispatchstrategy;1206151;3582.138213;101.664381;1441;1971;667;2638
misc07;1206151;1415.000000;8.000000;1;2;0;2
mitre;1206151;114908.998992;168.716846;1;62;0;62
mkc;1206151;-349.170000;-0.000000;3;32;0;32
mkc1;1206151;-569.390000;7.047075;3;32;0;32
mod010;1206151;6532.083333;15.166667;1;14;0;14
modglob;1206151;20786787.016883;-0.000000;2;1;0;1
moj-mining;1206151;-1520532907.350179;566.626558;2;47049;0;47049
momentum1;1206151;121860.460323;47.487111;2;152;0;152
momentum2;1206151;12884.172158;84.534262;3;494;1;495
mrcpspj30-15-5i;1206151;23.000000;69.031311;2;53;0;53
mrcpspj30-17-10i;1206151;25.000000;214.284271;24;111;7;118
mrcpspj30-53-3i;1206151;30.000000;33.607920;2;44;0;44
msc98-ip;1206151;19530897.712302;328.031779;2;1105;2;1107
mspp16;1206151;341.000000;3.000000;1;24069;142;24211
mspsphard01i;1206151;69.000000;45.003105;3;55;1;56
mspsphard03i;1206151;73.000000;92.938259;11;97;6;103
mtest4ma;1206151;60342.000000;0.000000;2;2;0;2
mushroom-best;1206151;0.079076;0.007000;3;254;3;257
mzzv11;1206151;-22076.000000;186.202623;2;283;1;284
mzzv42z;1206151;-20490.000000;179.192264;2;270;1;271
n13-3;1206151;4810470.000000;0.000000;2;2;0;2
n15-3;1206151;71710891.000000;0.000000;2;4751;0;4751
n2seq36f;1206151;70600.000000;-0.000000;3;39;0;39
n2seq36q;1206151;116003.593822;43.392098;3;136;3;139
n3-3;1206151;23704230.000000;0.000000;2;141;0;141
n3700;1206151;1342560.000000;0.000000;2;27;0;27
n3705;1206151;1342540.000000;0.000000;2;29;0;29
n3707;1206151;1301218.000000;0.000000;2;28;0;28
n3709;1206151;1324904.000000;-0.000000;2;27;0;27
n370a;1206151;1353042.000000;-0.000000;2;26;0;26
n370b;1206151;1373791.000000;-0.000000;2;27;0;27
n3div36;1206151;259800.000000;6.227888;3;140;3;143
n3seq24;1206151;186864.580534;43.960251;3;2201;39;2240
n4-3;1206151;12003175.000000;-0.000000;2;63;0;63
n5-3;1206151;10502425.000000;-0.000000;2;15;0;15
n6-3;1206151;10807500.000000;0.000000;2;71;0;71
n7-3;1206151;8409710.000000;0.000000;2;41;0;41
n9-3;1206151;20705025.000000;-0.000000;2;132;0;132
nag;1206151;465.000000;11.321381;3;45;0;45
neos-1061020;1206151;-145860.370608;501.435811;1;815;0;815
neos-1067731;1206151;669053.000000;87.000000;1;582;0;582
neos-1109824;1206151;278.000000;22.000000;1;41;0;41
neos-1112782;1206151;22000000110147.347656;0.000000;2;25;0;25
neos-1112787;1206151;19500000125389.667969;0.000000;2;34;0;34
neos-1122047;1206151;162.000000;0.000000;2;111;0;111
neos-1171448;1206151;-309.000000;5.777778;2;115;0;115
neos-1171692;1206151;-273.000000;4.936782;2;43;0;43
neos-1171737;1206151;-195.000000;9.875000;2;48;0;48
neos-1225589;1206151;5000000000.000000;-0.000000;2;1;0;1
neos-1311124;1206151;-182.000000;5.250000;2;3;0;3
neos-1324574;1206151;36.000000;135.000000;2;34;0;34
neos-1330346;1206151;33.000000;92.391391;2;54;0;54
neos-1337307;1206151;-201272.000000;272.493985;2;51;0;51
neos-1354092;1206151;46.000000;235.398385;2;1044;1;1045
neos-1367061;1206151;31320456.264497;6.250000;2;1010;1;1011
neos-1396125;1206151;3000.046554;10.228463;2;7;0;7
neos-1420546;1206151;22124.400000;103.140678;1;379;0;379
neos-1420790;1206151;2942.750002;75.132359;1;52;0;52
neos-1423785;1206151;-1773.639422;144.183541;2;349;0;349
neos-1425699;1206151;3175561447.505317;0.344988;1;0;0;0
neos-1426635;1206151;-178.000000;6.235119;2;2;0;2
neos-1426662;1206151;-52.000000;24.768519;2;4;0;4
neos-1429212;1206151;2425.386455;328.355033;1;4398;8;4406
neos-1430701;1206151;-78.000000;5.278895;2;2;0;2
neos-1436709;1206151;-129.000000;5.000000;2;3;0;3
neos-1440225;1206151;36.000000;33.201799;1;70;0;70
neos-1440460;1206151;-180.000000;5.527778;2;2;0;2
neos-1442119;1206151;-182.000000;7.291667;2;3;0;3
neos-1442657;1206151;-156.000000;6.083333;2;3;0;3
neos-1445532;1206151;-14382.000000;4.666667;2;24;0;24
neos-1445738;1206151;-18525.765543;192.856918;1;1032;0;1032
neos-1445743;1206151;-18902.810023;198.050465;1;1092;0;1092
neos-1445765;1206151;-18811.492536;210.050240;1;1125;0;1125
neos-1456979;1206151;154.000000;27.901173;1;42;0;42
neos-1516309;1206151;34769.833333;9.166667;2;30;0;30
neos-1582420;1206151;88.398466;56.499668;5;39;0;39
neos-1593097;1206151;19581.000000;35.532718;1;42;0;42
neos-1599274;1206151;31644.742857;8.000000;2;31;0;31
neos-1601936;1206151;1.000000;155.123290;1;727;0;727
neos-1603965;1206151;619257281.729080;159.273944;3;2533;1;2534
neos-1605061;1206151;6.150735;154.264928;1;2399;0;2399
neos-1605075;1206151;3.214461;180.849737;1;2197;0;2197
neos-1616732;1206151;173.000000;-0.000000;3;56;0;56
neos-1620770;1206151;22.000000;35.000000;2;190;0;190
neos-2294525-abba;1206151;251.550909;6.559286;1;86;0;86
neos-2328163-agri;1206151;27254.625000;58.500000;1;151;0;151
neos-2624317-amur;1206151;0.000000;22.010124;1;2;0;2
neos-2629914-sudost;1206151;39622.000000;15.492958;1;191;0;191
neos-2652786-brda;1206151;0.000000;13.689689;2;1;0;1
neos-2657525-crna;1206151;0.000000;17.653532;2;1;0;1
neos-2669500-cust;1206151;2221.900000;100.250838;1;471;5;476
neos-2746589-doon;1206151;1985.939796;54.551734;1;216;2;218
neos-2974461-ibar;1206151;472952396.770997;3364.000000;2;182596;32;182628
neos-2978193-inde;1206151;-2.418518;7.400000;1;55;0;55
neos-2978205-isar;1206151;-12.415307;29.800000;1;223;0;223
neos-2987202-jeir;1206151;-1847551552.236609;1035.632796;2;62111;1;62112
neos-2987310-joes;1206151;-610797465.676974;19.875000;2;834;0;834
neos-2991472-kalu;1206151;138.000000;19.673706;2;3165;85;3250
neos-3004026-krka;1206151;0.000000;832.000000;1;50;0;50
neos-3009394-lami;1206151;0.642857;216.571429;2;3;0;3
neos-3024952-loue;1206151;25442.000000;116.550000;5;239;0;239
neos-3025225-shelon;1206151;0.077135;318.031391;1;87674;20;87694
neos-3046601-motu;1206151;185.000000;0.023300;2;0;0;0
neos-3046615-murg;1206151;192.000000;0.024900;2;0;0;0
neos-3048764-nadi;1206151;-3883988306.366695;0.000000;1;39;0;39
neos-3065804-namu;1206151;0.000000;0.000000;1;218;0;218
neos-3068746-nene;1206151;77427529.530929;51.698455;2;147;0;147
neos-3072252-nete;1206151;10593526.000000;1.938794;2;1;0;1
neos-3075395-nile;1206151;1127152.765198;9.064729;1;84;0;84
neos-3083784-nive;1206151;0.000000;0.331201;1;5;0;5
neos-3083819-nubu;1206151;6290575.552807;5.598385;1;35;0;35
neos-3116779-oban;1206151;0.000000;0.000000;1;20;0;20
neos-3118745-obra;1206151;291.000000;-0.000000;3;4;0;4
neos-3148108-pahi;1206151;0.000000;0.000000;1;63;0;63
neos-3209462-rhin;1206151;0.000000;47.352227;2;4506;1;4507
neos-3209519-ruhr;1206151;332.850000;25.096416;1;50;0;50
neos-3214367-sovi;1206151;87807.062267;84.903917;1;1919;0;1919
neos-3216931-puriri;1206151;58817.360975;50.614467;1;851;0;851
neos-3226448-wkra;1206151;0.000000;512.043709;1;791;0;791
neos-3237086-abava;1206151;0.000000;56.000000;1;207;2;209
neos-3322547-alsek;1206151;616.000000;115.178534;2;11118;77;11195
neos-3352863-ancoa;1206151;47700.000000;-0.000000;3;661;12;673
neos-3354841-apure;1206151;48560.000000;3.800000;1;2075;26;2101
neos-3355120-tarago;1206151;-19761147.469026;129.215110;1;683;1;684
neos-3355323-arnon;1206151;0.000000;21.818182;4;65;3;68
neos-3372571-onahau;1206151;0.576990;8.695953;2;1159;0;1159
neos-3373491-avoca;1206151;21687686014.015354;20.812587;1;9;0;9
neos-3381206-awhea;1206151;432.000000;61.334767;2;4;0;4
neos-3402294-bobin;1206151;0.000000;50.999394;1;223;1;224
neos-3426085-ticino;1206151;235.000000;41.787470;3;27;0;27
neos-3426132-dieze;1206151;427.000000;103.670666;2;48;0;48
neos-3437289-erdre;1206151;0.000000;0.000000;1;67;1;68
neos-3530903-gauja;1206151;170.000000;33.253136;3;4;0;4
neos-3530905-gaula;1206151;153.000000;29.042208;2;4;0;4
neos-3555904-turama;1206151;-37.915768;1724.960719;3;5668;5;5673
neos-3572885-glina;1206151;0.000000;0.000000;1;89;1;90
neos-3581454-haast;1206151;1969.000000;47.338710;1;77;0;77
neos-3592146-hawea;1206151;7345804.855333;13.281253;1;42;0;42
neos-3594536-henty;1206151;383310.000000;1311.000000;1;74;1;75
neos-3603137-hoteo;1206151;0.000000;34.297619;3;43;1;44
neos-3610040-iskar;1206151;37.165417;2.262083;2;3;0;3
neos-3610051-istra;1206151;48.227558;5.054237;2;5;0;5
neos-3610173-itata;1206151;147.441250;3.692500;2;3;0;3
neos-3611447-jijia;1206151;116.645382;2.294795;2;2;0;2
neos-3611689-kaihu;1206151;138.382063;1.574126;2;3;0;3
neos-3615091-sutlej;1206151;-1506391.117177;161.684320;1;1607;9;1616
neos-3627168-kasai;1206151;1028641.180000;2.678667;2;4;0;4
neos-3634244-kauru;1206151;0.000000;152.720000;1;4181;4;4185
neos-3636886-kereu;1206151;1114.701601;0.001506;2;61;1;62
neos-3660371-kurow;1206151;286.534383;20.430958;1;16;0;16
neos-3661949-lesse;1206151;689000000.000000;0.000000;1;2;0;2
neos-3665875-lesum;1206151;248.325000;40.407566;2;74;0;74
neos-3682128-sandon;1206151;30098104.111687;108.126984;2;88;0;88
neos-3691541-lonja;1206151;-0.061575;9.639780;1;58;0;58
neos-3695882-vesdre;1206151;-145935.214286;39.000000;1;275;1;276
neos-3696678-lyvia;1206151;83.750000;63.000000;1;5;0;5
neos-3699377-maori;1206151;135877.224265;88.955274;2;106;0;106
neos-3703351-marne;1206151;317056.210386;65.821369;2;56;0;56
neos-3740487-motru;1206151;152.145486;76.975427;2;39806;64;39870
neos-3754480-nidda;1206151;-1216923.270104;12.186832;1;3;0;3
neos-3755335-nizao;1206151;50.030157;72.539921;2;512;1;513
neos-3759587-noosa;1206151;48.334468;4.400000;3;320;1;321
neos-3761878-oglio;1206151;422769.022545;66.784000;2;44;0;44
neos-3762025-ognon;1206151;603955.746492;49.449230;2;36;0;36
neos-4165869-wannon;1206151;285.150608;106.929165;2;610;1;611
neos-4230265-orari;1206151;38515515.684909;56.957317;3;2618;1;2619
neos-4260495-otere;1206151;3462.928116;143.832637;3;501;8;509
neos-4264598-oueme;1206151;4719412304.625630;65.571331;2;1929;1;1930
neos-4285819-pedja;1206151;34.451960;101.159938;2;295797;57;295854
neos-4290317-perth;1206151;3613303.634755;0.000000;2;1709;0;1709
neos-4295773-pissa;1206151;0.000000;1644.289474;1;5406;4;5410
neos-4300652-rahue;1206151;0.000000;31.333333;1;639;1;640
neos-4306827-ravan;1206151;-26673.307580;194.882805;2;329;4;333
neos-4321076-ruwer;1206151;1880.558333;39.333333;1;19162;1;19163
neos-4322846-ryton;1206151;0.419848;24.872919;1;614;5;619
neos-4332801-seret;1206151;233683.594384;172.168422;3;267;6;273
neos-4332810-sesia;1206151;-23062.998566;161.354975;3;254;6;260
neos-4333464-siret;1206151;24.688318;0.121324;2;8;0;8
neos-4333596-skien;1206151;-14653654.846569;0.746303;1;3;0;3
neos-4335793-snake;1206151;0.123684;141.753072;2;1329;1;1330
neos-4338804-snowy;1206151;1447.000000;21.239000;3;4;0;4
neos-4343293-stony;1206151;52.758728;0.200000;2;56;0;56
neos-4355351-swalm;1206151;33.854869;0.094819;2;153;3;156
neos-4358725-tagus;1206151;1889548.577948;203.435939;2;652;0;652
neos-4359986-taipa;1206151;0.395578;39.118149;1;963;1;964
neos-4360552-sangro;1206151;-29.500000;576.481637;1;8917;1;8918
neos-4387871-tavua;1206151;36.445048;0.200000;2;42;0;42
neos-4391920-timok;1206151;0.000378;34.957374;1;6241;5;6246
neos-4393408-tinui;1206151;340.267489;0.200000;2;39;0;39
neos-4408804-prosna;1206151;914.483516;71.708791;1;3730;1;3731
neos-4409277-trave;1206151;0.000000;350.162065;1;1789;1;1790
neos-4413714-turia;1206151;43.474651;371.333441;1;1877;9;1886
neos-4532248-waihi;1206151;0.370420;27.004111;1;3944;5;3949
neos-4533806-waima;1206151;3063.318841;49.500000;1;971;5;976
neos-4545615-waita;1206151;3606.594190;54.131913;1;18041;39;18080
neos-4555749-wards;1206151;3026.812121;34.998623;1;892;6;898
neos-4562542-watut;1206151;3743.304348;42.380485;1;2817;7;2824
neos-4647027-thurso;1206151;26911.641616;130.575703;1;2218;0;2218
neos-4647030-tutaki;1206151;26911.641616;131.360812;1;2750;0;2750
neos-4647032-veleka;1206151;26587.908699;174.943874;1;3428;0;3428
neos-4650160-yukon;1206151;-22633.302692;150.257047;1;6;0;6
neos-4722843-widden;1206151;63671.455263;748.515195;3;362;7;369
neos-4724674-aorere;1206151;3955.706101;89.034940;3;341;6;347
neos-4736745-arroux;1206151;262263446.114579;4.100609;2;31;0;31
neos-4738912-atrato;1206151;323678468.688703;3.843750;2;31;0;31
neos-4754521-awarau;1206151;0.000000;0.000000;1;1169;7;1176
neos-4760493-puerua;1206151;1908.243695;237.071976;1;30612;3;30615
neos-476283;1206151;406.244708;13.663873;1;6313;0;6313
neos-4763324-toguru;1206151;1120.986062;232.945926;1;42335;2;42337
neos-4797081-pakoka;1206151;0.000000;995.738455;1;6177;2;6179
neos-4805882-barwon;1206151;22058.983698;108.041076;3;190;1;191
neos-480878;1206151;515.138796;4.583278;2;16;0;16
neos-4954274-beardy;1206151;18659.208282;287.749893;2;909;2;911
neos-4954672-berkel;1206151;3491016.775148;2.808176;2;2;0;2
neos-4966258-blicks;1206151;366.090909;30.789773;2;1134;2;1136
neos-4971100-bodrog;1206151;-0.000000;0.000000;1;48;0;48
neos-4972437-bojana;1206151;357.086296;28.765194;2;7124;2;7126
neos-4972461-bolong;1206151;466.511858;34.763016;2;7229;2;7231
neos-4976951-bunnoo;1206151;377.416466;27.913354;2;5993;2;5995
neos-4984115-canche;1206151;-9947088.084138;0.363560;1;12;0;12
neos-498623;1206151;16.283333;46.801587;1;82;0;82
neos-5013590-toitoi;1206151;1064.447092;169.000000;1;15754;2;15756
neos-5018451-chiese;1206151;-148612315.605332;10.652915;1;1506;0;1506
neos-503737;1206151;50.000000;47.918146;1;32;0;32
neos-5041822-cockle;1206151;5701464.927099;174.422554;3;807;3;810
neos-5044663-wairoa;1206151;4653100.000000;573.309583;1;16642;1;16643
neos-5045105-creuse;1206151;19.066671;17.680786;1;61;0;61
neos-5049753-cuanza;1206151;464.000000;46.400000;1;1849;3;1852
neos-5051588-culgoa;1206151;128.750000;30.632366;1;92;0;92
neos-5052403-cygnet;1206151;220.007927;94.805311;8;36811;174;36985
neos-506422;1206151;0.000000;7.000000;1;156;0;156
neos-506428;1206151;145945.000000;96.000000;1;1084;3;1087
neos-5075914-elvire;1206151;305.493099;56.895754;2;90;0;90
neos-5076235-embley;1206151;1930.000000;0.112088;2;549;0;549
neos-5078479-escaut;1206151;7438.416728;53.893699;2;130;0;130
neos-5079731-flyers;1206151;2004.000000;1.153846;2;552;0;552
neos-5083528-gimone;1206151;0.000000;17.250000;1;260;4;264
neos-5093327-huahum;1206151;3934.000000;1.858333;2;595;0;595
neos-5100895-inster;1206151;2084.000000;3.428571;2;394;0;394
neos-5102383-irwell;1206151;1740.000000;2.593407;2;492;0;492
neos-5104907-jarama;1206151;648.590198;48.358189;2;7390;3;7393
neos-5106984-jizera;1206151;721.000000;2.257143;2;2801;4;2805
neos-5107597-kakapo;1206151;0.000000;0.591250;2;42;0;42
neos-5108386-kalang;1206151;621.655661;37.918891;2;14918;4;14922
neos-5114902-kasavu;1206151;518.000000;86.333333;1;7602;5;7607
neos-5115478-kaveri;1206151;0.000000;0.529375;2;35;0;35
neos-5116085-kenana;1206151;452.000000;75.333333;1;5414;3;5417
neos-5118834-korana;1206151;583.521384;84.165894;2;12629;4;12633
neos-5118851-kowhai;1206151;1134.000000;4.250000;2;3595;5;3600
neos-5123665-limmat;1206151;654.150497;48.317256;2;19366;5;19371
neos-5125849-lopori;1206151;0.000000;5.984639;1;43;0;43
neos-5129192-manaia;1206151;0.000000;4.000000;1;3162;13;3175
neos-5138690-middle;1206151;609.154239;77.027095;2;18825;5;18830
neos-5140963-mincio;1206151;8877.000000;2.142857;1;1;0;1
neos-5149806-wieprz;1206151;45.000000;7.634481;3;379;8;387
neos-5151569-mologa;1206151;686014018.994231;27.888300;2;2804;2;2806
neos-5178119-nalagi;1206151;8.569859;24.379086;2;83;0;83
neos-5182409-nasivi;1206151;0.000000;19.712425;1;7;0;7
neos-5188808-nattai;1206151;0.000000;13.355766;1;546;0;546
neos-5189128-totara;1206151;330131.390743;21.863581;1;987;3;990
neos-5192052-neckar;1206151;-11980000.000000;0.400000;2;0;0;0
neos-5193246-nerang;1206151;0.000000;427.000890;1;295;0;295
neos-5195221-niemur;1206151;0.000000;364.863502;1;278;0;278
neos-5196530-nuhaka;1206151;0.000000;406.675411;1;367;0;367
neos-520729;1206151;-1389625.000000;9.185238;1;557;0;557
neos-5221106-oparau;1206151;0.000000;33.949758;1;627;2;629
neos-525149;1206151;60.000000;40.416667;1;46;0;46
neos-5260764-orauea;1206151;58748.022532;8.725559;1;88;0;88
neos-5261882-treska;1206151;26047.998000;6.157765;1;8;0;8
neos-5266653-tugela;1206151;21659.678723;20.155553;1;150;1;151
neos-555001;1206151;962625.000000;32.414286;1;6;0;6
neos-555343;1206151;1346700.000000;157.193056;4;9;0;9
neos-555424;1206151;1286800.000000;144.027778;1;35;0;35
neos-555884;1206151;1112400.000000;165.150000;1;36;0;36
neos-565672;1206151;55015.268433;57.351362;4;13571;21;13592
neos-574665;1206151;5932913.752734;8.390264;3;5;0;5
neos-578379;1206151;0.000000;99.171812;1;1670;1;1671
neos-585192;1206151;384.328979;0.433130;2;10;0;10
neos-585467;1206151;347.224531;0.316538;2;7;0;7
neos-595904;1206151;61213.471080;16.893904;2;66;0;66
neos-619167;1206151;1.481241;34.850492;1;87;0;87
neos-631517;1206151;6999347.296879;55.400180;2;8;0;8
neos-631710;1206151;286.000000;225.464535;2;1002;15;1017
neos-633273;1206151;6996841097.997801;0.000000;1;127;0;127
neos-662469;1206151;184342.980720;94.063832;1;453;1;454
neos-686190;1206151;5134.813830;17.515957;1;37;0;37
neos-691058;1206151;263.400000;89.445421;1;123;0;123
neos-693347;1206151;234.000000;78.661138;1;744;0;744
neos-738098;1206151;-1099.000000;195.489493;1;289;0;289
neos-777800;1206151;-80.000000;74.416196;1;53;0;53
neos-780889;1206151;3421500.000000;0.000000;1;345;6;351
neos-787933;1206151;30.000000;0.000000;1;1;0;1
neos-799711;1206151;-11228065.153797;78.369325;1;747;0;747
neos-799716;1206151;4932670.661692;20.807498;1;63;0;63
neos-807639;1206151;332.924117;12.512286;1;6;0;6
neos-820879;1206151;24874.267857;63.030000;1;69;0;69
neos-824661;1206151;55.000000;94.965217;2;236;1;237
neos-824695;1206151;43.000000;61.571429;2;91;0;91
neos-826224;1206151;124.000000;43.333333;2;213;2;215
neos-826650;1206151;32.000000;154.916667;2;45;0;45
neos-826694;1206151;72.000000;221.851190;2;127;1;128
neos-826812;1206151;69.011000;175.561360;3;121;1;122
neos-826841;1206151;32.008200;127.466667;2;38;0;38
neos-827015;1206151;2.098071;332.649497;1;1586;3;1589
neos-827175;1206151;115.001520;111.833333;2;146;1;147
neos-829552;1206151;2.098071;248.920991;1;1621;1;1622
neos-831188;1206151;1.767720;87.466667;1;53;0;53
neos-847302;1206151;0.000000;46.902472;1;52;0;52
neos-848198;1206151;168977.000000;-0.000000;2;158;0;158
neos-848589;1206151;0.000000;1.000000;1;1105;1;1106
neos-849702;1206151;0.000000;87.450805;1;18;0;18
neos-850681;1206151;2087.000000;50.000000;1;104;0;104
neos-860300;1206151;2035.362225;9.000000;1;44;0;44
neos-872648;1206151;52.671483;0.000000;2;989;6;995
neos-873061;1206151;135.208828;0.000000;2;1331;7;1338
neos-876808;1206151;169615.062608;275.400000;2;2674;2;2676
neos-885086;1206151;-243.000000;18.235808;2;211;0;211
neos-885524;1206151;12397.479000;5.525486;3;68;2;70
neos-911880;1206151;23.260000;16.155343;1;2;0;2
neos-911970;1206151;23.260000;14.456206;1;2;0;2
neos-913984;1206151;1000.000000;32.223499;1;161;3;164
neos-914441;1206151;5660364.283770;102.051261;1;2555;0;2555
neos-916792;1206151;26.283217;17.068306;2;102;0;102
neos-932721;1206151;513000.000000;-0.000000;3;54;0;54
neos-932816;1206151;513000.000000;0.000000;3;116;1;117
neos-933562;1206151;0.000000;82.687196;1;28;0;28
neos-933638;1206151;343596.135707;0.000000;3;155;1;156
neos-933966;1206151;320056.314672;0.000000;3;112;1;113
neos-934278;1206151;363533.821078;0.000000;3;344;1;345
neos-935234;1206151;366375.083333;0.000000;3;292;1;293
neos-935627;1206151;19209.328443;0.000000;3;331;1;332
neos-935769;1206151;20742.013199;-0.000000;3;318;1;319
neos-937511;1206151;45997.869356;-0.000000;3;449;1;450
neos-937815;1206151;43827.865766;-0.000000;3;436;1;437
neos-941262;1206151;46602.679232;-0.000000;3;348;1;349
neos-941313;1206151;9361.000000;209.984127;1;465;4;469
neos-942830;1206151;12.000000;64.350128;2;26;0;26
neos-948126;1206151;47659.479658;-0.000000;3;335;1;336
neos-948346;1206151;-184.363181;28.000941;6;430;21;451
neos-950242;1206151;2.000000;42.000000;2;104;1;105
neos-953928;1206151;-10.906667;12.942467;4;141;5;146
neos-954925;1206151;-162.787389;32.833375;4;427;14;441
neos-956971;1206151;-104.788318;33.741072;4;502;13;515
neos-957143;1206151;-195.185742;30.536159;5;541;15;556
neos-957323;1206151;-218.785072;18.500000;4;282;12;294
neos-957389;1206151;1.500000;23.329101;1;69;1;70
neos-960392;1206151;-238.000000;301.558442;1;297;3;300
neos-983171;1206151;47807.452753;0.000000;3;390;1;391
neos-984165;1206151;46265.385436;0.000000;3;384;1;385
neos13;1206151;-126.178378;42.160092;2;181;0;181
neos15;1206151;143201.242910;0.000000;2;1;0;1
neos16;1206151;429.000000;13.714286;3;4;0;4
neos17;1206151;0.222688;0.000000;2;6;0;6
neos18;1206151;12.000000;37.833333;5;87;0;87
neos2;1206151;-4407.097239;5.158588;1;4;0;4
neos22;1206151;790282.857143;12.207143;2;33;0;33
neos5;1206151;17.250000;0.000000;3;1;0;1
neos6;1206151;114.038055;32.275044;6;266;7;273
neos8;1206151;-3309.500000;20.750000;3;29;0;29
neos808444;1206151;0.000000;198.728752;1;209;1;210
neos9;1206151;780.000000;44.250000;1;334;0;334
net12;1206151;47.514236;134.516319;3;1176;1;1177
netdiversion;1206151;454.000000;754.600000;3;7323;15;7338
newdano;1206151;11.724138;8.447296;1;2;0;2
nexp-150-20-1-5;1206151;74.000000;-0.000000;3;26;0;26
nexp-150-20-8-5;1206151;552.000000;-0.000000;3;75;1;76
nexp-50-20-1-1;1206151;35.000000;-0.000000;2;0;0;0
nexp-50-20-4-2;1206151;120.000000;0.000000;3;2;0;2
nh97_potential;1206151;1461.000000;72.750000;2;5;0;5
nh97_tension;1206151;1429.000000;76.466667;2;2;0;2
nj1;1206151;0.000000;607.000000;1;457;1;458
nj2;1206151;0.000000;607.000000;1;625;1;626
nj3;1206151;0.000000;607.000000;1;1671;1;1672
nobel-eu-DBE;1206151;7662120.000000;0.000000;2;69;0;69
noswot;1206151;-39.920111;4.557455;3;1;0;1
ns1111636;1206151;96.250000;17.588542;1;255;1;256
ns1116954;1206151;0.000000;154.227320;1;685;1;686
ns1208400;1206151;0.000000;92.146914;1;32;0;32
ns1430538;1206151;73.621609;10.751709;1;393;0;393
ns1456591;1206151;361.939022;19.000000;1;114;0;114
ns1606230;1206151;13.225000;179.621722;1;1947;0;1947
ns1631475;1206151;94800.000000;643.196596;2;1281;2;1283
ns1679495;1206151;3355407.151677;106.229642;2;48125;9;48134
ns1685374;1206151;-51.800913;96.218654;1;2290;1;2291
ns1688347;1206151;2.259259;74.205225;1;350;0;350
ns1690781;1206151;-1022.227789;60.056795;2;91;0;91
ns1696083;1206151;2.038462;48.811865;1;548;1;549
ns1758913;1206151;-1473.311978;85.635340;1;8206;6;8212
ns1760995;1206151;-1349.487943;142.000000;1;15392;7;15399
ns1778858;1206151;-22635740.000000;227.465047;2;288;0;288
ns1828997;1206151;0.000000;75.000000;1;1107;1;1108
ns1830653;1206151;7083.000000;59.569632;1;89;0;89
ns1849932;1206151;546.000000;6.131653;1;1034;6;1040
ns1853823;1206151;1172000.000000;1345.731857;2;42349;27;42376
ns1854840;1206151;1664000.000000;1124.615817;2;9008;16;9024
ns1856153;1206151;0.000000;203.675428;2;171;1;172
ns1904248;1206151;0.000000;476.666667;3;2484;7;2491
ns1905797;1206151;11.750980;32.426504;1;218;1;219
ns1905800;1206151;6.436600;26.487503;1;47;0;47
ns1952667;1206151;0.000000;9.316422;1;186;1;187
ns2017839;1206151;77026841466348.468750;1.620352;2;4771;0;4771
ns2034125;1206151;24740.000000;429.218830;2;2702;0;2702
ns2071214;1206151;0.000000;53.955240;1;75;0;75
ns2081729;1206151;4.600000;0.174500;2;3;0;3
ns2122698;1206151;62785.622771;196.156523;1;369;1;370
ns2124243;1206151;53998.333333;186.527778;1;257;1;258
ns2137859;1206151;24629.000000;56.954851;1;98;0;98
ns4-pr3;1206151;711323.000000;0.000000;2;130;0;130
ns4-pr6;1206151;427264.500000;0.000000;2;30;0;30
ns4-pr9;1206151;549125.000000;0.000000;2;82;0;82
ns894236;1206151;18.000000;109.321441;2;217;0;217
ns894244;1206151;16.000000;172.305570;2;534;1;535
ns894786;1206151;14.000000;98.226662;2;505;2;507
ns894788;1206151;7.000000;55.131615;2;86;0;86
ns903616;1206151;22.000000;175.549209;2;474;1;475
nsa;1206151;91.855632;7.418401;2;7;0;7
nsr8k;1206151;17500809.511815;639.470648;1;8492;2;8494
nsrand-ipx;1206151;69280.000000;0.000000;3;48;1;49
nu120-pr12;1206151;205695.000000;4.800000;2;41;0;41
nu120-pr3;1206151;511253.750000;28.016727;2;100;0;100
nu120-pr9;1206151;334880.000000;15.750000;2;77;0;77
nu25-pr12;1206151;298632.500000;4.233333;2;41;0;41
nu4-pr9;1206151;549125.000000;12.513333;2;67;0;67
nu60-pr9;1206151;386150.000000;12.150000;2;80;0;80
nucorsav;1206151;29.046100;74.292914;1;75056;129;75185
nursesched-medium-hint03;1206151;33.468485;463.947617;1;1149;3;1152
nursesched-medium04;1206151;452.000000;371.763072;2;781;5;786
nursesched-sprint-hidden09;1206151;516.944444;178.989683;2;299;2;301
nursesched-sprint-late03;1206151;34.254806;182.557279;1;312;1;313
nursesched-sprint02;1206151;154.416667;130.963542;2;210;2;212
nw04;1206151;16310.666667;2.000000;1;177;4;181
ofi;1206151;6135598681.449045;1321.867570;196;3468;101;3569
ofi2;1206151;6128453035.160096;1604.443623;184;6166;148;6314
oocsp-racks030e6cci;1206151;0.000000;547.447664;15;158;8;166
opm2-z10-s2;1206151;-17756.000000;0.000000;6;6140;7;6147
opm2-z10-s4;1206151;-18031.000000;-0.000000;6;6905;8;6913
opm2-z11-s8;1206151;-22495.000000;0.000000;6;12098;11;12109
opm2-z12-s14;1206151;-37879.000000;-0.000000;7;22766;15;22781
opm2-z12-s7;1206151;-31063.000000;-0.000000;6;24814;13;24827
opm2-z12-s8;1206151;-33359.000000;0.000000;7;27000;17;27017
opm2-z6-s1;1206151;-3261.000000;-0.000000;4;260;1;261
opm2-z7-s2;1206151;-6001.000000;-0.000000;5;545;2;547
opm2-z7-s8;1206151;-6402.000000;-0.000000;5;614;2;616
opm2-z8-s0;1206151;-9570.000000;0.000000;5;1732;3;1735
opt1217;1206151;-20.021390;10.060606;1;2;0;2
osorio-cta;1206151;0.000000;0.013388;1;53;0;53
p0201;1206151;7155.000000;10.900000;1;1;0;1
p100x588b;1206151;58977.000000;0.000000;2;2;0;2
p200x1188c;1206151;15747.000000;0.000000;2;3;0;3
p2756;1206151;2706.000000;24.070313;2;4;0;4
p500x2988;1206151;72594.000000;0.000000;2;29;0;29
p500x2988c;1206151;17212.000000;-0.000000;2;29;0;29
p500x2988d;1206151;6.000000;-0.000000;2;28;0;28
p6b;1206151;-52.000000;0.000000;3;52;0;52
p80x400b;1206151;45896.000000;-0.000000;2;1;0;1
pb-fit2d;1206151;-22363.768555;843.273209;1;7120;11;7131
pb-gfrd-pnc;1206151;8321.694589;42.993642;1;105;0;105
pb-grow22;1206151;-449654.852582;121.611433;1;421;1;422
pb-market-split8-70-4;1206151;0.000000;1.843507;1;0;0;0
pb-simp-nonunif;1206151;9.500000;280.033333;5;2357;11;2368
peg-solitaire-a3;1206151;1.000000;265.145532;1;326;0;326
pg;1206151;-11098.657382;17.215049;2;4;0;4
pg5_34;1206151;-16012.248077;18.476238;2;5;0;5
physiciansched3-3;1206151;2590923.193775;699.205074;3;16851;4;16855
physiciansched3-4;1206151;1460000.029192;507.419205;3;17651;3;17654
physiciansched5-3;1206151;20464.000000;133.462963;2;738;0;738
physiciansched6-1;1206151;10067.500000;253.698611;3;663;2;665
physiciansched6-2;1206151;47675.160783;435.646407;4;373;1;374
pigeon-08;1206151;-8000.000000;4.485714;1;1;0;1
pigeon-10;1206151;-10000.000000;8.022222;1;2;0;2
pigeon-11;1206151;-11000.000000;9.020000;1;2;0;2
pigeon-12;1206151;-12000.000000;10.018182;1;2;0;2
pigeon-13;1206151;-13000.000000;11.016667;1;3;0;3
pigeon-16;1206151;-16000.000000;34.984242;1;4;0;4
pigeon-19;1206151;-19000.000000;17.011111;1;5;0;5
pigeon-20;1206151;-20000.000000;26.250718;1;6;0;6
piperout-03;1206151;69590.490975;240.307638;7;280;2;282
piperout-08;1206151;99228.924471;298.804974;9;253;3;256
piperout-27;1206151;7146.876623;517.233607;684;324;250;574
piperout-d20;1206151;25601.416667;437.748324;2;764;1;765
piperout-d27;1206151;7199.340391;682.880995;2;908;1;909
pk1;1206151;0.000000;2.794444;1;0;0;0
polygonpack3-15;1206151;-114051612.169520;43.644898;3;989;5;994
polygonpack4-10;1206151;-93676953.470100;20.424622;3;430;2;432
polygonpack4-15;1206151;-114052801.790860;41.117829;3;1126;6;1132
polygonpack4-7;1206151;-75324958.874200;9.351513;3;187;1;188
polygonpack5-15;1206151;-66029981.130960;31.476023;3;1257;6;1263
pp08a;1206151;15000.000000;-0.000000;2;0;0;0
pp08aCUTS;1206151;16630.402442;0.000000;2;2;0;2
probportfolio;1206151;7.321966;24.067729;1;4;0;4
prod1;1206151;-55.000000;3.767946;2;2;0;2
prod2;1206151;-59.000000;4.566580;2;5;0;5
proteindesign121hz512p19;1206151;3197.772133;54.952462;1;5705;62;5767
proteindesign121hz512p9;1206151;1423.904449;59.959446;1;203;4;207
proteindesign121pgb11p9;1206151;1173.710433;48.788284;1;199;4;203
proteindesign122trx11p8;1206151;1720.461105;44.719330;1;221;4;225
protfold;1206151;0.000000;34.634891;2;34;0;34
pw-myciel4;1206151;4.000000;94.775204;4;8;0;8
pythago7824;1206151;0.000000;580.777778;6;914;3;917
pythago7825;1206151;0.000000;586.777778;8;910;3;913
qap10;1206151;332.566228;55.000000;1;369;0;369
qiu;1206151;1805.177158;0.000000;2;5;0;5
qnet1;1206151;96239.620000;7.221868;2;17;0;17
qnet1_o;1206151;93221.720000;0.000000;2;5;0;5
queens-30;1206151;-29.000000;0.000000;3;190;1;191
r4l4-02-tree-bounds-50;1206151;512370030.000000;648.050000;3;44;0;44
r50x360;1206151;2016.000000;-0.000000;2;1;0;1
r80x800;1206151;5520.000000;-0.000000;2;2;0;2
radiationm18-12-05;1206151;17561.353680;193.062229;2;57;0;57
radiationm40-10-02;1206151;155317.684921;698.420363;2;250;2;252
rail01;1206151;-90.767086;1608.458333;1;13285;4;13289
rail02;1206151;-206.092110;2179.300000;1;118214;9;118223
rail03;1206151;-919.222126;7606.865972;1;185780;26;185806
rail507;1206151;213.000000;-0.000000;3;215;3;218
railway_8_1_0;1206151;397.000000;46.034177;3;4;0;4
ramos3;1206151;377.000000;-0.000000;3;1385;1;1386
ran12x21;1206151;4080.000000;0.000000;2;0;0;0
ran13x13;1206151;3521.000000;0.000000;2;0;0;0
ran14x18-disj-8;1206151;12170.996653;0.000000;2;17;0;17
ran14x18;1206151;4265.000000;0.000000;2;0;0;0
ran16x16;1206151;4333.000000;0.000000;2;0;0;0
rd-rplusc-21;1206151;100.000000;3.709516;1;340;0;340
reblock115;1206151;-37981832.798944;238.100873;1;246;0;246
reblock166;1206151;-640892721.079106;86.859092;6;327;1;328
reblock354;1206151;-39586262.751951;411.245436;1;878;0;878
reblock420;1206151;-558825455.521724;213.947318;7;1703;4;1707
reblock67;1206151;-36575497.117631;131.415935;1;37;0;37
rfds-4-days;1206151;-1158940.978167;62.166667;1;17285;9;17294
rlp1;1206151;13.244444;9.961905;1;1;0;1
rmatr100-p10;1206151;360.593308;9.692735;1;266;0;266
rmatr100-p5;1206151;762.040054;5.000000;1;588;0;588
rmatr200-p10;1206151;1550.620783;10.000000;1;11556;0;11556
rmatr200-p20;1206151;688.357943;19.982266;1;3283;0;3283
rmatr200-p5;1206151;3283.653831;5.000000;1;12168;0;12168
rmine10;1206151;-1926.863820;886.708002;1;3232;1;3233
rmine11;1206151;-2522.047107;1304.350285;1;8718;1;8719
rmine13;1206151;-3504.619914;1108.274293;2;24174;5;24179
rmine14;1206151;-4310.694704;2228.265999;1;111283;4;111287
rmine15;1206151;-5042.482963;4267.046917;1;233035;5;233040
rmine6;1206151;-462.305727;106.725097;1;119;0;119
rocI-3-11;1206151;-110705.000000;55.887636;16;12;0;12
rocI-4-11;1206151;-11110705.000000;66.745360;17;43;1;44
rocII-10-11;1206151;-11.946851;198.052596;2;923;2;925
rocII-4-11;1206151;-11.867128;49.198977;2;58;0;58
rocII-5-11;1206151;-11.893702;59.199453;2;76;0;76
rocII-7-11;1206151;-11.924073;119.849935;1;204;0;204
rocII-8-11;1206151;-11.933564;159.333601;2;282;1;283
rocII-9-11;1206151;-11.940946;178.324932;2;411;2;413
rococoB10-011000;1206151;51207.000000;10.950589;6;124;0;124
rococoC10-001000;1206151;23730.000000;0.000000;7;26;0;26
rococoC11-010100;1206151;143170.000000;22.416868;2;161;0;161
rococoC11-011100;1206151;139407.000000;14.937663;2;117;0;117
rococoC12-010001;1206151;117774.000000;9.895179;2;199;1;200
rococoC12-111000;1206151;27337.357381;31.147270;1;286;0;286
roi2alpha3n4;1206151;-78.888089;8.000000;2;651;9;660
roi5alpha10n8;1206151;-84.342241;16.000000;2;1998;26;2024
roll3000;1206151;11939.645814;52.881579;2;23;0;23
rout;1206151;981.864286;10.233819;1;2;0;2
rpp22falsei;1206151;0.000000;74.210179;3;67;1;68
rvb-sub;1206151;11.206514;4.857143;1;854;6;860
s100;1206151;-0.170525;28.899744;1;19448;15;19463
s1234;1206151;0.361925;1.571653;2;829;0;829
s250r10;1206151;-0.168732;59.939334;2;7813;26;7839
s55;1206151;-22.151773;60.323192;1;1526;3;1529
satellites1-25;1206151;-20.000000;112.132767;1;548;0;548
satellites2-25;1206151;-29.000000;379.188850;1;30744;2;30746
satellites2-40;1206151;-29.000000;350.462240;1;25441;1;25442
satellites2-60-fs;1206151;-23.972601;437.642681;2;4231;2;4233
satellites2-60;1206151;-29.000000;350.462240;1;26045;2;26047
satellites3-25;1206151;-38.000000;748.576477;1;263776;4;263780
satellites3-40-fs;1206151;-32.664860;836.453067;2;27188;7;27195
satellites3-40;1206151;-38.000000;764.579864;1;216479;5;216484
savsched1;1206151;8401.025000;-0.000000;3;63478;46;63524
scpj4scip;1206151;213.000000;-0.000000;3;1303;25;1328
scpk4;1206151;599.000000;0.000000;3;2715;22;2737
scpl4;1206151;437.000000;-0.000000;3;4690;47;4737
scpm1;1206151;905.000000;0.000000;3;44495;123;44618
scpn2;1206151;764.000000;-0.000000;3;70288;242;70530
sct1;1206151;-186.838854;85.284884;2;1172;1;1173
sct2;1206151;-86.372659;17.837708;2;61;0;61
sct31;1206151;186.783515;24.423168;2;225;0;225
sct32;1206151;51.266438;45.043874;2;512;1;513
sct5;1206151;-227.029312;28.919325;2;472;2;474
seqsolve1;1206151;4770.293168;265.188388;24;5537;130;5667
seqsolve2short4288;1206151;20.396875;318.804378;4;6464;22;6486
seqsolve3short4288excess384;1206151;-43472.799518;407.473201;8;10609;50;10659
set1ch;1206151;107691.500000;-0.000000;2;1;0;1
set3-09;1206151;1263.077974;13.704533;2;11;0;11
set3-10;1206151;788.890655;13.953500;2;10;0;10
set3-15;1206151;8364.040745;17.366709;2;15;0;15
set3-16;1206151;9916.808562;19.040932;2;13;0;13
set3-20;1206151;10347.381087;16.724301;2;11;0;11
seymour-disj-10;1206151;335.000000;-0.000000;4;1712;2;1714
seymour;1206151;456.000000;0.000000;3;231;0;231
seymour1;1206151;419.891318;-0.000000;3;218;0;218
shiftreg1-4;1206151;131.656032;170.412698;1;36;0;36
shiftreg2-7;1206151;206.733052;112.525005;1;98;0;98
shiftreg5-1;1206151;520.839888;531.003874;1;359;0;359
shipsched;1206151;-0.000000;8.077417;4;83;1;84
shipschedule3shipsi;1206151;-265650.000000;353.645640;12;53;2;55
shipschedule6shipsmixi;1206151;-301650.000000;713.080672;9;106;3;109
shipschedule8shipsmixuci;1206151;-401100.000000;523.185400;11;90;5;95
shs1014;1206151;22137.410363;320.475000;1;38018;17;38035
shs1042;1206151;10404.662711;568.781970;1;35120;19;35139
siena1;1206151;10163179.229002;146.859338;1;1391;1;1392
sing11;1206151;18640171.224643;243.132649;1;7114;4;7118
sing161;1206151;19071259.113926;685.480441;1;72591;19;72610
sing17;1206151;35483848.876513;472.456436;1;26196;11;26207
sing2;1206151;17150914.716940;256.737979;1;1760;1;1761
sing245;1206151;25024015.754083;395.965975;1;12492;7;12499
sing326;1206151;7717674.801189;172.968798;1;2551;2;2553
sing359;1206151;22534478.962498;889.129081;1;83031;18;83049
sing44;1206151;8102513.219400;139.469372;1;2971;2;2973
sing5;1206151;18418516.013137;236.754039;1;3101;4;3105
snip10x10-35r1budget17;1206151;30.000000;3.224794;2;1461;1;1462
snp-02-004-104;1206151;567161691.779774;7.604965;5;5979;0;5979
snp-04-052-052;1206151;745047104.038887;733.799382;6;4616;4;4620
snp-06-004-052;1206151;1831976376.522612;31.156229;2;8488;0;8488
snp-10-004-052;1206151;5961214167.823297;42.379535;6;19765;2;19767
snp-10-052-052;1206151;5996763115.125915;1683.882989;6;22122;8;22130
sorrell3;1206151;-12.000000;-0.000000;3;382;0;382
sorrell4;1206151;-17.000000;-0.000000;3;1024;2;1026
sorrell7;1206151;-144.000000;0.000000;3;14483;0;14483
sorrell8;1206151;-273.000000;0.000000;3;199;0;199
sp150x300d;1206151;71.000000;0.000000;2;0;0;0
sp97ar;1206151;867029478.960000;1.000000;4;402;6;408
sp97ic;1206151;623488906.560000;-0.000000;3;338;4;342
sp98ar;1206151;634927496.235813;1.298245;4;494;9;503
sp98ic;1206151;693891285.120000;1.567210;4;342;5;347
sp98ir;1206151;306178309.204882;6.691780;4;44;1;45
splice1k1;1206151;-3.068619;1.426914;2;33392;20;33412
splice1k1i;1206151;-1646.777979;134.969052;1;14231;3;14234
square23;1206151;8.333333;12.444444;1;96;1;97
square31;1206151;8.500000;13.750000;1;587;4;591
square37;1206151;8.666667;13.666667;1;1302;9;1311
square41;1206151;8.839612;15.068891;1;2332;15;2347
square47;1206151;8.755814;15.976744;1;6135;26;6161
stoch-vrpvrp-s5v2c8vrp-v2c8i;1206151;0.000000;90.875770;2;18;0;18
stockholm;1206151;174.000000;-0.000000;2;441;0;441
stp3d;1206151;564.338735;444.506671;2;23792;11;23803
sts405;1206151;357.000000;0.000000;3;545;2;547
sts729;1206151;665.000000;0.000000;3;3303;6;3309
supportcase1;1206151;20078.000000;0.020832;2;261;4;265
supportcase10;1206151;3.383924;971.624635;2;8999;5;9004
supportcase11;1206151;-14.281996;0.000000;1;3;0;3
supportcase12;1206151;-7559.533054;69.511088;1;1680;0;1680
supportcase14;1206151;272.000000;7.333333;1;1;0;1
supportcase16;1206151;272.000000;7.333333;1;1;0;1
supportcase17;1206151;0.000000;32.284011;2;5;0;5
supportcase18;1206151;87.000000;9.141806;2;42;0;42
supportcase19;1206151;12677206.000000;370.390975;1;25953;62;26015
supportcase2;1206151;0.000000;4.750000;1;8303;49;8352
supportcase20;1206151;108889.000000;0.000000;2;16;0;16
supportcase23;1206151;-12952.000000;617.629502;1;1717;0;1717
supportcase25;1206151;0.036932;10.829622;1;96;0;96
supportcase26;1206151;1288.102161;0.009948;2;1;0;1
supportcase27i;1206151;0.000000;93.694826;2;8;0;8
supportcase3;1206151;0.000000;403.282880;3;220;1;221
supportcase30;1206151;0.000000;102.857020;1;69;0;69
supportcase31;1206151;79524.180000;4.000000;2;2003;53;2056
supportcase33;1206151;-465.000000;28.172772;2;103;0;103
supportcase34;1206151;72.664116;196.140621;1;456;1;457
supportcase35;1206151;174371.000000;0.000000;2;94;0;94
supportcase37;1206151;-5803.552159;23.221484;2;955;0;955
supportcase39;1206151;-1062330.369524;22.808785;5;92;7;99
supportcase4;1206151;0.000000;202.915359;3;157;0;157
supportcase40;1206151;22536.483379;19.000000;1;235;0;235
supportcase41;1206151;28.000000;36.047859;2;598;0;598
supportcase42;1206151;7.343539;48.081295;1;1660;2;1662
supportcase43;1206151;0.000000;48.147044;2;48818;3;48821
supportcase6;1206151;45090.732163;29.123967;1;1463;7;1470
supportcase7;1206151;-2396.218213;53.147310;2;1354;0;1354
swath;1206151;334.496858;2.200000;1;36;0;36
swath1;1206151;334.496858;0.600000;1;31;0;31
swath2;1206151;334.496858;0.700000;1;28;0;28
swath3;1206151;334.496858;0.800000;1;28;0;28
t1717;1206151;134531.021428;79.098998;1;221;1;222
t1722;1206151;98815.407611;52.399108;1;117;0;117
ta1-UUM;1206151;3693674.556772;4.303412;1;5;0;5
ta2-UUE;1206151;41427354.755773;0.680983;2;183;0;183
tanglegram1;1206151;0.000000;46.000000;1;3;0;3
tanglegram2;1206151;1.000000;26.500000;1;1;0;1
tanglegram4;1206151;4.000000;71.000000;1;3;0;3
tanglegram6;1206151;0.000000;33.500000;1;1;0;1
tbfp-bigm;1206151;-178.153988;30.000000;1;137;0;137
tbfp-network;1206151;23.261535;31.000000;1;775;3;778
Test3;1206151;2671255.210245;12.061384;1;105;0;105
thor50dday;1206151;203930.000000;0.000000;2;218;3;221
timtab1;1206151;1219185.333333;17.766667;2;0;0;0
timtab1CUTS;1206151;613590.095426;34.399586;2;3;0;3
timtab2;1206151;1602354.333333;29.200000;2;1;0;1
tokyometro;1206151;4658.136055;267.420569;3;93;0;93
toll-like;1206151;28.000000;229.000000;1;38;0;38
tpl-tub-ss16;1206151;8118583.328716;1889.575939;4;87408;189;87597
tpl-tub-ws1617;1206151;10765092.807538;2191.381057;4;102647;239;102886
tr12-30;1206151;188435.464884;3.580258;2;2;0;2
traininstance2;1206151;0.000000;8.029580;2;38;0;38
traininstance6;1206151;0.000000;3.486662;2;31;0;31
transportmoment;1206151;-55084931301.156029;426.403696;2;185;0;185
trento1;1206151;5182758.848056;76.321422;1;512;0;512
triptim1;1206151;22.921100;1825.087353;3;7098;8;7106
triptim2;1206151;11.878757;549.675189;3;11905;8;11913
triptim3;1206151;14.147151;635.932223;3;10062;8;10070
triptim4;1206151;9.526100;370.406250;3;10669;8;10677
triptim7;1206151;3080.288157;494.758033;2;11398;6;11404
triptim8;1206151;3074.310409;490.021225;2;13561;5;13566
tw-myciel4;1206151;22.000000;71.524648;6;186;1;187
uc-case11;1206151;611621.305979;111.729871;1;2641;0;2641
uc-case3;1206151;7181.432113;95.258578;3;1924;1;1925
uccase10;1206151;38995.965187;400.440843;1;2626;2;2628
uccase12;1206151;11507.474829;29.321333;3;2261;3;2264
uccase7;1206151;26527.823515;162.338874;1;3601;0;3601
uccase8;1206151;11142.163196;63.982247;1;1513;0;1513
uccase9;1206151;10819.582996;76.021210;1;901;0;901
uct-subprob;1206151;242.000000;57.638355;1;63;0;63
umts;1206151;43380098.519492;76.628947;2;18;0;18
unitcal_7;1206151;19450489.742819;144.660904;6;904;1;905
usAbbrv-8-25_70;1206151;95.000000;101.721317;3;7;0;7
usafa;1206151;178.602081;3104.483345;2;45627;27;45654
v150d30-2hopcds;1206151;54.000000;-0.000000;3;114;1;115
van;1206151;3.717453;12.910186;1;8193;0;8193
var-smallemery-m6j6;1206151;-156.056268;89.220998;2;806;4;810
vpm2;1206151;15.721505;3.393512;2;0;0;0
vpphard;1206151;0.000000;127.270065;1;75;1;76
vpphard2;1206151;0.000000;236.643537;1;105;1;106
wachplan;1206151;-9.000000;66.068516;1;9;0;9
wnq-n100-mw99-14;1206151;224.318143;77.196581;2;128;0;128
xmas10-2;1206151;-537.008669;157.129457;1;230;0;230
xmas10;1206151;-537.008669;157.318400;1;192;0;192
z26;1206151;-968.000000;-0.000000;3;13045;8;13053
zeil;1206151;813.510308;818.615660;1;86868;5;86873
zib54-UUE;1206151;19164366.000000;-0.000000;2;51;0;51