Instance;Seed;Cost;Fractionality;Rounds;LPtime(ms);ZItime(ms);SumLPZI(ms)
10teams;0;917.000000;36.587901;1;30;0;30
22433;0;21552.708079;24.962328;5;5;0;5
23588;0;8342.863244;17.617619;4;2;0;2
2club200v15p5scn;0;-100.423077;39.038462;5;133;2;135
30n20b8;0;5530.000000;41.625765;2;143;0;143
30_70_45_05_100;0;67.000000;-0.000000;5;800;2;802
30_70_45_095_100;0;48.000000;-0.000000;5;707;2;709
30_70_45_095_98;0;384.000000;-0.000000;6;870;3;873
50v-10;0;1493601.476062;-0.000000;2;5;0;5
a1c1s1;0;20885.065088;0.498062;2;8;0;8
a2c1s1;0;21087.746318;-0.000000;2;7;0;7
ab51-40-100;0;-437558462.000004;11.050000;2;404;1;405
ab67-40-100;0;-11186253442.000000;0.000000;1;316;0;316
ab69-40-100;0;-11186281442.000000;0.000000;1;295;0;295
ab71-20-100;0;-2390446504.400002;12.500000;2;222;0;222
ab72-40-100;0;-11186620442.000000;0.000000;1;344;0;344
academictimetablebig;0;427.000000;1969.364079;2;35229;18;35247
academictimetablesmall;0;0.000000;292.436400;2;216;2;218
acc-tight2;0;0.000000;120.187623;1;25;0;25
acc-tight4;0;0.000000;120.929764;1;24;0;24
acc-tight5;0;0.000000;103.994633;1;172;0;172
acc-tight6;0;0.000000;101.648651;1;178;0;178
adult-max5features;0;10710.000597;0.023689;2;907;7;914
adult-regularized;0;7841.000000;0.000000;3;1993;9;2002
aflow30a;0;1402.717622;2.301497;3;1;0;1
aflow40b;0;1129.417647;2.760099;3;6;0;6
air03;0;338864.250000;11.375000;1;58;0;58
air04;0;55535.436388;51.829962;1;171;0;171
air05;0;25877.609268;45.880497;1;121;0;121
aligninq;0;2755.000000;40.921868;7;14;0;14
allcolor10;0;1802.284773;270.271003;3;100;1;101
allcolor58;0;7158.427015;1797.339216;3;786;7;793
amaze22012-03-15i;0;0.000000;60.779484;2;82;2;84
amaze22012-06-28i;0;0.000000;31.445788;2;27;0;27
amaze22012-07-04i;0;0.000000;42.838914;2;40;0;40
app1-1;0;-2.000000;1.945752;2;6;0;6
app1-2;0;-23.000000;1.399234;3;304;1;305
app2-1;0;19294.250000;0.000000;2;22;0;22
app2-2;0;212092.500000;0.000000;2;1;0;1
app3;0;5627412.287938;3.142492;1;8;0;8
arki001;0;7579621.830840;15.454670;1;31;0;31
assign1-10-4;0;353.992926;52.000000;1;33;0;33
assign1-5-8;0;183.362555;24.000000;1;2;0;2
atlanta-ip;0;81.321096;294.518627;2;5432;2;5434
atm20-100;0;2141734.684878;120.774021;2;88;0;88
australia-abs-cta;0;0.000000;41.456087;1;59;0;59
b-ball;0;-1.818182;4.818182;1;0;0;0
b1c1s1;0;69995.090000;-0.000000;2;7;0;7
b2c1s1;0;69710.660000;-0.000000;2;13;0;13
bab1;0;-228225.182825;27.775000;1;99;0;99
bab2;0;-333527.631000;251.166667;2;10889;17;10906
bab3;0;-570105.793583;410.027865;2;28142;41;28183
bab5;0;-106670.400850;101.900000;2;580;2;582
bab6;0;-247189.899525;444.182540;2;5669;11;5680
bc;0;13.915046;0.268421;2;99;0;99
bc1;0;4.550543;0.028778;2;91;0;91
beasleyC1;0;102.000000;0.000000;2;2;0;2
beasleyC2;0;232.000000;0.000000;2;4;0;4
beasleyC3;0;951.000000;-0.000000;2;3;0;3
beavma;0;395292.332242;3.472328;2;1;0;1
berlin;0;1951.000000;0.000000;2;29;0;29
berlin_5_8_0;0;52.000000;56.334191;3;2;0;2
bg512142;0;506799.440536;51.840309;3;29;0;29
biella1;0;3060037.430763;98.993456;1;249;0;249
bienst1;0;11.724138;4.390524;1;2;0;2
bienst2;0;11.724138;5.390524;1;2;0;2
binkar10_1;0;6637.188027;9.084811;1;7;0;7
blend2;0;7.489992;0.686573;2;0;0;0
bley_xl1;0;265.338492;317.245986;8;19903;27;19930
bley_xs1;0;47020884.968217;85.931545;3;75;0;75
bley_xs1noM;0;51435831.085758;85.192705;2;64;0;64
bley_xs2;0;30478761.025431;42.229522;12;12;1;13
blp-ar98;0;9174.508280;11.800505;21;100;28;128
blp-ic97;0;5423.588709;1.337703;12;73;8;81
blp-ic98;0;6879.499245;1.657910;4;118;5;123
blp-ir98;0;3350.173368;3.875758;3;42;1;43
bmocbd3;0;45423160382.724037;0.000000;2;17639;12;17651
bmoipr2;0;-46628940.711029;7.840017;1;60;0;60
bnatt350;0;0.000000;109.731023;17;110;2;112
bnatt400;0;0.000000;124.271041;12;100;1;101
bppc4-08;0;51.590000;10.603204;1;20;0;20
bppc6-02;0;108.340000;11.296538;1;130;0;130
bppc6-06;0;200.633333;13.595370;1;147;0;147
bppc8-02;0;486.500000;3.194588;1;1;0;1
bppc8-09;0;444.436047;4.775100;1;3;0;3
brasil;0;32311.000000;0.000000;2;28;0;28
brazil3;0;2.000000;303.450558;1;228;0;228
breastcancer-regularized;0;105.150036;0.002191;2;7;0;7
bts4-cta;0;33524.637606;1130.000000;1;561;0;561
buildingenergy;0;33246.215059;1468.850000;2;15700;5;15705
cap6000;0;-2446875.000000;0.000000;3;40;0;40
cbs-cta;0;0.000000;29.948722;1;119;0;119
cdc7-4-3-2;0;-231.000000;-0.000000;3;36346;5;36351
chromaticindex1024-7;0;4.000000;16002.682953;2;2326;10;2336
chromaticindex128-5;0;4.000000;2021.163699;2;159;1;160
chromaticindex256-8;0;4.000000;4069.477083;2;388;2;390
chromaticindex32-8;0;4.000000;504.887500;2;17;0;17
chromaticindex512-7;0;4.000000;8183.527137;2;1038;4;1042
ci-s4;0;17.644894;41.309507;2;10;0;10
circ10-3;0;140.000000;209.309855;1;2041;1;2042
cmflsp40-24-10-7;0;52605868.952858;70.700930;3;368;0;368
cmflsp40-36-2-10;0;72898024.959478;295.649246;3;804;0;804
cmflsp50-24-10-4;0;64492612.641644;81.236085;3;344;0;344
cmflsp50-24-8-8;0;59814378.749021;131.869460;3;419;0;419
cmflsp60-36-2-6;0;97887903.946142;370.689759;3;1825;0;1825
CMS750_4;0;250.000000;227.976728;3;75;1;76
co-100;0;1246685.546783;10.401691;2;385;9;394
cod105;0;-8.000000;0.000000;3;503;1;504
comp07-2idx;0;0.000000;114.416667;2;2267;2;2269
comp08-2idx;0;0.000000;164.617047;3;258;2;260
comp12-2idx;0;3.000000;261.572878;1;1272;0;1272
comp16-3idx;0;4.000000;719.325252;1;7619;2;7621
comp21-2idx;0;0.000000;282.023529;3;475;1;476
control30-3-2-3;0;-20763026.787568;27.970540;1;3;0;3
core2536-691;0;783.000000;-0.000000;3;727;2;729
core2586-950;0;1169.000000;0.000000;3;617;1;618
core4284-1064;0;1272.000000;0.000000;3;2795;3;2798
core4872-1529;0;1851.000000;-0.000000;3;1679;3;1682
cost266-UUE;0;42001606.280000;-0.000000;2;53;0;53
cov1075;0;35.000000;0.000000;2;5;0;5
cryptanalysiskb128n5obj16;0;0.000000;5004.982410;128;1119;254;1373
csched007;0;269.251587;22.185714;1;33;0;33
csched008;0;171.000000;19.317572;1;9;0;9
csched010;0;332.422727;19.898990;1;30;0;30
cvrpa-n64k9vrpi;0;0.000000;157.478224;2;436;5;441
cvrpb-n45k5vrpi;0;0.000000;112.631845;2;223;2;225
cvrpp-n16k8vrpi;0;0.000000;39.002948;1;38;0;38
cvrpsimple2i;0;0.000000;19.221758;2;3;0;3
cvs08r139-94;0;-16.000000;66.000000;3;16;0;16
cvs16r106-72;0;-2.000000;71.000000;2;31;0;31
cvs16r128-89;0;-2.000000;88.000000;2;37;0;37
cvs16r70-62;0;-0.000000;62.000000;2;41;0;41
cvs16r89-60;0;-0.000000;60.000000;2;30;0;30
d10200;0;12425.583005;32.097057;1;43;0;43
d20200;0;12229.625788;62.339279;1;331;0;331
dale-cta;0;0.000000;0.004722;1;239;0;239
dano3mip;0;576.231620;15.297311;1;1966;0;1966
dano3_3;0;576.231620;1.932181;1;2250;0;2250
dano3_5;0;576.231620;2.871834;1;2268;0;2268
danoint;0;62.637280;5.819184;1;18;0;18
dc1c;0;1754946.863638;140.030585;1;287;0;287
dc1l;0;211357921.003601;0.000000;3;816;14;830
dcmulti;0;184917.234283;12.662065;3;2;0;2
decomp1;0;-120.000000;141.777778;1;36;0;36
decomp2;0;-160.000000;141.944444;1;41;0;41
dfn-bwin-DBE;0;797567.400000;0.000000;2;40;0;40
dfn-gwin-UUM;0;27467.257235;5.653537;1;1;0;1
dg012142;0;7485691.825683;37.560751;5;120;0;120
diameterc-mstc-v20a190d5i;0;291.000000;259.843574;3;90;1;91
diameterc-msts-v40a100d5i;0;324.000000;323.866618;3;56;1;57
disctom;0;-5000.000000;51.166667;1;195;0;195
disktom;0;-5000.000000;51.166667;1;191;0;191
dolom1;0;6556066.068315;111.218954;1;463;1;464
drayage-100-12;0;91134.076080;36.725496;1;51;0;51
drayage-100-23;0;103333.874073;41.554651;1;43;0;43
drayage-25-23;0;99718.790531;43.797371;1;41;0;41
drayage-25-27;0;95207.144904;44.816549;1;41;0;41
drayage-25-32;0;88256.306534;46.545775;1;53;0;53
ds-big;0;86.820068;30.669231;1;7359;21;7380
ds;0;57.234565;33.463549;1;940;7;947
dws008-01;0;2954.537147;2.158177;2;64;0;64
dws008-03;0;3277.007696;7.647345;2;141;1;142
dws012-01;0;5179.177491;3.971756;2;98;1;99
dws012-02;0;4796.532110;20.386873;3;242;4;246
dws012-03;0;4894.656489;18.648543;3;367;10;377
eil33-2;0;811.278996;3.615630;1;36;0;36
eilA101-2;0;803.373888;7.408683;1;875;6;881
eilB101;0;1075.247691;12.807028;1;22;0;22
eilC76-2;0;725.754458;7.780208;1;278;2;280
ej;0;1.000000;0.243844;1;0;0;0
elitserienhandball11i;0;0.000000;866.305983;2;505;1;506
elitserienhandball13i;0;0.000000;853.141952;2;453;1;454
elitserienhandball14i;0;0.000000;883.858328;2;398;1;399
elitserienhandball3i;0;0.000000;887.935483;2;453;1;454
enlight13;0;1.000000;1.000000;1;0;0;0
enlight15;0;1.000000;1.000000;1;0;0;0
enlight8;0;1.000000;1.000000;1;0;0;0
enlight_hard;0;15.500000;17.000000;1;0;0;0
eva1aprime5x5opt;0;-497.155823;0.512833;1;349;0;349
eva1aprime6x6opt;0;-495.398833;1.465785;1;1496;0;1496
ex10;0;100.000000;98.000000;1;18735;5;18740
ex1010-pi;0;314.000000;0.000000;3;493;2;495
ex9;0;81.000000;75.601201;1;1818;2;1820
exp-1-500-5-5;0;97666.305541;4.045842;2;2;0;2
f2000;0;1383.000000;1280.000000;2;3471;0;3471
f2gap201600;0;76429.862296;1.402159;1;3;0;3
f2gap401600;0;82274.237434;1.190020;1;3;0;3
f2gap40400;0;20650.898154;3.253580;1;1;0;1
f2gap801600;0;86570.120867;5.266841;1;4;0;4
fast0507;0;205.000000;-0.000000;3;203;3;206
fastxgemm-n2r6s0t2;0;27.000000;9.000000;1;28;0;28
fastxgemm-n2r7s4t1;0;27.000000;9.000000;1;32;0;32
fastxgemm-n3r21s3t6;0;84.000000;27.000000;1;2399;0;2399
fastxgemm-n3r22s4t6;0;84.000000;27.000000;1;2576;0;2576
fastxgemm-n3r23s5t6;0;84.000000;27.000000;1;2574;0;2574
fhnw-binpack4-48;0;0.000000;333.285714;2;122;0;122
fhnw-binpack4-58;0;0.000000;467.321429;2;135;0;135
fhnw-binpack4-77;0;0.000000;207.310714;2;118;0;118
fhnw-binschedule0;0;15642.000000;1053.297818;2;19371;28;19399
fhnw-binschedule2;0;2273.000000;211.693788;3;436;4;440
fhnw-schedule-paira100;0;-36.643681;5.149215;2;131;0;131
fhnw-schedule-paira200;0;-73.826479;8.940825;2;252;3;255
fhnw-schedule-paira400;0;-146.941079;19.266221;2;1187;12;1199
fhnw-schedule-pairb200;0;-58.887041;815.939903;3;2127;3;2130
fhnw-schedule-pairb400;0;-109.169750;2783.836162;3;12611;13;12624
fhnw-sq2;0;0.000000;14.223792;1;5;0;5
fiball;0;137.069168;86.665577;1;130;1;131
fiber;0;897538.360000;12.574421;2;3;0;3
fillomino7x7-0i;0;0.000000;330.286888;2;63;0;63
fixnet6;0;4536.000000;0.000000;2;1;0;1
fjspeasy01i;0;216.000000;1.364719;2;63;0;63
flugpl;0;1167875.166377;2.785325;1;0;0;0
g200x740;0;45614.000000;-0.000000;2;3;0;3
g200x740i;0;44069.000000;-0.000000;2;3;0;3
gasprod1-1;0;9698.001669;26.648753;6;444;1;445
gasprod1-2;0;12418.693782;43.662702;18;287;2;289
gasprod1-3;0;13830.718570;40.837432;64;288;10;298
gasprod2-1;0;1510393.402354;44.156867;6;1004;1;1005
gasprod2-2;0;1355909.537507;297.110788;36;1643;14;1657
gen-ip002;0;-511.036897;0.000000;3;0;0;0
gen-ip016;0;-9505.628173;1.906914;1;0;0;0
gen-ip021;0;6642.052620;2.217259;4;0;0;0
gen-ip036;0;-2162.833562;0.000000;3;0;0;0
gen-ip054;0;7350.684932;1.502477;8;0;0;0
gen;0;112555.106141;0.427450;2;1;0;1
genus-g31-8;0;-27.000000;114.000000;1;1016;1;1017
genus-g61-25;0;-58.000000;241.704715;1;562;2;564
genus-sym-g31-8;0;-27.000000;147.317165;2;3061;4;3065
genus-sym-g62-2;0;-54.000000;236.618889;1;25092;1;25093
genus-sym-grafo5708-48;0;-27.000000;159.026027;2;1511;0;1511
ger50-17-ptp-pop-3t;0;3466.323207;45.213645;1;118;0;118
ger50-17-ptp-pop-6t;0;6804.447088;50.477969;1;88;0;88
ger50-17-trans-dfn-3t;0;3453.475245;37.741927;1;160;1;161
ger50-17-trans-pop-3t;0;3456.252922;49.487013;1;154;1;155
ger50_17_trans;0;6850.628623;48.226110;1;147;1;148
germanrr;0;47650759.157540;58.297944;3;701;3;704
germany50-DBM;0;438028.000000;21.150000;1;131;0;131
germany50-UUM;0;597932.500000;26.450000;1;38;0;38
gesa2-o;0;25748173.191117;13.380406;2;3;0;3
gesa2;0;25502855.039680;8.989886;1;5;0;5
gfd-schedulen180f7d50m30k18-16i;0;22.033333;4323.065856;3;9416;145;9561
gfd-schedulen180f7d50m30k18;0;1.000000;6089.615745;5;4920;30;4950
gfd-schedulen25f5d20m10k3i;0;3.000000;26.483490;2;82;0;82
gfd-schedulen55f2d50m30k3i;0;4.000000;199.835377;2;222;3;225
ghoulomb4-9-10i;0;9.000000;9.160150;2;75;1;76
glass-sc;0;23.000000;0.000000;3;123;1;124
glass4;0;800002400.000000;8.568254;1;0;0;0
gmu-35-40;0;-2406943.556343;2.300342;1;3;0;3
gmu-35-50;0;-2608070.315743;3.444186;1;6;0;6
gmut-75-50;0;-14182312.661731;4.988967;1;544;3;547
gmut-76-40;0;-14171086.316075;9.054451;1;287;1;288
gmut-76-50;0;-14173884.188063;4.201959;1;303;3;306
gmut-77-40;0;-14173396.636852;2.973250;1;357;1;358
go19;0;96.000000;-0.000000;3;4;0;4
gr4x6;0;229.050000;-0.000000;2;0;0;0
graph20-20-1rand;0;-37.000000;43.000000;1;44;0;44
graph20-80-1rand;0;-110.000000;120.050000;2;1280;2;1282
graph40-20-1rand;0;-157.000000;171.500000;1;4073;2;4075
graph40-40-1rand;0;-300.000000;326.969290;1;88362;9;88371
graphdraw-domain;0;12672.000000;18.742857;1;2;0;2
graphdraw-gemcutter;0;4310.000000;12.048387;2;1;0;1
graphdraw-grafo2;0;35762.000000;342.865217;1;808;3;811
graphdraw-mainerd;0;30496.000000;117.161290;1;83;0;83
graphdraw-opmanager;0;54717.000000;236.310976;1;380;1;381
gsvm2rl11;0;35640.343493;0.000000;2;356;0;356
gsvm2rl12;0;50.000000;-0.000000;2;680;0;680
gsvm2rl3;0;0.600000;-0.000000;2;3;0;3
gsvm2rl5;0;10.000000;-0.000000;2;8;0;8
gsvm2rl9;0;16356.825869;0.000000;2;61;0;61
gt2;0;21166.000000;4.130952;2;0;0;0
h50x2450;0;11147.731511;3.696751;1;40;0;40
h80x6320;0;3700.000000;0.000000;1;26;0;26
h80x6320d;0;5325.160104;2.515625;1;36;0;36
hanoi5;0;1931.000000;245.237539;25;339;4;343
haprp;0;3679667.254486;41.766595;2;4;0;4
harp2;0;-74325169.345138;5.496152;1;2;0;2
hgms-det;0;-53793.320679;37.099950;1;206;0;206
hgms30;0;-53327.995245;51.804834;1;7410;0;7410
hgms62;0;-53394.446147;54.735370;1;13953;0;13953
hypothyroid-k1;0;-2846.896104;38.365286;3;7115;7;7122
ic97_potential;0;4058.000000;55.450000;2;3;0;3
ic97_tension;0;3975.000000;15.366667;2;1;0;1
icir97_potential;0;6585.000000;169.917232;2;35;0;35
icir97_tension;0;6309.000000;102.600000;2;3;0;3
iis-100-0-cov;0;41.000000;0.000000;3;94;0;94
iis-bupa-cov;0;49.000000;-0.000000;3;158;0;158
iis-glass-cov;0;28.000000;0.000000;3;114;1;115
iis-hc-cov;0;22.000000;0.000000;3;195;3;198
iis-pima-cov;0;41.000000;-0.000000;3;210;1;211
irp;0;12123.530222;6.000000;1;80;1;81
istanbul-no-cutoff;0;62.541409;3.968407;1;288;0;288
ivu06-big;0;135.427718;95.799872;1;53284;153;53437
ivu06;0;135.901353;96.981489;1;14129;54;14183
ivu52;0;480.250439;82.514521;1;6028;13;6041
ivu59;0;884.456993;122.994949;1;206329;213;206542
janos-us-DDM;0;1488134.750000;22.375000;1;7;0;7
k16x240;0;11359.000000;0.000000;2;1;0;1
k16x240b;0;12874.000000;0.000000;2;0;0;0
k1mushroom;0;-3747.840298;42.576586;3;21040;22;21062
k1mushroomi;0;-4165.061224;64.102041;1;15045;3;15048
khb05250;0;126785464.000000;0.000000;2;1;0;1
l2p12;0;2.000000;842.371092;3;208;1;209
l2p1i;0;1.000000;607.693224;2;914;20;934
l2p2i;0;1.000000;837.619694;2;119;1;120
lectsched-1-obj;0;36.000000;28.046924;4;237;3;240
lectsched-1;0;0.000000;6.882322;2;162;1;163
lectsched-2;0;0.000000;20.773169;4;96;1;97
lectsched-3;0;0.000000;4.358796;9;148;5;153
lectsched-4-obj;0;3.000000;11.616600;4;45;0;45
lectsched-5-obj;0;15.000000;51.920712;3;135;1;136
leo1;0;530605779.573215;2.950107;3;65;1;66
leo2;0;572818097.713015;1.549961;3;109;2;111
liu;0;346.000000;11.204653;2;4;0;4
loopha13;0;6.279000;1.132999;2;180;0;180
lotsize;0;1335747.052789;7.405615;2;6;0;6
lr1dr02vc05v8a-t360;0;120707.344638;169.266715;1;894;0;894
lr1dr04vc05v17a-t360;0;247150.518188;322.854834;1;1656;1;1657
lr1dr12vc10v70b-t360;0;983958.597196;1051.434951;1;47957;9;47966
lr2-22dr3-333vc4v17a-t60;0;-72770.836006;244.127587;2;38136;10;38146
lrn;0;44373752.713965;53.546052;2;501;0;501
m100n500k4r1;0;-18.000000;0.000000;3;9;0;9
macrophage;0;35.000000;209.000000;1;6;0;6
mad;0;0.000000;3.404256;1;1;0;1
manna81;0;-11868.000000;0.000000;3;43;0;43
map06;0;-406.181173;7.868443;1;1063;0;1063
map10;0;-602.176181;11.248146;1;948;0;948
map14;0;-778.549324;11.962355;1;1034;0;1034
map14860-20;0;-998.836419;10.400693;1;1234;0;1234
map16715-04;0;-296.267898;4.997036;1;1018;0;1018
map18;0;-932.782685;11.173489;1;1322;0;1322
map20;0;-998.836419;10.400693;1;1223;0;1223
mappingmesh3x3mpeg2i;0;10000.000000;151.684473;2;22;0;22
mario-t-hard5i;0;-4482.000000;162.376472;1;147;1;148
markshare1;0;230.000000;-0.000000;2;0;0;0
markshare2;0;454.000000;0.000000;2;0;0;0
markshare_4_0;0;226.000000;0.000000;2;0;0;0
markshare_5_0;0;337.000000;0.000000;2;0;0;0
mas74;0;10482.795280;3.103514;1;1;0;1
mas76;0;38893.903641;2.555097;1;1;0;1
maxgasflow;0;-53620694.316699;233.514091;2;52;0;52
mc11;0;13520.000000;-0.000000;2;32;0;32
mc7;0;5797.000000;-0.000000;2;27;0;27
mc8;0;1944.000000;-0.000000;2;49;0;49
mcsched;0;474351.816438;29.021488;2;148;0;148
methanosarcina;0;0.000000;282.500000;1;64;0;64
mik-250-1-100-1;0;-0.000000;0.000000;2;1;0;1
mik-250-20-75-1;0;0.000000;0.000000;2;2;0;2
mik-250-20-75-2;0;-0.000000;-0.000000;2;2;0;2
mik-250-20-75-3;0;-0.000000;-0.000000;2;2;0;2
mik-250-20-75-4;0;-0.000000;-0.000000;2;2;0;2
mik-250-20-75-5;0;0.000000;-0.000000;2;2;0;2
milo-v12-6-r1-58-1;0;422507.582835;144.971323;2;135;0;135
milo-v12-6-r1-75-1;0;684446.509887;174.270141;2;194;0;194
milo-v12-6-r2-40-1;0;213638.744473;104.472692;2;76;0;76
milo-v13-4-3d-3-0;0;23373.122645;0.739975;1;16;0;16
milo-v13-4-3d-4-0;0;34049.245605;1.277727;1;30;0;30
mine-166-5;0;-552883467.060796;36.684884;5;129;0;129
mine-90-10;0;-827656854.061004;55.076435;1;79;0;79
mining;0;-885911894.603839;8594.317279;65;72245;1292;73537
minutedispatchstrategy;0;3582.138213;101.664381;1441;2175;578;2753
misc07;0;1415.000000;8.000000;1;2;0;2
mitre;0;114908.998992;168.716846;1;62;0;62
mkc;0;-339.570000;0.000000;3;33;0;33
mkc1;0;-579.270000;9.223228;3;37;0;37
mod010;0;6532.083333;15.166667;1;13;0;13
modglob;0;20786787.016883;-0.000000;2;1;0;1
moj-mining;0;-1520532907.350178;566.626558;2;47683;0;47683
momentum1;0;121860.460323;47.487111;2;133;0;133
momentum2;0;12884.172158;84.534262;3;570;2;572
mrcpspj30-15-5i;0;23.000000;129.522072;2;58;0;58
mrcpspj30-17-10i;0;25.000000;199.118709;38;118;15;133
mrcpspj30-53-3i;0;30.000000;45.671032;2;53;0;53
msc98-ip;0;19530897.712301;359.712140;2;1152;1;1153
mspp16;0;341.000000;3.000000;1;24046;134;24180
mspsphard01i;0;69.000000;43.936229;3;62;1;63
mspsphard03i;0;73.000000;88.703474;3;91;1;92
mtest4ma;0;60342.000000;0.000000;2;2;0;2
mushroom-best;0;0.079076;0.007000;3;237;3;240
mzzv11;0;-22076.000000;186.202623;2;283;1;284
mzzv42z;0;-20490.000000;179.192264;2;265;1;266
n13-3;0;4810470.000000;0.000000;2;2;0;2
n15-3;0;71710891.000000;0.000000;2;4932;0;4932
n2seq36f;0;71600.000000;-0.000000;3;36;0;36
n2seq36q;0;78631.821523;37.583580;3;139;3;142
n3-3;0;23704230.000000;0.000000;2;133;0;133
n3700;0;1342560.000000;0.000000;2;27;0;27
n3705;0;1342540.000000;0.000000;2;27;0;27
n3707;0;1301218.000000;0.000000;2;27;0;27
n3709;0;1324904.000000;-0.000000;2;31;0;31
n370a;0;1353042.000000;-0.000000;2;29;0;29
n370b;0;1373791.000000;-0.000000;2;27;0;27
n3div36;0;314000.000000;6.227888;3;131;3;134
n3seq24;0;198664.580534;43.960251;3;2359;46;2405
n4-3;0;12003175.000000;-0.000000;2;59;0;59
n5-3;0;10502425.000000;-0.000000;2;15;0;15
n6-3;0;10807500.000000;0.000000;2;48;0;48
n7-3;0;8409710.000000;0.000000;2;42;0;42
n9-3;0;20705025.000000;-0.000000;2;128;0;128
nag;0;465.000000;13.519045;3;52;0;52
neos-1061020;0;-145860.370608;501.435811;1;840;0;840
neos-1067731;0;669053.000000;87.000000;1;546;0;546
neos-1109824;0;278.000000;22.000000;1;37;0;37
neos-1112782;0;22000000110147.347656;0.000000;2;25;0;25
neos-1112787;0;19500000125389.667969;0.000000;2;24;0;24
neos-1122047;0;162.000000;0.000000;2;111;0;111
neos-1171448;0;-309.000000;5.777778;2;113;0;113
neos-1171692;0;-273.000000;4.936782;2;42;0;42
neos-1171737;0;-195.000000;9.875000;2;57;0;57
neos-1225589;0;5000000000.000000;-0.000000;2;1;0;1
neos-1311124;0;-182.000000;5.250000;2;4;0;4
neos-1324574;0;36.000000;135.000000;2;34;0;34
neos-1330346;0;35.000000;92.237431;2;63;0;63
neos-1337307;0;-201272.000000;272.493985;2;53;0;53
neos-1354092;0;46.000000;235.398385;2;1025;2;1027
neos-1367061;0;31320456.264497;6.250000;2;1353;1;1354
neos-1396125;0;3000.046554;10.228463;2;7;0;7
neos-1420546;0;22124.400000;103.140678;1;434;0;434
neos-1420790;0;2942.750002;75.132359;1;59;0;59
neos-1423785;0;-1773.639422;144.183541;2;345;0;345
neos-1425699;0;3175561447.505317;0.344988;1;0;0;0
neos-1426635;0;-178.000000;6.235119;2;2;0;2
neos-1426662;0;-52.000000;24.768519;2;5;0;5
neos-1429212;0;2425.386455;328.355033;1;4689;8;4697
neos-1430701;0;-78.000000;5.278895;2;2;0;2
neos-1436709;0;-129.000000;5.000000;2;4;0;4
neos-1440225;0;36.000000;35.209861;1;70;0;70
neos-1440460;0;-180.000000;5.527778;2;2;0;2
neos-1442119;0;-182.000000;7.291667;2;3;0;3
neos-1442657;0;-156.000000;6.083333;2;3;0;3
neos-1445532;0;-14382.000000;4.666667;2;24;0;24
neos-1445738;0;-18525.765543;192.856918;1;1043;0;1043
neos-1445743;0;-18902.810023;198.050465;1;1030;0;1030
neos-1445765;0;-18811.492536;210.050240;1;1149;0;1149
neos-1456979;0;154.000000;27.901173;1;40;0;40
neos-1516309;0;34769.833333;9.166667;2;28;0;28
neos-1582420;0;88.469527;56.693409;5;42;0;42
neos-1593097;0;19581.000000;35.532718;1;57;0;57
neos-1599274;0;31644.742857;8.000000;2;32;0;32
neos-1601936;0;1.000000;156.424985;1;684;0;684
neos-1603965;0;619257281.729079;159.275211;3;2107;1;2108
neos-1605061;0;6.150735;155.725970;1;2084;0;2084
neos-1605075;0;3.214461;180.849737;1;1775;0;1775
neos-1616732;0;174.000000;-0.000000;3;54;0;54
neos-1620770;0;22.000000;35.000000;2;188;0;188
neos-2294525-abba;0;251.550909;3.989993;1;93;0;93
neos-2328163-agri;0;27254.625000;57.595721;1;157;0;157
neos-2624317-amur;0;0.000000;20.419135;1;3;0;3
neos-2629914-sudost;0;39622.000000;15.000000;1;211;0;211
neos-2652786-brda;0;0.000000;17.502239;3;1;0;1
neos-2657525-crna;0;0.000000;22.230800;2;1;0;1
neos-2669500-cust;0;2221.900000;100.250838;1;441;4;445
neos-2746589-doon;0;1985.939796;54.551734;1;200;1;201
neos-2974461-ibar;0;472952396.770997;3364.000000;2;178808;31;178839
neos-2978193-inde;0;-2.418518;7.400000;1;57;0;57
neos-2978205-isar;0;-12.415307;30.200000;1;212;0;212
neos-2987202-jeir;0;-1847551552.236609;1035.632796;2;65498;1;65499
neos-2987310-joes;0;-610797465.676974;19.875000;1;979;0;979
neos-2991472-kalu;0;138.000000;18.269589;2;3138;87;3225
neos-3004026-krka;0;0.000000;832.000000;1;50;0;50
neos-3009394-lami;0;0.642857;216.628571;1;3;0;3
neos-3024952-loue;0;25442.000000;116.550000;5;236;0;236
neos-3025225-shelon;0;0.077135;318.031391;1;85267;18;85285
neos-3046601-motu;0;185.000000;0.023300;2;0;0;0
neos-3046615-murg;0;192.000000;0.024900;2;0;0;0
neos-3048764-nadi;0;-3883988306.366695;0.000000;1;44;0;44
neos-3065804-namu;0;0.000000;0.000000;1;211;0;211
neos-3068746-nene;0;77427529.530929;51.698455;2;156;0;156
neos-3072252-nete;0;10593526.000000;1.938794;2;1;0;1
neos-3075395-nile;0;1127152.765198;9.064729;1;78;0;78
neos-3083784-nive;0;0.000000;0.404553;1;10;0;10
neos-3083819-nubu;0;6290575.552807;5.598385;1;41;0;41
neos-3116779-oban;0;0.000000;0.000000;1;23;0;23
neos-3118745-obra;0;291.000000;-0.000000;3;4;0;4
neos-3148108-pahi;0;0.000000;0.000000;1;65;0;65
neos-3209462-rhin;0;0.000000;47.352227;2;4615;1;4616
neos-3209519-ruhr;0;332.850000;25.096416;1;48;0;48
neos-3214367-sovi;0;87807.062267;85.767665;1;1964;0;1964
neos-3216931-puriri;0;58817.360975;50.768945;1;876;0;876
neos-3226448-wkra;0;0.000000;512.043709;1;857;0;857
neos-3237086-abava;0;0.000000;56.000000;1;230;2;232
neos-3322547-alsek;0;616.000000;115.178534;2;11178;71;11249
neos-3352863-ancoa;0;43800.000000;-0.000000;3;765;16;781
neos-3354841-apure;0;48560.000000;3.800000;1;2429;25;2454
neos-3355120-tarago;0;-19761147.469026;129.355309;1;682;2;684
neos-3355323-arnon;0;0.000000;36.000000;3;79;3;82
neos-3372571-onahau;0;0.576990;8.695953;2;1216;0;1216
neos-3373491-avoca;0;21687686014.015354;20.812587;1;11;0;11
neos-3381206-awhea;0;432.000000;61.334767;2;6;0;6
neos-3402294-bobin;0;0.000000;49.310383;1;235;2;237
neos-3426085-ticino;0;235.000000;41.787470;3;34;0;34
neos-3426132-dieze;0;427.000000;103.670666;2;80;1;81
neos-3437289-erdre;0;0.000000;0.000000;1;82;1;83
neos-3530903-gauja;0;170.000000;33.253136;3;5;0;5
neos-3530905-gaula;0;153.000000;29.042208;2;6;0;6
neos-3555904-turama;0;-39.620698;1783.981601;2;5968;3;5971
neos-3572885-glina;0;0.000000;0.000000;1;83;1;84
neos-3581454-haast;0;1969.000000;47.338710;1;80;0;80
neos-3592146-hawea;0;7345804.855333;13.281253;1;44;0;44
neos-3594536-henty;0;383310.000000;1311.000000;1;74;1;75
neos-3603137-hoteo;0;0.000000;33.083333;3;45;1;46
neos-3610040-iskar;0;37.165417;2.262083;2;2;0;2
neos-3610051-istra;0;48.227558;5.104237;2;4;0;4
neos-3610173-itata;0;147.441250;3.692500;2;3;0;3
neos-3611447-jijia;0;116.645382;2.294795;2;2;0;2
neos-3611689-kaihu;0;138.382063;1.574126;2;2;0;2
neos-3615091-sutlej;0;-1506391.117177;161.684320;1;1802;8;1810
neos-3627168-kasai;0;1028641.180000;2.678667;2;3;0;3
neos-3634244-kauru;0;0.000000;152.720000;1;3733;3;3736
neos-3636886-kereu;0;1114.701601;0.001506;2;54;0;54
neos-3660371-kurow;0;286.534383;19.908718;1;13;0;13
neos-3661949-lesse;0;689000000.000000;0.000000;1;2;0;2
neos-3665875-lesum;0;248.325000;39.821583;2;71;0;71
neos-3682128-sandon;0;30098104.111687;108.126984;2;95;0;95
neos-3691541-lonja;0;-0.061575;9.639780;1;52;0;52
neos-3695882-vesdre;0;-145935.214286;39.000000;1;270;1;271
neos-3696678-lyvia;0;83.750000;63.000000;1;5;0;5
neos-3699377-maori;0;135877.224265;82.120524;2;98;0;98
neos-3703351-marne;0;317056.210386;73.319008;2;52;0;52
neos-3740487-motru;0;152.145486;76.975427;2;38111;66;38177
neos-3754480-nidda;0;-1216923.270104;12.186832;1;3;0;3
neos-3755335-nizao;0;50.030157;77.281035;2;524;1;525
neos-3759587-noosa;0;48.334468;4.240000;2;325;1;326
neos-3761878-oglio;0;422769.022545;66.971567;2;45;0;45
neos-3762025-ognon;0;603955.746492;47.328895;2;36;0;36
neos-4165869-wannon;0;285.150608;109.727085;2;507;1;508
neos-4230265-orari;0;38515515.684909;56.957317;3;2691;1;2692
neos-4260495-otere;0;3462.928116;162.093274;4;583;12;595
neos-4264598-oueme;0;4719412304.625630;65.571331;2;1909;0;1909
neos-4285819-pedja;0;34.451960;101.159938;2;284172;63;284235
neos-4290317-perth;0;3613303.634755;0.000000;2;1694;0;1694
neos-4295773-pissa;0;0.000000;1644.289474;1;5268;4;5272
neos-4300652-rahue;0;0.000000;32.000000;1;541;1;542
neos-4306827-ravan;0;-26673.307580;190.719995;2;316;4;320
neos-4321076-ruwer;0;1880.558333;39.333333;1;19673;1;19674
neos-4322846-ryton;0;0.419848;24.872919;1;674;5;679
neos-4332801-seret;0;233683.594384;172.099278;3;290;6;296
neos-4332810-sesia;0;-23062.998566;161.274117;3;275;6;281
neos-4333464-siret;0;24.688318;0.121324;2;10;0;10
neos-4333596-skien;0;-14653654.846569;0.746303;1;3;0;3
neos-4335793-snake;0;0.123684;141.753072;2;1488;1;1489
neos-4338804-snowy;0;1447.000000;20.890800;3;4;0;4
neos-4343293-stony;0;52.758728;0.200000;2;60;0;60
neos-4355351-swalm;0;33.854869;0.094819;2;168;4;172
neos-4358725-tagus;0;1889548.577948;203.435939;2;647;0;647
neos-4359986-taipa;0;0.395578;39.118149;1;1093;1;1094
neos-4360552-sangro;0;-29.500000;585.929612;1;8882;1;8883
neos-4387871-tavua;0;36.445048;0.200000;2;48;0;48
neos-4391920-timok;0;0.000378;34.957374;1;5677;5;5682
neos-4393408-tinui;0;340.267489;0.200000;2;43;0;43
neos-4408804-prosna;0;914.483516;71.708791;1;3259;1;3260
neos-4409277-trave;0;0.000000;350.162065;1;1920;1;1921
neos-4413714-turia;0;43.474651;375.032551;1;1803;11;1814
neos-4532248-waihi;0;0.370420;27.002838;1;6798;5;6803
neos-4533806-waima;0;3063.318841;49.500000;1;1026;5;1031
neos-4545615-waita;0;3606.594190;54.131913;1;17610;39;17649
neos-4555749-wards;0;3026.812121;34.982094;1;818;4;822
neos-4562542-watut;0;3743.304348;42.453118;1;2411;8;2419
neos-4647027-thurso;0;26911.641616;130.575703;1;2290;0;2290
neos-4647030-tutaki;0;26911.641616;131.360812;1;2842;0;2842
neos-4647032-veleka;0;26587.908699;174.943874;1;3457;0;3457
neos-4650160-yukon;0;-22633.302692;150.257047;1;4;0;4
neos-4722843-widden;0;63671.455263;748.515195;3;326;8;334
neos-4724674-aorere;0;3955.706101;89.034940;3;344;7;351
neos-4736745-arroux;0;262263446.114579;4.100609;2;34;0;34
neos-4738912-atrato;0;323678468.688703;3.843750;2;28;0;28
neos-4754521-awarau;0;0.000000;0.000000;1;1167;7;1174
neos-4760493-puerua;0;1908.243695;237.071976;1;33908;2;33910
neos-476283;0;406.244708;13.663873;1;6196;0;6196
neos-4763324-toguru;0;1120.986062;232.945926;1;34716;3;34719
neos-4797081-pakoka;0;0.000000;995.738455;1;6432;1;6433
neos-4805882-barwon;0;22058.983698;108.041076;3;193;1;194
neos-480878;0;515.138796;4.583278;2;15;0;15
neos-4954274-beardy;0;18659.208282;287.749893;2;936;2;938
neos-4954672-berkel;0;3491016.775148;2.808176;2;2;0;2
neos-4966258-blicks;0;366.090909;29.029987;2;1076;1;1077
neos-4971100-bodrog;0;0.000000;0.000000;1;47;0;47
neos-4972437-bojana;0;357.086296;28.918162;2;9230;3;9233
neos-4972461-bolong;0;466.511858;40.636307;2;6618;2;6620
neos-4976951-bunnoo;0;377.416466;25.855327;2;7476;2;7478
neos-4984115-canche;0;-9947088.084138;0.363560;1;11;0;11
neos-498623;0;16.283333;44.483796;1;85;0;85
neos-5013590-toitoi;0;1064.447092;169.000000;1;15864;1;15865
neos-5018451-chiese;0;-148612315.605332;10.652915;1;1803;0;1803
neos-503737;0;50.000000;47.918146;1;29;0;29
neos-5041822-cockle;0;5701464.927099;174.422554;3;831;4;835
neos-5044663-wairoa;0;4653100.000000;538.513042;1;17385;1;17386
neos-5045105-creuse;0;19.066671;18.227114;1;60;0;60
neos-5049753-cuanza;0;464.000000;46.400000;1;1858;2;1860
neos-5051588-culgoa;0;128.750000;30.632366;1;88;0;88
neos-5052403-cygnet;0;217.441067;86.382091;9;36978;200;37178
neos-506422;0;0.000000;5.671811;1;162;0;162
neos-506428;0;145945.000000;96.000000;1;881;3;884
neos-5075914-elvire;0;318.069363;54.936006;2;65;0;65
neos-5076235-embley;0;1930.000000;0.112088;2;471;0;471
neos-5078479-escaut;0;7438.416728;44.465727;2;54;0;54
neos-5079731-flyers;0;2004.000000;1.153846;2;445;0;445
neos-5083528-gimone;0;0.000000;14.500000;1;233;3;236
neos-5093327-huahum;0;3934.000000;1.858333;2;529;0;529
neos-5100895-inster;0;2084.000000;3.428571;2;308;0;308
neos-5102383-irwell;0;1740.000000;2.593407;2;542;0;542
neos-5104907-jarama;0;648.590198;45.766769;2;8098;3;8101
neos-5106984-jizera;0;721.000000;2.214286;2;2763;4;2767
neos-5107597-kakapo;0;0.000000;0.591250;2;38;0;38
neos-5108386-kalang;0;621.655661;44.224657;2;15048;5;15053
neos-5114902-kasavu;0;518.000000;86.666667;2;7693;9;7702
neos-5115478-kaveri;0;0.000000;0.529375;2;36;0;36
neos-5116085-kenana;0;452.000000;75.333333;1;5554;3;5557
neos-5118834-korana;0;583.521384;84.694364;2;12284;5;12289
neos-5118851-kowhai;0;1134.000000;4.250000;2;3554;5;3559
neos-5123665-limmat;0;654.150497;46.028000;2;22160;5;22165
neos-5125849-lopori;0;0.000000;5.984639;1;34;0;34
neos-5129192-manaia;0;0.000000;10.000000;1;3064;12;3076
neos-5138690-middle;0;609.154239;78.594258;2;23926;5;23931
neos-5140963-mincio;0;8877.000000;2.142857;1;1;0;1
neos-5149806-wieprz;0;45.000000;8.017612;3;387;9;396
neos-5151569-mologa;0;686014018.994230;29.077013;2;3047;2;3049
neos-5178119-nalagi;0;8.569859;22.862578;2;86;0;86
neos-5182409-nasivi;0;0.000000;19.823533;1;7;0;7
neos-5188808-nattai;0;0.000000;12.650607;1;455;0;455
neos-5189128-totara;0;330131.390743;21.863581;1;887;2;889
neos-5192052-neckar;0;-11980000.000000;0.400000;2;0;0;0
neos-5193246-nerang;0;0.000000;411.508334;1;262;0;262
neos-5195221-niemur;0;0.000000;330.122640;1;390;0;390
neos-5196530-nuhaka;0;0.000000;423.701932;1;230;0;230
neos-520729;0;-1389625.000000;6.812619;1;448;1;449
neos-5221106-oparau;0;0.000000;33.949758;1;573;2;575
neos-525149;0;60.000000;40.416667;1;32;0;32
neos-5260764-orauea;0;58748.022532;8.725559;1;71;0;71
neos-5261882-treska;0;26047.998000;6.157765;1;6;0;6
neos-5266653-tugela;0;21659.678723;20.155553;1;126;1;127
neos-555001;0;962625.000000;32.414286;1;5;0;5
neos-555343;0;1346700.000000;157.193056;4;8;0;8
neos-555424;0;1286800.000000;144.027778;1;33;0;33
neos-555884;0;1112400.000000;165.150000;1;37;0;37
neos-565672;0;55015.268433;57.351362;4;16593;19;16612
neos-574665;0;5932913.752734;8.390264;3;5;0;5
neos-578379;0;0.000000;99.662118;1;1977;1;1978
neos-585192;0;384.328979;0.433130;2;10;0;10
neos-585467;0;347.224531;0.316538;2;7;0;7
neos-595904;0;61213.471080;16.893904;2;67;0;67
neos-619167;0;1.481241;35.779031;1;93;0;93
neos-631517;0;7085534.224616;53.184659;2;9;0;9
neos-631710;0;286.000000;225.464535;2;944;17;961
neos-633273;0;6996841097.997801;0.000000;1;145;0;145
neos-662469;0;184342.980720;94.063832;1;429;1;430
neos-686190;0;5134.813830;17.515957;1;36;0;36
neos-691058;0;263.400000;89.042857;1;147;0;147
neos-693347;0;234.000000;81.086990;1;690;0;690
neos-738098;0;-1099.000000;191.756045;1;213;0;213
neos-777800;0;-80.000000;72.948470;1;61;0;61
neos-780889;0;3421500.000000;0.000000;1;351;5;356
neos-787933;0;30.000000;0.000000;1;1;0;1
neos-799711;0;-11228065.153797;80.726082;1;692;0;692
neos-799716;0;4932670.661692;20.807498;1;49;0;49
neos-807639;0;332.924117;12.512286;1;6;0;6
neos-820879;0;24874.267857;63.030000;1;96;0;96
neos-824661;0;55.000000;94.965217;2;249;1;250
neos-824695;0;43.000000;61.571429;2;93;0;93
neos-826224;0;124.000000;43.333333;2;190;2;192
neos-826650;0;32.000000;154.916667;2;43;0;43
neos-826694;0;72.000000;221.851190;2;113;1;114
neos-826812;0;69.011000;175.561360;3;113;1;114
neos-826841;0;32.008200;127.466667;2;38;0;38
neos-827015;0;2.098071;332.649497;1;1732;3;1735
neos-827175;0;115.001520;111.833333;2;147;1;148
neos-829552;0;2.098071;248.920991;1;1458;1;1459
neos-831188;0;1.767720;87.466667;1;56;0;56
neos-847302;0;-0.000000;46.994734;1;48;0;48
neos-848198;0;168977.000000;-0.000000;2;158;0;158
neos-848589;0;0.000000;1.000000;1;1121;1;1122
neos-849702;0;0.000000;85.488277;1;21;0;21
neos-850681;0;2087.000000;51.800000;1;92;0;92
neos-860300;0;2035.362225;9.000000;1;38;0;38
neos-872648;0;52.570282;0.000000;2;970;8;978
neos-873061;0;135.208828;0.000000;2;1193;8;1201
neos-876808;0;169615.062608;275.400000;2;2750;2;2752
neos-885086;0;-243.000000;18.235808;2;201;0;201
neos-885524;0;12397.479000;5.525486;3;64;2;66
neos-911880;0;23.260000;17.096042;1;2;0;2
neos-911970;0;23.260000;17.457173;1;2;0;2
neos-913984;0;1000.000000;35.192618;1;163;3;166
neos-914441;0;5660364.283770;87.286515;1;2271;0;2271
neos-916792;0;26.283217;17.068306;2;111;0;111
neos-932721;0;513000.000000;-0.000000;2;53;0;53
neos-932816;0;513000.000000;0.000000;2;142;0;142
neos-933562;0;0.000000;82.687196;1;29;0;29
neos-933638;0;472008.000000;0.000000;2;194;1;195
neos-933966;0;448020.000000;-0.000000;2;135;1;136
neos-934278;0;448010.000000;-0.000000;2;321;1;322
neos-935234;0;436011.000000;0.000000;2;354;1;355
neos-935627;0;23250.000000;0.000000;2;378;1;379
neos-935769;0;23430.000000;0.000000;2;357;1;358
neos-937511;0;52640.000000;-0.000000;2;407;1;408
neos-937815;0;53890.000000;-0.000000;2;449;1;450
neos-941262;0;51923.000000;-0.000000;2;366;1;367
neos-941313;0;9361.000000;268.471014;1;555;6;561
neos-942830;0;12.000000;69.105641;2;35;0;35
neos-948126;0;52602.000000;-0.000000;2;426;1;427
neos-948346;0;-194.100000;16.214139;6;474;24;498
neos-950242;0;2.000000;42.000000;2;116;1;117
neos-953928;0;-8.906667;12.942467;4;165;5;170
neos-954925;0;-156.787389;21.891636;4;375;16;391
neos-956971;0;-97.788318;24.467911;4;563;17;580
neos-957143;0;-185.847699;34.060881;5;619;18;637
neos-957323;0;-218.785116;18.500000;3;347;10;357
neos-957389;0;1.500000;23.833333;1;84;1;85
neos-960392;0;-238.000000;301.558442;1;308;3;311
neos-983171;0;52403.000000;0.000000;2;424;1;425
neos-984165;0;51812.000000;0.000000;2;424;1;425
neos13;0;-126.178378;41.501658;2;196;0;196
neos15;0;143201.242910;0.000000;2;2;0;2
neos16;0;429.000000;13.190476;3;5;0;5
neos17;0;0.222688;0.000000;2;7;0;7
neos18;0;12.000000;47.166667;5;80;0;80
neos2;0;-4407.097239;5.158588;1;5;0;5
neos22;0;792540.000000;11.064286;2;33;0;33
neos5;0;17.250000;0.000000;2;1;0;1
neos6;0;114.038055;32.275044;6;332;8;340
neos8;0;-3309.500000;20.750000;3;34;0;34
neos808444;0;0.000000;225.341563;1;300;1;301
neos9;0;780.000000;44.250000;1;329;0;329
net12;0;47.514236;134.516319;3;1238;1;1239
netdiversion;0;453.800000;766.600000;2;7884;11;7895
newdano;0;11.724138;8.447296;1;2;0;2
nexp-150-20-1-5;0;74.000000;-0.000000;3;33;0;33
nexp-150-20-8-5;0;552.000000;0.000000;3;73;2;75
nexp-50-20-1-1;0;35.000000;-0.000000;2;1;0;1
nexp-50-20-4-2;0;120.000000;0.000000;2;2;0;2
nh97_potential;0;1462.000000;74.900000;2;6;0;6
nh97_tension;0;1429.000000;76.466667;2;2;0;2
nj1;0;0.000000;607.000000;1;447;1;448
nj2;0;0.000000;607.000000;1;606;1;607
nj3;0;0.000000;607.000000;1;1523;1;1524
nobel-eu-DBE;0;7363863.000000;1.290278;2;73;0;73
noswot;0;-39.920111;4.557455;3;1;0;1
ns1111636;0;96.250000;17.588542;1;241;1;242
ns1116954;0;0.000000;154.227320;1;680;1;681
ns1208400;0;0.000000;103.355904;1;36;0;36
ns1430538;0;73.621609;10.144494;1;406;0;406
ns1456591;0;361.939022;19.000000;1;107;0;107
ns1606230;0;13.225000;183.303928;1;1930;0;1930
ns1631475;0;94800.000000;643.196596;2;1245;2;1247
ns1679495;0;3355407.151677;106.229642;2;47503;10;47513
ns1685374;0;-51.800913;96.218654;1;2285;1;2286
ns1688347;0;2.259259;29.881974;1;264;0;264
ns1690781;0;-1022.227789;60.056795;2;87;0;87
ns1696083;0;2.038462;48.811865;1;465;1;466
ns1758913;0;-1473.311978;85.635340;1;8176;5;8181
ns1760995;0;-1349.487943;142.000000;1;15288;7;15295
ns1778858;0;-22635740.000000;227.465047;2;276;0;276
ns1828997;0;0.000000;75.000000;1;1025;1;1026
ns1830653;0;7083.000000;57.878444;1;77;0;77
ns1849932;0;546.000000;5.620915;1;1047;6;1053
ns1853823;0;1172000.000000;1345.731857;2;42932;23;42955
ns1854840;0;1664000.000000;1124.615817;2;8700;15;8715
ns1856153;0;0.000000;202.811888;2;211;1;212
ns1904248;0;0.000000;476.666667;3;2345;8;2353
ns1905797;0;11.750980;32.426504;1;237;1;238
ns1905800;0;6.436600;26.487503;1;79;0;79
ns1952667;0;0.000000;9.316422;1;186;1;187
ns2017839;0;77026841466348.453125;1.620352;2;6094;0;6094
ns2034125;0;24740.000000;384.382319;2;2752;0;2752
ns2071214;0;0.000000;42.334331;1;77;0;77
ns2081729;0;4.600000;0.220500;2;2;0;2
ns2122698;0;62785.622771;196.156523;1;385;1;386
ns2124243;0;53998.333333;198.222222;1;251;1;252
ns2137859;0;24629.000000;56.954851;1;124;0;124
ns4-pr3;0;711323.000000;0.000000;2;140;0;140
ns4-pr6;0;395464.500000;0.000000;2;36;0;36
ns4-pr9;0;497175.000000;0.000000;2;76;0;76
ns894236;0;18.000000;109.321441;2;225;0;225
ns894244;0;16.000000;176.636636;2;546;1;547
ns894786;0;14.000000;98.226662;2;547;2;549
ns894788;0;7.000000;55.330051;2;89;0;89
ns903616;0;22.000000;175.549922;2;471;1;472
nsa;0;91.855632;7.418401;2;7;0;7
nsr8k;0;17500809.511815;639.895001;1;8828;2;8830
nsrand-ipx;0;68640.000000;0.000000;3;50;1;51
nu120-pr12;0;197775.000000;4.800000;2;39;0;39
nu120-pr3;0;511253.750000;28.016727;2;105;0;105
nu120-pr9;0;334880.000000;15.750000;2;72;0;72
nu25-pr12;0;297882.500000;4.233333;2;46;0;46
nu4-pr9;0;497175.000000;9.713333;2;74;0;74
nu60-pr9;0;386150.000000;12.150000;2;76;0;76
nucorsav;0;29.046100;79.666667;1;69221;131;69352
nursesched-medium-hint03;0;33.468485;463.947617;1;1119;3;1122
nursesched-medium04;0;316.000000;243.500000;2;770;5;775
nursesched-sprint-hidden09;0;516.944444;178.989683;2;303;2;305
nursesched-sprint-late03;0;34.254806;182.557279;1;310;1;311
nursesched-sprint02;0;134.416667;117.833333;2;201;2;203
nw04;0;16310.666667;2.000000;1;167;3;170
ofi;0;6135598681.449045;1321.867570;196;3437;96;3533
ofi2;0;6128453035.160096;1604.443623;184;6279;153;6432
oocsp-racks030e6cci;0;0.000000;530.191752;15;154;9;163
opm2-z10-s2;0;-21344.000000;-0.000000;5;6756;7;6763
opm2-z10-s4;0;-20011.000000;-0.000000;5;7743;7;7750
opm2-z11-s8;0;-24077.000000;0.000000;5;11838;9;11847
opm2-z12-s14;0;-38546.000000;-0.000000;5;23497;12;23509
opm2-z12-s7;0;-33919.000000;-0.000000;5;25411;12;25423
opm2-z12-s8;0;-35083.000000;0.000000;6;28308;15;28323
opm2-z6-s1;0;-2356.000000;-0.000000;3;261;0;261
opm2-z7-s2;0;-7132.000000;-0.000000;4;512;1;513
opm2-z7-s8;0;-6856.000000;-0.000000;4;723;1;724
opm2-z8-s0;0;-8004.000000;0.000000;3;1322;2;1324
opt1217;0;-20.021390;8.759358;1;2;0;2
osorio-cta;0;0.000000;0.013388;1;49;0;49
p0201;0;7155.000000;10.900000;1;1;0;1
p100x588b;0;58977.000000;0.000000;2;1;0;1
p200x1188c;0;15747.000000;0.000000;2;2;0;2
p2756;0;2706.000000;24.070313;2;4;0;4
p500x2988;0;72594.000000;0.000000;2;32;0;32
p500x2988c;0;17212.000000;-0.000000;2;29;0;29
p500x2988d;0;6.000000;-0.000000;2;28;0;28
p6b;0;-53.000000;0.000000;3;48;0;48
p80x400b;0;45896.000000;-0.000000;2;1;0;1
pb-fit2d;0;-22363.768555;843.273209;1;6613;11;6624
pb-gfrd-pnc;0;8321.694589;42.993642;1;116;0;116
pb-grow22;0;-449654.852582;117.814534;1;424;1;425
pb-market-split8-70-4;0;0.000000;1.843507;1;0;0;0
pb-simp-nonunif;0;9.500000;316.333333;3;2470;8;2478
peg-solitaire-a3;0;1.000000;284.160673;1;332;0;332
pg;0;-11098.657382;17.215049;2;4;0;4
pg5_34;0;-16012.248077;18.476238;2;5;0;5
physiciansched3-3;0;2590923.193775;699.205074;3;16611;4;16615
physiciansched3-4;0;1459296.261635;504.324571;3;10081;4;10085
physiciansched5-3;0;20464.000000;133.462963;2;861;1;862
physiciansched6-1;0;11546.864508;412.159264;16;624;12;636
physiciansched6-2;0;47675.160783;435.646407;4;370;1;371
pigeon-08;0;-8000.000000;4.485714;1;1;0;1
pigeon-10;0;-10000.000000;8.022222;1;2;0;2
pigeon-11;0;-11000.000000;9.020000;1;2;0;2
pigeon-12;0;-12000.000000;10.018182;1;3;0;3
pigeon-13;0;-13000.000000;11.016667;1;3;0;3
pigeon-16;0;-16000.000000;34.984242;1;4;0;4
pigeon-19;0;-19000.000000;17.011111;1;6;0;6
pigeon-20;0;-20000.000000;26.250718;1;6;0;6
piperout-03;0;69590.490975;267.052209;27;267;8;275
piperout-08;0;99228.924471;296.271739;11;256;4;260
piperout-27;0;7146.876623;508.355093;59;348;23;371
piperout-d20;0;25601.416667;437.748324;2;696;1;697
piperout-d27;0;7199.340391;682.880995;2;824;1;825
pk1;0;0.000000;2.782038;1;0;0;0
polygonpack3-15;0;-114051612.169520;43.997815;3;1067;5;1072
polygonpack4-10;0;-93676953.470100;19.422012;3;364;2;366
polygonpack4-15;0;-114052801.790860;41.081462;3;1151;6;1157
polygonpack4-7;0;-75324958.874200;9.351513;3;194;1;195
polygonpack5-15;0;-66029981.130960;32.423595;3;1255;6;1261
pp08a;0;15000.000000;-0.000000;2;0;0;0
pp08aCUTS;0;16630.402442;0.000000;2;2;0;2
probportfolio;0;7.321966;24.067729;1;3;0;3
prod1;0;-55.000000;3.767946;2;2;0;2
prod2;0;-59.000000;4.566580;2;5;0;5
proteindesign121hz512p19;0;3197.772133;54.952462;1;5486;61;5547
proteindesign121hz512p9;0;1423.904449;59.959446;1;196;4;200
proteindesign121pgb11p9;0;1173.710433;48.788284;1;178;3;181
proteindesign122trx11p8;0;1720.461105;42.058897;1;221;4;225
protfold;0;-0.000000;35.000000;2;23;0;23
pw-myciel4;0;4.000000;93.664980;4;7;0;7
pythago7824;0;0.000000;580.777778;6;835;2;837
pythago7825;0;0.000000;586.777778;8;747;3;750
qap10;0;332.566228;55.000000;1;343;0;343
qiu;0;1805.177158;0.000000;2;6;0;6
qnet1;0;89045.940000;7.221868;2;18;0;18
qnet1_o;0;93221.720000;0.000000;2;4;0;4
queens-30;0;-30.000000;0.000000;3;184;1;185
r4l4-02-tree-bounds-50;0;512370030.000000;648.050000;3;42;0;42
r50x360;0;2016.000000;-0.000000;2;1;0;1
r80x800;0;5520.000000;-0.000000;2;2;0;2
radiationm18-12-05;0;17561.353680;198.621204;2;75;0;75
radiationm40-10-02;0;155317.684921;719.665741;2;301;2;303
rail01;0;-90.767086;1608.708333;1;13788;4;13792
rail02;0;-206.092110;2201.000000;1;121084;10;121094
rail03;0;-919.222126;7597.965972;1;184275;28;184303
rail507;0;207.000000;-0.000000;3;256;5;261
railway_8_1_0;0;397.000000;47.625401;3;6;0;6
ramos3;0;440.000000;-0.000000;3;1402;0;1402
ran12x21;0;4080.000000;0.000000;2;0;0;0
ran13x13;0;3521.000000;0.000000;2;0;0;0
ran14x18-disj-8;0;12170.996653;0.000000;2;16;0;16
ran14x18;0;4265.000000;0.000000;2;0;0;0
ran16x16;0;4333.000000;0.000000;2;0;0;0
rd-rplusc-21;0;100.000000;4.459580;1;291;0;291
reblock115;0;-37981832.798944;238.100873;1;249;0;249
reblock166;0;-640892721.079106;86.859092;6;321;1;322
reblock354;0;-39586262.751951;411.245436;1;949;0;949
reblock420;0;-558825455.521724;213.947318;7;1526;3;1529
reblock67;0;-36575497.117631;131.415935;1;40;0;40
rfds-4-days;0;-1158940.978167;68.309524;1;18155;9;18164
rlp1;0;13.244444;9.961905;1;1;0;1
rmatr100-p10;0;360.593308;9.692735;1;251;0;251
rmatr100-p5;0;762.040054;5.000000;1;412;0;412
rmatr200-p10;0;1550.620783;10.000000;1;11935;0;11935
rmatr200-p20;0;688.357943;19.982266;1;4002;0;4002
rmatr200-p5;0;3283.653831;5.000000;1;12179;0;12179
rmine10;0;-1926.863820;886.708002;1;3090;1;3091
rmine11;0;-2522.047107;1304.350285;1;8239;1;8240
rmine13;0;-3504.619914;1108.274293;2;24272;5;24277
rmine14;0;-4310.694704;2228.265999;1;114109;3;114112
rmine15;0;-5042.482963;4267.046917;1;207778;5;207783
rmine6;0;-462.305727;106.725097;1;125;0;125
rocI-3-11;0;-110705.000000;58.061873;15;9;0;9
rocI-4-11;0;-11110705.000000;73.949250;17;37;1;38
rocII-10-11;0;-11.946851;225.450859;1;556;1;557
rocII-4-11;0;-11.867128;49.198977;2;47;0;47
rocII-5-11;0;-11.893702;59.199453;2;73;0;73
rocII-7-11;0;-11.924073;130.743159;2;220;1;221
rocII-8-11;0;-11.933564;156.556814;2;263;1;264
rocII-9-11;0;-11.940946;191.769497;1;447;0;447
rococoB10-011000;0;51207.000000;10.950589;5;144;0;144
rococoC10-001000;0;23730.000000;0.000000;6;23;0;23
rococoC11-010100;0;143170.000000;22.416868;2;156;1;157
rococoC11-011100;0;139407.000000;14.937663;2;121;0;121
rococoC12-010001;0;117774.000000;9.895179;2;196;1;197
rococoC12-111000;0;27337.357381;31.147270;1;228;0;228
roi2alpha3n4;0;-78.888089;8.000000;2;637;8;645
roi5alpha10n8;0;-84.342241;16.000000;2;1883;25;1908
roll3000;0;11939.645814;52.881579;2;22;0;22
rout;0;981.864286;10.233819;1;1;0;1
rpp22falsei;0;0.000000;74.127711;3;64;1;65
rvb-sub;0;11.206514;4.857143;1;626;4;630
s100;0;-0.170525;28.899744;1;21450;16;21466
s1234;0;0.361925;1.572096;4;1765;1;1766
s250r10;0;-0.165732;41.814334;2;8043;25;8068
s55;0;-22.151773;60.323192;1;1415;3;1418
satellites1-25;0;-20.000000;105.238724;1;776;0;776
satellites2-25;0;-29.000000;479.882873;1;32299;2;32301
satellites2-40;0;-29.000000;351.367725;1;32819;2;32821
satellites2-60-fs;0;-24.082986;445.038080;2;3867;2;3869
satellites2-60;0;-29.000000;351.367725;1;32317;2;32319
satellites3-25;0;-38.000000;750.228870;1;238998;5;239003
satellites3-40-fs;0;-32.574097;833.681612;2;27170;6;27176
satellites3-40;0;-38.000000;724.976718;1;255716;5;255721
savsched1;0;12859.406667;0.000000;3;62869;45;62914
scpj4scip;0;183.000000;-0.000000;3;1285;24;1309
scpk4;0;389.000000;0.000000;3;2858;25;2883
scpl4;0;360.000000;-0.000000;3;5048;49;5097
scpm1;0;774.000000;0.000000;3;45144;124;45268
scpn2;0;741.000000;0.000000;3;71532;240;71772
sct1;0;-186.838854;85.284884;2;938;1;939
sct2;0;-42.788075;14.732262;2;48;0;48
sct31;0;177.483592;23.157091;2;247;0;247
sct32;0;51.266438;45.043874;2;567;1;568
sct5;0;-227.069807;28.088069;2;476;2;478
seqsolve1;0;4770.293168;265.188388;24;5299;129;5428
seqsolve2short4288;0;20.396875;318.804378;4;6908;25;6933
seqsolve3short4288excess384;0;-43472.799518;407.473201;8;11440;45;11485
set1ch;0;107691.500000;-0.000000;2;1;0;1
set3-09;0;1263.077974;13.704533;2;10;0;10
set3-10;0;788.890655;13.953500;2;9;0;9
set3-15;0;8364.040745;17.366709;2;15;0;15
set3-16;0;9916.808562;19.040932;2;14;0;14
set3-20;0;10347.381087;16.724301;2;11;0;11
seymour-disj-10;0;331.000001;-0.000000;4;1790;2;1792
seymour;0;452.000000;0.000000;3;219;0;219
seymour1;0;419.891318;-0.000000;3;226;0;226
shiftreg1-4;0;131.656032;154.593750;1;38;0;38
shiftreg2-7;0;206.733052;125.342690;1;106;0;106
shiftreg5-1;0;520.839888;536.473506;1;355;0;355
shipsched;0;-0.000000;8.077417;4;78;1;79
shipschedule3shipsi;0;-265650.000000;344.868882;12;56;2;58
shipschedule6shipsmixi;0;-301650.000000;708.087219;10;90;3;93
shipschedule8shipsmixuci;0;-401100.000000;525.089709;11;89;5;94
shs1014;0;22137.410363;320.475000;1;36607;17;36624
shs1042;0;10404.662711;568.781970;1;35174;22;35196
siena1;0;10163179.229002;146.859338;1;1625;1;1626
sing11;0;18640171.224643;243.132649;1;6843;4;6847
sing161;0;19071259.113926;685.480441;1;72849;19;72868
sing17;0;35483848.876513;472.456436;1;26691;11;26702
sing2;0;17150914.716940;256.737979;1;1760;1;1761
sing245;0;25024015.754083;395.965975;1;12927;6;12933
sing326;0;7717674.801189;172.968798;1;2514;2;2516
sing359;0;22534478.962498;889.129081;1;88946;20;88966
sing44;0;8102513.219400;139.469372;1;3099;2;3101
sing5;0;18418516.013137;236.754039;1;3073;4;3077
snip10x10-35r1budget17;0;30.000000;3.224794;2;1467;0;1467
snp-02-004-104;0;567161691.779774;7.604965;5;5934;0;5934
snp-04-052-052;0;746313354.490274;733.799382;6;4564;4;4568
snp-06-004-052;0;1831976376.522612;31.156229;2;8430;0;8430
snp-10-004-052;0;5961214167.823297;42.379535;6;20179;2;20181
snp-10-052-052;0;6009206679.336597;1683.882989;6;22056;8;22064
sorrell3;0;-13.000000;-0.000000;3;371;0;371
sorrell4;0;-18.000000;-0.000000;3;1059;2;1061
sorrell7;0;-141.000000;0.000000;3;14318;0;14318
sorrell8;0;-269.000000;0.000000;3;194;0;194
sp150x300d;0;71.000000;0.000000;2;0;0;0
sp97ar;0;815120355.519999;2.342794;4;416;7;423
sp97ic;0;578703486.755542;0.975543;3;357;5;362
sp98ar;0;648426163.072905;1.440725;4;571;7;578
sp98ic;0;605964163.117924;3.283712;5;390;12;402
sp98ir;0;271833089.651983;6.757325;5;56;2;58
splice1k1;0;-3.068619;1.426914;2;34352;18;34370
splice1k1i;0;-1646.777979;134.969052;1;13794;3;13797
square23;0;8.333333;12.444444;1;93;1;94
square31;0;8.500000;13.750000;1;488;5;493
square37;0;8.666667;13.666667;1;1117;10;1127
square41;0;8.839612;15.068891;1;2560;16;2576
square47;0;8.755814;15.976744;1;8224;28;8252
stoch-vrpvrp-s5v2c8vrp-v2c8i;0;0.000000;87.482236;2;12;0;12
stockholm;0;166.000000;0.000000;2;478;0;478
stp3d;0;564.338735;444.504657;2;24004;12;24016
sts405;0;357.000000;0.000000;2;547;2;549
sts729;0;665.000000;0.000000;2;3209;4;3213
supportcase1;0;20078.000000;0.020832;2;239;5;244
supportcase10;0;3.383924;971.624635;2;8753;4;8757
supportcase11;0;-14.281996;0.000000;1;3;0;3
supportcase12;0;-7559.533054;68.692550;1;1675;0;1675
supportcase14;0;272.000000;7.333333;1;4;0;4
supportcase16;0;272.000000;7.333333;1;2;0;2
supportcase17;0;0.000000;20.311619;2;7;0;7
supportcase18;0;87.000000;9.141806;2;47;0;47
supportcase19;0;12677206.000000;370.390975;1;26876;63;26939
supportcase2;0;0.000000;4.750000;1;8203;49;8252
supportcase20;0;108889.000000;0.000000;2;15;0;15
supportcase23;0;-12952.000000;617.629502;1;1762;0;1762
supportcase25;0;0.036932;10.888511;1;94;0;94
supportcase26;0;1288.102161;0.009948;2;1;0;1
supportcase27i;0;0.000000;80.548714;2;6;0;6
supportcase3;0;0.000000;403.282880;3;235;0;235
supportcase30;0;0.000000;102.857020;1;74;0;74
supportcase31;0;79524.180000;4.000000;2;1855;57;1912
supportcase33;0;-465.000000;28.823216;2;141;0;141
supportcase34;0;72.664116;173.934717;1;468;1;469
supportcase35;0;174371.000000;0.000000;2;92;0;92
supportcase37;0;-5803.552159;23.221484;2;948;0;948
supportcase39;0;-1062330.369524;22.808785;5;90;6;96
supportcase4;0;0.000000;202.915359;3;145;0;145
supportcase40;0;22536.483379;19.000000;1;241;0;241
supportcase41;0;28.000000;42.562945;2;804;0;804
supportcase42;0;7.343539;48.081295;1;1503;2;1505
supportcase43;0;0.000000;48.147044;2;51641;3;51644
supportcase6;0;45090.732163;29.123967;1;1867;9;1876
supportcase7;0;-2396.218213;53.147310;2;1532;0;1532
swath;0;334.496858;2.200000;1;42;0;42
swath1;0;334.496858;0.600000;1;33;0;33
swath2;0;334.496858;0.700000;1;33;0;33
swath3;0;334.496858;0.800000;1;32;0;32
t1717;0;134531.021428;79.098998;1;198;1;199
t1722;0;98815.407611;52.399108;1;117;0;117
ta1-UUM;0;3693674.556772;4.303412;1;4;0;4
ta2-UUE;0;41427354.755773;0.680983;2;151;0;151
tanglegram1;0;0.000000;46.000000;1;2;0;2
tanglegram2;0;1.000000;26.500000;1;2;0;2
tanglegram4;0;4.000000;71.000000;1;4;0;4
tanglegram6;0;0.000000;33.500000;1;1;0;1
tbfp-bigm;0;-178.153988;30.000000;1;158;0;158
tbfp-network;0;23.261535;31.000000;1;829;3;832
Test3;0;2671255.210245;12.061384;1;101;0;101
thor50dday;0;203930.000000;0.000000;2;265;4;269
timtab1;0;1219177.333333;17.766667;2;1;0;1
timtab1CUTS;0;613590.095426;34.399586;2;3;0;3
timtab2;0;1602354.333333;29.200000;2;1;0;1
tokyometro;0;4661.136055;270.699215;3;70;0;70
toll-like;0;28.000000;229.000000;1;33;0;33
tpl-tub-ss16;0;8128588.328716;1889.575939;3;85928;143;86071
tpl-tub-ws1617;0;10755112.807538;2191.381057;3;100901;175;101076
tr12-30;0;188435.464884;3.580258;2;2;0;2
traininstance2;0;0.000000;8.034883;2;40;0;40
traininstance6;0;0.000000;3.486662;2;27;0;27
transportmoment;0;-55084931301.156029;426.403696;2;172;0;172
trento1;0;5182758.848056;77.237488;1;595;0;595
triptim1;0;22.927100;1744.894737;3;7342;8;7350
triptim2;0;11.889797;542.834787;3;10141;8;10149
triptim3;0;14.144151;636.713323;3;10766;8;10774
triptim4;0;9.552100;369.397727;3;10407;8;10415
triptim7;0;3088.288157;498.350855;2;12015;6;12021
triptim8;0;3074.310409;495.273425;2;12660;5;12665
tw-myciel4;0;22.000000;72.075704;6;177;1;178
uc-case11;0;611621.305979;114.829952;1;2470;0;2470
uc-case3;0;7181.432113;95.258578;3;1908;1;1909
uccase10;0;38995.965187;400.440843;1;2678;2;2680
uccase12;0;11507.474829;29.321333;3;2231;3;2234
uccase7;0;26527.823515;162.338874;1;3536;0;3536
uccase8;0;11142.163196;63.982247;1;1697;0;1697
uccase9;0;10819.582996;76.021210;1;941;0;941
uct-subprob;0;242.000000;58.243175;1;57;0;57
umts;0;43380098.519492;76.628947;2;18;0;18
unitcal_7;0;19450489.742819;144.660904;6;835;1;836
usAbbrv-8-25_70;0;95.000000;103.341847;3;29;0;29
usafa;0;178.602081;3104.483345;2;47817;28;47845
v150d30-2hopcds;0;52.000000;-0.000000;3;108;1;109
van;0;3.717453;12.910186;1;7981;0;7981
var-smallemery-m6j6;0;-156.056268;89.220998;2;884;4;888
vpm2;0;15.721505;3.393512;2;0;0;0
vpphard;0;0.000000;131.849958;1;79;1;80
vpphard2;0;0.000000;239.681095;1;86;0;86
wachplan;0;-9.000000;58.858491;1;10;0;10
wnq-n100-mw99-14;0;224.318143;77.196581;2;120;0;120
xmas10-2;0;-537.008669;157.129457;1;238;0;238
xmas10;0;-537.008669;157.318400;1;193;0;193
z26;0;-982.000000;-0.000000;3;13020;9;13029
zeil;0;813.510308;818.615660;1;88713;7;88720
zib54-UUE;0;19164366.000000;-0.000000;2;51;0;51
10teams;37029;917.000000;36.681642;1;34;0;34
22433;37029;21552.708079;24.962328;5;5;0;5
23588;37029;8342.863244;17.617619;4;2;0;2
2club200v15p5scn;37029;-98.397436;37.935897;4;125;2;127
30n20b8;37029;5530.000000;41.625765;2;121;0;121
30_70_45_05_100;37029;67.000000;-0.000000;5;1021;5;1026
30_70_45_095_100;37029;48.000000;-0.000000;5;943;2;945
30_70_45_095_98;37029;110.000000;-0.000000;5;980;2;982
50v-10;37029;1493601.476062;-0.000000;2;5;0;5
a1c1s1;37029;20885.065088;0.498062;2;8;0;8
a2c1s1;37029;21087.746318;-0.000000;2;8;0;8
ab51-40-100;37029;-437558462.000004;11.050000;2;423;1;424
ab67-40-100;37029;-11186253442.000000;0.000000;1;318;0;318
ab69-40-100;37029;-11186281442.000000;0.000000;1;323;0;323
ab71-20-100;37029;-2390446504.400002;12.500000;2;240;0;240
ab72-40-100;37029;-11186620442.000000;0.000000;1;313;0;313
academictimetablebig;37029;427.000000;1980.203197;2;42681;18;42699
academictimetablesmall;37029;0.000000;304.037692;2;234;3;237
acc-tight2;37029;0.000000;120.187623;1;29;0;29
acc-tight4;37029;0.000000;120.929764;1;26;0;26
acc-tight5;37029;0.000000;108.861099;1;206;0;206
acc-tight6;37029;0.000000;100.822653;1;213;0;213
adult-max5features;37029;10710.000597;0.023689;2;923;7;930
adult-regularized;37029;7841.000000;0.000000;3;2097;10;2107
aflow30a;37029;1402.717622;2.301497;3;1;0;1
aflow40b;37029;1129.417647;2.760099;3;6;0;6
air03;37029;338864.250000;11.375000;1;61;0;61
air04;37029;55535.436388;51.829962;1;207;0;207
air05;37029;25877.609268;45.880497;1;162;0;162
aligninq;37029;2755.000000;40.921868;7;15;1;16
allcolor10;37029;1667.205949;277.752404;3;116;1;117
allcolor58;37029;6860.683036;1871.573531;3;663;8;671
amaze22012-03-15i;37029;0.000000;58.180281;2;98;2;100
amaze22012-06-28i;37029;0.000000;35.393465;2;24;0;24
amaze22012-07-04i;37029;0.000000;40.505587;2;40;1;41
app1-1;37029;-2.000000;1.945752;2;7;0;7
app1-2;37029;-23.000000;1.399234;3;316;1;317
app2-1;37029;19294.250000;0.000000;2;22;0;22
app2-2;37029;212092.500000;0.000000;2;1;0;1
app3;37029;5627412.287938;3.142492;1;9;0;9
arki001;37029;7579621.830840;15.454670;1;35;0;35
assign1-10-4;37029;353.992926;52.000000;1;38;0;38
assign1-5-8;37029;183.362555;24.000000;1;2;0;2
atlanta-ip;37029;81.321096;294.518627;2;6344;2;6346
atm20-100;37029;2141734.684878;120.774021;2;78;0;78
australia-abs-cta;37029;0.000000;37.138391;1;81;0;81
b-ball;37029;-1.818182;4.818182;1;0;0;0
b1c1s1;37029;69995.090000;-0.000000;2;9;0;9
b2c1s1;37029;69710.660000;-0.000000;2;18;0;18
bab1;37029;-228225.182825;27.775000;1;110;0;110
bab2;37029;-327907.020000;270.500000;2;13576;19;13595
bab3;37029;-570680.596583;405.246581;2;30833;45;30878
bab5;37029;-106670.400850;101.900000;2;569;2;571
bab6;37029;-242181.154525;473.597222;2;4653;11;4664
bc;37029;13.915046;0.268421;2;91;0;91
bc1;37029;4.550543;0.028778;2;85;0;85
beasleyC1;37029;102.000000;0.000000;2;3;0;3
beasleyC2;37029;232.000000;0.000000;2;3;0;3
beasleyC3;37029;951.000000;-0.000000;2;3;0;3
beavma;37029;395292.332242;3.472328;2;1;0;1
berlin;37029;1951.000000;0.000000;2;29;0;29
berlin_5_8_0;37029;52.000000;56.222597;3;2;0;2
bg512142;37029;506799.440536;51.840309;3;30;0;30
biella1;37029;3060037.430763;98.993456;1;264;0;264
bienst1;37029;11.724138;4.390524;1;2;0;2
bienst2;37029;11.724138;5.390524;1;2;0;2
binkar10_1;37029;6637.188027;9.084811;1;7;0;7
blend2;37029;7.489992;0.686573;2;0;0;0
bley_xl1;37029;265.196799;287.930058;8;19953;32;19985
bley_xs1;37029;47020884.968217;85.931545;3;79;0;79
bley_xs1noM;37029;52605505.644117;88.493331;2;62;0;62
bley_xs2;37029;30478761.025431;42.229522;12;12;1;13
blp-ar98;37029;9174.508280;11.800505;21;95;26;121
blp-ic97;37029;5423.588709;1.337703;12;65;8;73
blp-ic98;37029;6879.499245;1.657910;4;116;5;121
blp-ir98;37029;3350.173368;3.875758;3;44;1;45
bmocbd3;37029;45423160382.724037;0.000000;2;17567;12;17579
bmoipr2;37029;-46628940.711029;7.840017;1;74;0;74
bnatt350;37029;0.000000;105.289533;17;108;2;110
bnatt400;37029;0.000000;129.427483;17;113;2;115
bppc4-08;37029;51.590000;11.724943;1;18;0;18
bppc6-02;37029;108.340000;11.296538;1;137;1;138
bppc6-06;37029;200.633333;13.595370;1;156;1;157
bppc8-02;37029;486.500000;3.194588;1;1;0;1
bppc8-09;37029;444.436047;4.775100;1;3;0;3
brasil;37029;32311.000000;0.000000;2;31;0;31
brazil3;37029;2.000000;303.450558;1;244;0;244
breastcancer-regularized;37029;105.150036;0.002191;2;8;0;8
bts4-cta;37029;33524.637606;1130.000000;1;493;0;493
buildingenergy;37029;33246.215059;1468.850000;2;16085;4;16089
cap6000;37029;-2446875.000000;0.000000;3;38;0;38
cbs-cta;37029;0.000000;28.754656;1;103;0;103
cdc7-4-3-2;37029;-231.000000;-0.000000;3;36747;5;36752
chromaticindex1024-7;37029;4.000000;16002.682953;2;2306;11;2317
chromaticindex128-5;37029;4.000000;2021.163699;2;128;1;129
chromaticindex256-8;37029;4.000000;4069.477083;2;362;2;364
chromaticindex32-8;37029;4.000000;504.887500;2;17;0;17
chromaticindex512-7;37029;4.000000;8183.527137;2;1044;4;1048
ci-s4;37029;17.644894;42.275628;3;9;0;9
circ10-3;37029;140.000000;209.309855;1;2122;1;2123
cmflsp40-24-10-7;37029;52605868.952858;70.700930;3;351;0;351
cmflsp40-36-2-10;37029;72898024.959478;295.649246;3;818;0;818
cmflsp50-24-10-4;37029;64492612.641644;81.236085;3;338;0;338
cmflsp50-24-8-8;37029;59814378.749021;131.869460;3;346;0;346
cmflsp60-36-2-6;37029;97887903.946142;370.689759;3;1737;0;1737
CMS750_4;37029;250.000000;230.436836;3;63;1;64
co-100;37029;1246685.546783;10.401691;2;344;8;352
cod105;37029;-8.000000;0.000000;3;458;1;459
comp07-2idx;37029;0.000000;114.416667;2;1963;2;1965
comp08-2idx;37029;0.000000;175.467237;3;184;2;186
comp12-2idx;37029;3.000000;261.572878;1;1193;0;1193
comp16-3idx;37029;4.000000;722.263585;1;7056;2;7058
comp21-2idx;37029;0.000000;282.023529;3;482;1;483
control30-3-2-3;37029;-20763026.787568;27.970540;1;3;0;3
core2536-691;37029;789.000000;0.000000;3;748;2;750
core2586-950;37029;1167.000000;-0.000000;3;620;2;622
core4284-1064;37029;1265.000000;0.000000;3;2746;4;2750
core4872-1529;37029;1851.000000;-0.000000;3;1715;3;1718
cost266-UUE;37029;42001606.280000;-0.000000;2;61;0;61
cov1075;37029;35.000000;0.000000;2;6;0;6
cryptanalysiskb128n5obj16;37029;0.000000;5029.990887;106;1221;198;1419
csched007;37029;269.251587;22.185714;1;39;0;39
csched008;37029;171.000000;17.704190;1;9;0;9
csched010;37029;332.422727;20.239899;1;30;0;30
cvrpa-n64k9vrpi;37029;0.000000;99.904419;2;601;4;605
cvrpb-n45k5vrpi;37029;0.000000;107.949911;2;219;2;221
cvrpp-n16k8vrpi;37029;0.000000;41.056694;2;32;0;32
cvrpsimple2i;37029;0.000000;24.056231;2;2;0;2
cvs08r139-94;37029;-16.000000;66.000000;3;12;0;12
cvs16r106-72;37029;-2.000000;71.000000;2;30;0;30
cvs16r128-89;37029;-2.000000;88.000000;2;34;0;34
cvs16r70-62;37029;-0.000000;62.000000;2;28;0;28
cvs16r89-60;37029;-0.000000;60.000000;2;30;0;30
d10200;37029;12425.583005;32.097057;1;41;0;41
d20200;37029;12229.625788;62.339279;1;307;0;307
dale-cta;37029;0.000000;0.004736;1;325;0;325
dano3mip;37029;576.231620;15.297311;1;2085;0;2085
dano3_3;37029;576.231620;1.932181;1;2200;0;2200
dano3_5;37029;576.231620;2.871834;1;2269;0;2269
danoint;37029;62.637280;5.819184;1;18;0;18
dc1c;37029;1754946.863638;140.593306;1;287;0;287
dc1l;37029;211357921.003601;0.000000;3;778;14;792
dcmulti;37029;184917.234283;12.662065;3;2;0;2
decomp1;37029;-120.000000;144.611111;1;39;0;39
decomp2;37029;-160.000000;141.944444;1;41;0;41
dfn-bwin-DBE;37029;797567.400000;-0.000000;2;34;0;34
dfn-gwin-UUM;37029;27467.257235;5.653537;1;2;0;2
dg012142;37029;7485691.825683;37.560751;5;117;0;117
diameterc-mstc-v20a190d5i;37029;291.000000;264.960987;3;96;1;97
diameterc-msts-v40a100d5i;37029;324.000000;357.906639;2;52;0;52
disctom;37029;-5000.000000;51.166667;1;184;0;184
disktom;37029;-5000.000000;51.166667;1;186;0;186
dolom1;37029;6556066.068315;111.218954;1;473;1;474
drayage-100-12;37029;91134.076080;32.686693;1;51;0;51
drayage-100-23;37029;103333.874073;41.554651;1;41;0;41
drayage-25-23;37029;99718.790531;44.055595;1;40;0;40
drayage-25-27;37029;95207.144904;44.816549;1;42;0;42
drayage-25-32;37029;88256.306534;34.610044;1;49;0;49
ds-big;37029;86.820068;30.669231;1;7239;22;7261
ds;37029;57.234565;33.463549;1;926;6;932
dws008-01;37029;2954.537147;2.158177;2;48;0;48
dws008-03;37029;3279.903540;8.718992;2;129;1;130
dws012-01;37029;5179.177491;3.971756;2;96;1;97
dws012-02;37029;4797.215617;18.611531;3;234;4;238
dws012-03;37029;5259.387024;14.614141;2;384;4;388
eil33-2;37029;811.278996;3.615630;1;34;0;34
eilA101-2;37029;803.373888;7.408683;1;873;6;879
eilB101;37029;1075.247691;12.807028;1;19;0;19
eilC76-2;37029;725.754458;7.780208;1;274;2;276
ej;37029;1.000000;0.243844;1;0;0;0
elitserienhandball11i;37029;0.000000;866.305983;2;410;1;411
elitserienhandball13i;37029;0.000000;853.141952;2;432;1;433
elitserienhandball14i;37029;0.000000;883.858328;2;386;1;387
elitserienhandball3i;37029;0.000000;887.935483;2;378;1;379
enlight13;37029;1.000000;1.000000;1;0;0;0
enlight15;37029;1.000000;1.000000;1;0;0;0
enlight8;37029;1.000000;1.000000;1;0;0;0
enlight_hard;37029;15.500000;17.000000;1;0;0;0
eva1aprime5x5opt;37029;-497.155823;0.519735;1;327;0;327
eva1aprime6x6opt;37029;-495.398833;1.547904;1;1589;0;1589
ex10;37029;100.000000;98.000000;1;17542;5;17547
ex1010-pi;37029;314.000000;-0.000000;3;473;2;475
ex9;37029;81.000000;75.601201;1;1939;2;1941
exp-1-500-5-5;37029;97666.305541;4.045842;2;2;0;2
f2000;37029;1383.000000;1280.000000;2;3628;0;3628
f2gap201600;37029;76429.862296;1.402159;1;3;0;3
f2gap401600;37029;82274.237434;1.190020;1;4;0;4
f2gap40400;37029;20650.898154;3.253580;1;1;0;1
f2gap801600;37029;86570.120867;5.266841;1;4;0;4
fast0507;37029;207.000000;-0.000000;3;188;3;191
fastxgemm-n2r6s0t2;37029;27.000000;9.000000;1;31;0;31
fastxgemm-n2r7s4t1;37029;27.000000;9.000000;1;38;0;38
fastxgemm-n3r21s3t6;37029;84.000000;27.000000;1;2404;0;2404
fastxgemm-n3r22s4t6;37029;84.000000;27.000000;1;2624;0;2624
fastxgemm-n3r23s5t6;37029;84.000000;27.000000;1;2574;0;2574
fhnw-binpack4-48;37029;0.000000;333.285714;2;129;0;129
fhnw-binpack4-58;37029;0.000000;467.321429;2;133;1;134
fhnw-binpack4-77;37029;0.000000;207.310714;2;117;0;117
fhnw-binschedule0;37029;15642.000000;1053.297818;2;19242;30;19272
fhnw-binschedule2;37029;2273.000000;204.240609;3;473;4;477
fhnw-schedule-paira100;37029;-36.643681;5.149215;2;140;0;140
fhnw-schedule-paira200;37029;-73.826479;8.940825;2;238;3;241
fhnw-schedule-paira400;37029;-146.941079;19.266221;2;1093;12;1105
fhnw-schedule-pairb200;37029;-58.887041;815.939903;3;2087;3;2090
fhnw-schedule-pairb400;37029;-109.169750;2783.836162;3;12055;14;12069
fhnw-sq2;37029;0.000000;12.138998;1;4;0;4
fiball;37029;137.069168;65.011163;1;107;1;108
fiber;37029;897538.360000;12.574421;2;2;0;2
fillomino7x7-0i;37029;0.000000;315.503941;2;55;0;55
fixnet6;37029;4536.000000;0.000000;2;1;0;1
fjspeasy01i;37029;216.000000;1.364719;2;55;0;55
flugpl;37029;1167875.166377;2.785325;1;0;0;0
g200x740;37029;45614.000000;-0.000000;2;4;0;4
g200x740i;37029;44069.000000;-0.000000;2;3;0;3
gasprod1-1;37029;9698.001669;25.784673;6;456;1;457
gasprod1-2;37029;12418.693782;43.662702;18;297;2;299
gasprod1-3;37029;13830.718570;40.837432;64;295;9;304
gasprod2-1;37029;1510393.402354;44.156867;6;1067;1;1068
gasprod2-2;37029;1355909.537507;297.110788;36;1707;13;1720
gen-ip002;37029;-511.036897;0.000000;3;0;0;0
gen-ip016;37029;-9505.628173;1.906914;1;0;0;0
gen-ip021;37029;6642.052620;2.217259;4;0;0;0
gen-ip036;37029;-2162.833562;0.000000;3;0;0;0
gen-ip054;37029;7350.684932;1.502477;8;0;0;0
gen;37029;112555.106141;0.427450;2;1;0;1
genus-g31-8;37029;-27.000000;105.481481;1;1010;1;1011
genus-g61-25;37029;-58.000000;267.593301;1;797;2;799
genus-sym-g31-8;37029;-27.000000;149.527030;1;4179;2;4181
genus-sym-g62-2;37029;-54.000000;222.237614;1;23647;1;23648
genus-sym-grafo5708-48;37029;-27.000000;159.026027;2;1579;0;1579
ger50-17-ptp-pop-3t;37029;3466.323207;45.213645;1;109;0;109
ger50-17-ptp-pop-6t;37029;6804.447088;50.477969;1;91;0;91
ger50-17-trans-dfn-3t;37029;3453.475245;37.741927;1;182;1;183
ger50-17-trans-pop-3t;37029;3456.252922;49.487013;1;164;1;165
ger50_17_trans;37029;6850.628623;48.226110;1;142;1;143
germanrr;37029;47650759.157540;58.297944;3;747;3;750
germany50-DBM;37029;438028.000000;21.150000;1;135;0;135
germany50-UUM;37029;597932.500000;26.450000;1;35;0;35
gesa2-o;37029;25748173.191117;13.380406;2;3;0;3
gesa2;37029;25502855.039680;8.989886;1;5;0;5
gfd-schedulen180f7d50m30k18-16i;37029;21.533333;4297.018832;3;9291;144;9435
gfd-schedulen180f7d50m30k18;37029;1.000000;6044.607327;36;4563;209;4772
gfd-schedulen25f5d20m10k3i;37029;3.000000;24.566406;2;84;0;84
gfd-schedulen55f2d50m30k3i;37029;4.111111;221.771449;2;217;3;220
ghoulomb4-9-10i;37029;9.000000;9.160150;2;55;1;56
glass-sc;37029;23.000000;0.000000;3;113;1;114
glass4;37029;800002400.000000;8.568254;1;0;0;0
gmu-35-40;37029;-2406943.556343;2.300342;1;3;0;3
gmu-35-50;37029;-2608070.315743;3.444186;1;6;0;6
gmut-75-50;37029;-14182312.661731;4.988967;1;514;4;518
gmut-76-40;37029;-14171086.316075;9.054451;1;296;1;297
gmut-76-50;37029;-14173884.188063;4.201959;1;305;3;308
gmut-77-40;37029;-14173396.636852;2.973250;1;343;1;344
go19;37029;96.000000;-0.000000;3;4;0;4
gr4x6;37029;229.050000;-0.000000;2;0;0;0
graph20-20-1rand;37029;-37.000000;43.500000;1;65;0;65
graph20-80-1rand;37029;-110.000000;120.050000;2;1300;2;1302
graph40-20-1rand;37029;-157.000000;173.500000;1;3838;2;3840
graph40-40-1rand;37029;-300.000000;312.000000;1;90361;9;90370
graphdraw-domain;37029;12672.000000;18.742857;1;2;0;2
graphdraw-gemcutter;37029;4310.000000;12.048387;2;1;0;1
graphdraw-grafo2;37029;35762.000000;445.166667;1;804;2;806
graphdraw-mainerd;37029;30496.000000;119.016129;1;83;0;83
graphdraw-opmanager;37029;54717.000000;251.292683;1;389;1;390
gsvm2rl11;37029;35640.343493;0.000000;2;359;0;359
gsvm2rl12;37029;50.000000;-0.000000;2;612;0;612
gsvm2rl3;37029;0.600000;-0.000000;2;3;0;3
gsvm2rl5;37029;10.000000;-0.000000;2;9;0;9
gsvm2rl9;37029;16356.825869;0.000000;2;58;0;58
gt2;37029;21166.000000;4.130952;2;0;0;0
h50x2450;37029;11147.731511;3.696751;1;29;0;29
h80x6320;37029;3700.000000;0.000000;1;26;0;26
h80x6320d;37029;5325.160104;2.515625;1;44;0;44
hanoi5;37029;1931.000000;245.237539;25;317;4;321
haprp;37029;3679667.254486;41.766595;2;5;0;5
harp2;37029;-74325169.345138;5.496152;1;2;0;2
hgms-det;37029;-53793.320679;37.099950;1;199;0;199
hgms30;37029;-53327.995245;51.804834;1;7417;0;7417
hgms62;37029;-53394.446147;54.735370;1;14185;0;14185
hypothyroid-k1;37029;-2846.896104;38.365286;3;7344;6;7350
ic97_potential;37029;4058.000000;55.050000;2;3;0;3
ic97_tension;37029;3975.000000;15.366667;2;1;0;1
icir97_potential;37029;6619.000000;172.384181;2;37;0;37
icir97_tension;37029;6309.000000;102.600000;2;3;0;3
iis-100-0-cov;37029;41.000000;0.000000;3;93;0;93
iis-bupa-cov;37029;49.000000;-0.000000;3;154;0;154
iis-glass-cov;37029;28.000000;0.000000;3;123;1;124
iis-hc-cov;37029;22.000000;0.000000;3;149;2;151
iis-pima-cov;37029;41.000000;-0.000000;3;197;1;198
irp;37029;12123.530222;6.000000;1;75;1;76
istanbul-no-cutoff;37029;62.541409;3.968407;1;268;0;268
ivu06-big;37029;135.427718;95.799872;1;52805;155;52960
ivu06;37029;135.901353;96.981489;1;14138;55;14193
ivu52;37029;480.250438;81.910351;1;6374;13;6387
ivu59;37029;884.456993;122.834601;1;212695;250;212945
janos-us-DDM;37029;1488134.750000;22.375000;1;8;0;8
k16x240;37029;11359.000000;0.000000;2;1;0;1
k16x240b;37029;12874.000000;0.000000;2;0;0;0
k1mushroom;37029;-3747.840298;42.576586;3;20144;21;20165
k1mushroomi;37029;-4165.061224;64.102041;1;15117;3;15120
khb05250;37029;126785464.000000;0.000000;2;1;0;1
l2p12;37029;2.000000;831.449119;3;224;1;225
l2p1i;37029;1.000000;607.419608;2;917;24;941
l2p2i;37029;1.000000;874.857828;2;130;1;131
lectsched-1-obj;37029;36.000000;28.046924;4;216;3;219
lectsched-1;37029;0.000000;6.882322;2;180;1;181
lectsched-2;37029;0.000000;29.221196;3;91;1;92
lectsched-3;37029;0.000000;4.358796;9;185;6;191
lectsched-4-obj;37029;3.000000;14.190535;14;55;3;58
lectsched-5-obj;37029;15.000000;44.276539;5;165;4;169
leo1;37029;530605779.573215;2.950107;3;70;2;72
leo2;37029;572818097.713015;1.549961;3;127;3;130
liu;37029;346.000000;11.229183;2;7;0;7
loopha13;37029;6.279000;1.132999;2;205;0;205
lotsize;37029;1335747.052789;7.405615;2;7;0;7
lr1dr02vc05v8a-t360;37029;120707.344638;169.266715;1;1006;1;1007
lr1dr04vc05v17a-t360;37029;247150.518188;322.854834;1;2073;1;2074
lr1dr12vc10v70b-t360;37029;983958.597196;1051.434951;1;44236;9;44245
lr2-22dr3-333vc4v17a-t60;37029;-72770.836006;244.127587;2;36919;8;36927
lrn;37029;44373752.713965;53.546052;2;418;0;418
m100n500k4r1;37029;-17.000000;-0.000000;3;7;0;7
macrophage;37029;35.000000;209.000000;1;6;0;6
mad;37029;0.000000;4.366204;1;2;0;2
manna81;37029;-11868.000000;0.000000;3;40;0;40
map06;37029;-406.181173;7.868443;1;1191;0;1191
map10;37029;-602.176181;11.248146;1;1058;0;1058
map14;37029;-778.549324;11.962355;1;1116;0;1116
map14860-20;37029;-998.836419;10.400693;1;1381;0;1381
map16715-04;37029;-296.267898;4.997036;1;1080;0;1080
map18;37029;-932.782685;11.173489;1;1275;0;1275
map20;37029;-998.836419;10.400693;1;1240;0;1240
mappingmesh3x3mpeg2i;37029;10000.000000;161.127209;2;21;0;21
mario-t-hard5i;37029;-4482.000000;235.149319;1;176;1;177
markshare1;37029;230.000000;-0.000000;2;0;0;0
markshare2;37029;454.000000;0.000000;2;0;0;0
markshare_4_0;37029;226.000000;0.000000;2;0;0;0
markshare_5_0;37029;337.000000;0.000000;2;0;0;0
mas74;37029;10482.795280;3.103514;1;1;0;1
mas76;37029;38893.903641;2.555097;1;1;0;1
maxgasflow;37029;-53620694.316699;233.171088;2;71;0;71
mc11;37029;13520.000000;-0.000000;2;29;0;29
mc7;37029;5797.000000;-0.000000;2;30;0;30
mc8;37029;1944.000000;-0.000000;2;30;0;30
mcsched;37029;474351.816438;29.021488;2;152;0;152
methanosarcina;37029;0.000000;282.500000;1;58;0;58
mik-250-1-100-1;37029;-0.000000;0.000000;2;2;0;2
mik-250-20-75-1;37029;0.000000;0.000000;2;2;0;2
mik-250-20-75-2;37029;-0.000000;-0.000000;2;2;0;2
mik-250-20-75-3;37029;-0.000000;-0.000000;2;2;0;2
mik-250-20-75-4;37029;-0.000000;-0.000000;2;2;0;2
mik-250-20-75-5;37029;0.000000;-0.000000;2;2;0;2
milo-v12-6-r1-58-1;37029;422507.582835;145.714423;2;161;0;161
milo-v12-6-r1-75-1;37029;684446.509887;174.270141;2;177;0;177
milo-v12-6-r2-40-1;37029;213638.744473;103.889654;2;72;0;72
milo-v13-4-3d-3-0;37029;23373.122645;0.739975;1;17;0;17
milo-v13-4-3d-4-0;37029;34049.245605;1.277727;1;36;0;36
mine-166-5;37029;-552883467.060796;36.684884;5;132;0;132
mine-90-10;37029;-827656854.061004;55.076435;1;88;0;88
mining;37029;-885911894.603839;8594.317279;65;72147;1403;73550
minutedispatchstrategy;37029;3582.138213;101.664381;1441;1943;635;2578
misc07;37029;1415.000000;8.000000;1;2;0;2
mitre;37029;114908.998992;168.716846;1;76;0;76
mkc;37029;-298.990000;-0.000000;3;29;0;29
mkc1;37029;-550.278772;6.529051;3;30;0;30
mod010;37029;6532.083333;15.166667;1;14;0;14
modglob;37029;20786787.016883;-0.000000;2;1;0;1
moj-mining;37029;-1520532907.350179;566.626558;2;47161;0;47161
momentum1;37029;121860.460323;47.487111;2;136;0;136
momentum2;37029;12884.172158;84.534262;3;591;2;593
mrcpspj30-15-5i;37029;23.000000;77.119901;2;55;0;55
mrcpspj30-17-10i;37029;25.000000;225.155906;34;133;13;146
mrcpspj30-53-3i;37029;30.000000;87.673073;2;76;0;76
msc98-ip;37029;19530897.712302;353.788784;2;733;1;734
mspp16;37029;341.000000;3.000000;1;24608;144;24752
mspsphard01i;37029;69.000000;44.768654;3;54;1;55
mspsphard03i;37029;73.000000;89.470874;5;97;2;99
mtest4ma;37029;60342.000000;0.000000;2;2;0;2
mushroom-best;37029;0.079076;0.007000;3;285;3;288
mzzv11;37029;-22076.000000;186.202623;2;281;1;282
mzzv42z;37029;-20490.000000;179.192264;2;281;1;282
n13-3;37029;4810470.000000;0.000000;2;2;0;2
n15-3;37029;71710891.000000;0.000000;2;4656;0;4656
n2seq36f;37029;71600.000000;-0.000000;3;34;0;34
n2seq36q;37029;101037.600000;28.840000;3;143;3;146
n3-3;37029;23704230.000000;0.000000;2;133;0;133
n3700;37029;1342560.000000;0.000000;2;22;0;22
n3705;37029;1342540.000000;0.000000;2;26;0;26
n3707;37029;1301218.000000;0.000000;2;27;0;27
n3709;37029;1324904.000000;-0.000000;2;24;0;24
n370a;37029;1353042.000000;-0.000000;2;29;0;29
n370b;37029;1373791.000000;-0.000000;2;27;0;27
n3div36;37029;314000.000000;6.227888;3;127;4;131
n3seq24;37029;198664.580534;43.960251;3;2279;48;2327
n4-3;37029;12003175.000000;-0.000000;2;62;0;62
n5-3;37029;10502425.000000;-0.000000;2;14;0;14
n6-3;37029;10807500.000000;0.000000;2;42;0;42
n7-3;37029;8409710.000000;0.000000;2;39;0;39
n9-3;37029;20705025.000000;-0.000000;2;127;0;127
nag;37029;465.000000;10.908434;4;46;0;46
neos-1061020;37029;-145860.370608;501.054054;1;788;0;788
neos-1067731;37029;669053.000000;87.000000;1;661;0;661
neos-1109824;37029;278.000000;22.000000;1;55;0;55
neos-1112782;37029;22000000110147.347656;0.000000;2;25;0;25
neos-1112787;37029;19500000125389.667969;0.000000;2;24;0;24
neos-1122047;37029;162.000000;0.000000;2;119;0;119
neos-1171448;37029;-309.000000;5.777778;2;123;0;123
neos-1171692;37029;-273.000000;4.936782;2;41;0;41
neos-1171737;37029;-195.000000;9.875000;2;49;0;49
neos-1225589;37029;5000000000.000000;-0.000000;2;1;0;1
neos-1311124;37029;-182.000000;5.250000;2;3;0;3
neos-1324574;37029;36.000000;135.000000;2;33;0;33
neos-1330346;37029;34.000000;90.268408;2;56;0;56
neos-1337307;37029;-201272.000000;272.493985;2;52;0;52
neos-1354092;37029;46.000000;235.398385;2;1051;2;1053
neos-1367061;37029;31320456.264497;6.250000;2;1262;1;1263
neos-1396125;37029;3000.046554;10.228463;2;8;0;8
neos-1420546;37029;22124.400000;103.140678;1;378;0;378
neos-1420790;37029;2942.750002;75.132359;1;52;0;52
neos-1423785;37029;-1773.639422;144.183541;2;320;0;320
neos-1425699;37029;3175561447.505317;0.344988;1;0;0;0
neos-1426635;37029;-178.000000;6.235119;2;2;0;2
neos-1426662;37029;-52.000000;24.768519;2;4;0;4
neos-1429212;37029;2425.386455;328.355033;1;4723;9;4732
neos-1430701;37029;-78.000000;5.278895;2;2;0;2
neos-1436709;37029;-129.000000;5.000000;2;4;0;4
neos-1440225;37029;36.000000;34.173132;1;64;0;64
neos-1440460;37029;-180.000000;5.527778;2;2;0;2
neos-1442119;37029;-182.000000;7.291667;2;4;0;4
neos-1442657;37029;-156.000000;6.083333;2;3;0;3
neos-1445532;37029;-14382.000000;4.666667;2;26;0;26
neos-1445738;37029;-18525.765543;192.856918;1;1117;0;1117
neos-1445743;37029;-18902.810023;198.050465;1;1146;0;1146
neos-1445765;37029;-18811.492536;210.050240;1;1103;0;1103
neos-1456979;37029;154.000000;27.901173;1;42;0;42
neos-1516309;37029;34769.833333;9.166667;2;29;0;29
neos-1582420;37029;88.469527;56.693409;5;38;0;38
neos-1593097;37029;19581.000000;35.532718;1;41;0;41
neos-1599274;37029;31644.742857;8.000000;2;32;0;32
neos-1601936;37029;1.000000;152.757983;1;889;0;889
neos-1603965;37029;619257281.729079;159.275183;3;2219;1;2220
neos-1605061;37029;6.150735;154.102548;1;2364;0;2364
neos-1605075;37029;3.214461;178.628105;1;1871;0;1871
neos-1616732;37029;174.000000;-0.000000;3;57;0;57
neos-1620770;37029;22.000000;35.000000;2;187;0;187
neos-2294525-abba;37029;251.550909;2.782932;1;88;0;88
neos-2328163-agri;37029;27254.625000;62.348214;1;112;0;112
neos-2624317-amur;37029;0.000000;22.711257;1;2;0;2
neos-2629914-sudost;37029;39622.000000;15.333333;1;200;0;200
neos-2652786-brda;37029;0.000000;15.533521;2;1;0;1
neos-2657525-crna;37029;0.000000;18.351928;2;1;0;1
neos-2669500-cust;37029;2221.900000;100.250838;1;442;4;446
neos-2746589-doon;37029;1985.939796;54.551734;1;209;2;211
neos-2974461-ibar;37029;472952396.770997;3364.000000;2;175778;31;175809
neos-2978193-inde;37029;-2.418518;7.400000;1;53;0;53
neos-2978205-isar;37029;-12.415307;28.800000;1;197;0;197
neos-2987202-jeir;37029;-1847551552.236609;1035.632796;2;63175;1;63176
neos-2987310-joes;37029;-610797465.676975;19.875000;2;854;0;854
neos-2991472-kalu;37029;138.000000;18.557396;2;3190;92;3282
neos-3004026-krka;37029;0.000000;832.000000;1;46;0;46
neos-3009394-lami;37029;0.642857;216.628571;1;3;0;3
neos-3024952-loue;37029;25442.000000;116.550000;5;230;0;230
neos-3025225-shelon;37029;0.077135;318.031391;1;85936;20;85956
neos-3046601-motu;37029;185.000000;0.023300;2;0;0;0
neos-3046615-murg;37029;192.000000;0.024900;2;0;0;0
neos-3048764-nadi;37029;-3883988306.366695;0.000000;1;41;0;41
neos-3065804-namu;37029;0.000000;0.000000;1;217;0;217
neos-3068746-nene;37029;77427529.530929;51.698455;2;149;0;149
neos-3072252-nete;37029;10593526.000000;1.938794;2;1;0;1
neos-3075395-nile;37029;1127152.765198;9.064729;1;71;0;71
neos-3083784-nive;37029;0.000000;0.395487;1;6;0;6
neos-3083819-nubu;37029;6290575.552807;5.598385;1;34;0;34
neos-3116779-oban;37029;0.000000;0.000000;1;23;0;23
neos-3118745-obra;37029;291.000000;-0.000000;3;4;0;4
neos-3148108-pahi;37029;0.000000;0.000000;1;62;0;62
neos-3209462-rhin;37029;0.000000;47.352227;2;4499;1;4500
neos-3209519-ruhr;37029;332.850000;25.096416;1;46;0;46
neos-3214367-sovi;37029;87807.062267;86.266322;1;1789;0;1789
neos-3216931-puriri;37029;58817.360975;51.659853;1;779;0;779
neos-3226448-wkra;37029;0.000000;512.043709;1;796;0;796
neos-3237086-abava;37029;0.000000;56.000000;1;235;2;237
neos-3322547-alsek;37029;616.000000;115.178534;2;10423;69;10492
neos-3352863-ancoa;37029;43800.000000;-0.000000;3;632;11;643
neos-3354841-apure;37029;48560.000000;3.800000;1;2028;23;2051
neos-3355120-tarago;37029;-19761147.469026;128.754971;1;793;1;794
neos-3355323-arnon;37029;0.000000;33.818182;4;67;3;70
neos-3372571-onahau;37029;0.576990;8.695953;2;1034;0;1034
neos-3373491-avoca;37029;21687686014.015354;20.812587;1;8;0;8
neos-3381206-awhea;37029;432.000000;61.334767;2;4;0;4
neos-3402294-bobin;37029;0.000000;50.584407;1;219;1;220
neos-3426085-ticino;37029;235.000000;41.787470;3;30;0;30
neos-3426132-dieze;37029;427.000000;103.670666;2;49;0;49
neos-3437289-erdre;37029;0.000000;0.000000;1;67;0;67
neos-3530903-gauja;37029;170.000000;33.253136;3;4;0;4
neos-3530905-gaula;37029;153.000000;29.042208;2;3;0;3
neos-3555904-turama;37029;-37.664423;1768.886014;4;5749;6;5755
neos-3572885-glina;37029;0.000000;0.000000;1;82;1;83
neos-3581454-haast;37029;1969.000000;47.338710;1;75;0;75
neos-3592146-hawea;37029;7345804.855333;13.281253;1;43;0;43
neos-3594536-henty;37029;383310.000000;1311.000000;1;70;1;71
neos-3603137-hoteo;37029;0.000000;38.166667;3;42;1;43
neos-3610040-iskar;37029;37.165417;2.262083;2;2;0;2
neos-3610051-istra;37029;48.227558;5.054237;2;4;0;4
neos-3610173-itata;37029;147.441250;3.692500;2;3;0;3
neos-3611447-jijia;37029;116.645382;2.294795;2;2;0;2
neos-3611689-kaihu;37029;138.382063;1.574126;2;2;0;2
neos-3615091-sutlej;37029;-1506391.117177;161.684320;1;1721;9;1730
neos-3627168-kasai;37029;1028641.180000;2.678667;2;3;0;3
neos-3634244-kauru;37029;0.000000;152.720000;1;3642;3;3645
neos-3636886-kereu;37029;1114.701601;0.001506;2;78;1;79
neos-3660371-kurow;37029;286.534383;18.104379;1;19;0;19
neos-3661949-lesse;37029;689000000.000000;0.000000;1;3;0;3
neos-3665875-lesum;37029;248.325000;40.526828;2;82;0;82
neos-3682128-sandon;37029;30098104.111687;108.126984;2;84;0;84
neos-3691541-lonja;37029;-0.061575;9.639780;1;54;0;54
neos-3695882-vesdre;37029;-145935.214286;38.967891;1;271;1;272
neos-3696678-lyvia;37029;83.750000;63.000000;1;5;0;5
neos-3699377-maori;37029;135877.224265;84.275975;2;96;0;96
neos-3703351-marne;37029;317056.210386;73.309688;2;58;0;58
neos-3740487-motru;37029;152.145486;76.975427;2;38997;64;39061
neos-3754480-nidda;37029;-1216923.270104;12.186832;1;3;0;3
neos-3755335-nizao;37029;50.030157;82.516978;2;530;1;531
neos-3759587-noosa;37029;48.334468;4.320000;3;325;1;326
neos-3761878-oglio;37029;422769.022545;68.617519;2;45;0;45
neos-3762025-ognon;37029;603955.746492;51.755251;2;35;0;35
neos-4165869-wannon;37029;285.150608;103.410202;2;547;1;548
neos-4230265-orari;37029;38515515.684909;56.957317;3;2658;1;2659
neos-4260495-otere;37029;3462.928116;161.718352;3;507;9;516
neos-4264598-oueme;37029;4719412304.625630;65.571331;2;1936;0;1936
neos-4285819-pedja;37029;34.451960;101.159938;2;292173;61;292234
neos-4290317-perth;37029;3613303.634755;0.000000;2;1690;0;1690
neos-4295773-pissa;37029;0.000000;1644.289474;1;5311;4;5315
neos-4300652-rahue;37029;0.000000;32.333333;1;751;1;752
neos-4306827-ravan;37029;-26673.307580;191.390311;2;327;4;331
neos-4321076-ruwer;37029;1880.558333;39.333333;1;19407;1;19408
neos-4322846-ryton;37029;0.419848;27.932085;1;631;6;637
neos-4332801-seret;37029;233683.594384;171.178174;3;293;7;300
neos-4332810-sesia;37029;-23062.998566;161.274117;3;267;6;273
neos-4333464-siret;37029;24.688318;0.121324;2;9;0;9
neos-4333596-skien;37029;-14653654.846569;0.746303;1;3;0;3
neos-4335793-snake;37029;0.123684;141.753072;2;1256;1;1257
neos-4338804-snowy;37029;1447.000000;17.873600;3;4;0;4
neos-4343293-stony;37029;52.758728;0.200000;2;59;0;59
neos-4355351-swalm;37029;33.854869;0.094819;2;157;3;160
neos-4358725-tagus;37029;1889548.577948;203.435939;2;668;0;668
neos-4359986-taipa;37029;0.395578;39.118149;1;1081;1;1082
neos-4360552-sangro;37029;-29.500000;572.303976;1;8537;1;8538
neos-4387871-tavua;37029;36.445048;0.200000;2;41;0;41
neos-4391920-timok;37029;0.000378;34.957374;1;6295;5;6300
neos-4393408-tinui;37029;340.267489;0.200000;2;43;0;43
neos-4408804-prosna;37029;914.483516;71.708791;1;3237;1;3238
neos-4409277-trave;37029;0.000000;350.162065;1;1803;1;1804
neos-4413714-turia;37029;43.474651;369.948540;1;1963;10;1973
neos-4532248-waihi;37029;0.370420;32.577719;1;4412;5;4417
neos-4533806-waima;37029;3063.318841;49.500000;1;984;5;989
neos-4545615-waita;37029;3606.594190;54.131913;1;19061;42;19103
neos-4555749-wards;37029;3026.812121;34.958139;1;949;5;954
neos-4562542-watut;37029;3743.304348;42.464103;1;2965;8;2973
neos-4647027-thurso;37029;26911.641616;130.575703;1;2416;0;2416
neos-4647030-tutaki;37029;26911.641616;131.360812;1;2765;0;2765
neos-4647032-veleka;37029;26587.908699;174.943874;1;3680;0;3680
neos-4650160-yukon;37029;-22633.302692;150.257047;1;5;0;5
neos-4722843-widden;37029;63671.455263;748.515195;3;341;7;348
neos-4724674-aorere;37029;3955.706101;88.928956;3;362;6;368
neos-4736745-arroux;37029;262263446.114579;4.100609;2;38;0;38
neos-4738912-atrato;37029;323678468.688703;3.843750;2;28;0;28
neos-4754521-awarau;37029;0.000000;0.000000;1;1110;6;1116
neos-4760493-puerua;37029;1908.243695;237.071976;1;32755;2;32757
neos-476283;37029;406.244708;13.663873;1;5657;0;5657
neos-4763324-toguru;37029;1120.986062;232.945926;1;32984;3;32987
neos-4797081-pakoka;37029;0.000000;995.738455;1;6271;2;6273
neos-4805882-barwon;37029;22058.983698;108.041076;3;190;1;191
neos-480878;37029;515.138796;4.583278;2;17;0;17
neos-4954274-beardy;37029;18659.208282;287.749893;2;937;2;939
neos-4954672-berkel;37029;3491016.775148;2.808176;2;2;0;2
neos-4966258-blicks;37029;366.090909;32.634154;2;1189;1;1190
neos-4971100-bodrog;37029;0.000000;0.000000;1;48;0;48
neos-4972437-bojana;37029;357.086296;28.807479;2;9379;2;9381
neos-4972461-bolong;37029;466.511858;36.737112;2;5853;2;5855
neos-4976951-bunnoo;37029;377.416466;26.273303;2;4851;2;4853
neos-4984115-canche;37029;-9947088.084138;0.363560;1;11;0;11
neos-498623;37029;16.283333;44.828704;1;89;0;89
neos-5013590-toitoi;37029;1064.447092;169.000000;1;13267;1;13268
neos-5018451-chiese;37029;-148612315.605332;10.652915;1;1538;0;1538
neos-503737;37029;50.000000;47.918146;1;35;0;35
neos-5041822-cockle;37029;5701464.927099;174.422554;3;928;3;931
neos-5044663-wairoa;37029;4653100.000000;565.703885;1;15918;1;15919
neos-5045105-creuse;37029;19.066672;17.344408;1;62;0;62
neos-5049753-cuanza;37029;464.000000;46.400000;1;1895;1;1896
neos-5051588-culgoa;37029;128.750000;30.632366;1;107;0;107
neos-5052403-cygnet;37029;214.868916;84.825356;6;37640;122;37762
neos-506422;37029;0.000000;7.000000;1;129;0;129
neos-506428;37029;145945.000000;96.000000;1;1062;3;1065
neos-5075914-elvire;37029;326.576324;56.255415;2;49;0;49
neos-5076235-embley;37029;1930.000000;0.112088;2;479;0;479
neos-5078479-escaut;37029;7438.416728;38.551929;2;111;0;111
neos-5079731-flyers;37029;2004.000000;1.153846;2;482;0;482
neos-5083528-gimone;37029;0.000000;17.250000;1;235;3;238
neos-5093327-huahum;37029;3934.000000;1.858333;2;498;0;498
neos-5100895-inster;37029;2084.000000;3.428571;2;317;0;317
neos-5102383-irwell;37029;1740.000000;2.593407;2;508;0;508
neos-5104907-jarama;37029;648.590198;45.615037;2;7482;2;7484
neos-5106984-jizera;37029;721.000000;2.214286;2;2797;4;2801
neos-5107597-kakapo;37029;0.000000;0.591250;2;37;0;37
neos-5108386-kalang;37029;621.655661;44.513210;2;17926;4;17930
neos-5114902-kasavu;37029;518.000000;88.000000;2;7692;9;7701
neos-5115478-kaveri;37029;0.000000;0.529375;2;33;0;33
neos-5116085-kenana;37029;452.000000;75.333333;1;5355;3;5358
neos-5118834-korana;37029;583.521384;86.843852;2;12549;4;12553
neos-5118851-kowhai;37029;1134.000000;4.250000;2;3593;5;3598
neos-5123665-limmat;37029;654.150497;45.837225;2;19703;6;19709
neos-5125849-lopori;37029;0.000000;5.984639;1;36;0;36
neos-5129192-manaia;37029;0.000000;10.000000;1;2969;11;2980
neos-5138690-middle;37029;609.154239;78.962029;2;23729;5;23734
neos-5140963-mincio;37029;8877.000000;2.142857;1;1;0;1
neos-5149806-wieprz;37029;45.000000;8.083000;4;402;12;414
neos-5151569-mologa;37029;686060547.750363;27.742842;2;2807;2;2809
neos-5178119-nalagi;37029;8.569859;23.987927;2;95;0;95
neos-5182409-nasivi;37029;0.000000;19.680679;1;7;0;7
neos-5188808-nattai;37029;0.000000;12.794689;1;367;0;367
neos-5189128-totara;37029;330131.390743;21.863581;1;933;2;935
neos-5192052-neckar;37029;-11980000.000000;0.400000;2;0;0;0
neos-5193246-nerang;37029;0.000000;407.058098;1;351;0;351
neos-5195221-niemur;37029;0.000000;340.047019;1;278;0;278
neos-5196530-nuhaka;37029;0.000000;437.613062;1;235;0;235
neos-520729;37029;-1389625.000000;9.185238;1;459;0;459
neos-5221106-oparau;37029;0.000000;33.949758;1;567;1;568
neos-525149;37029;60.000000;40.416667;1;34;0;34
neos-5260764-orauea;37029;58748.022532;8.725559;1;71;0;71
neos-5261882-treska;37029;26047.998000;6.157765;1;6;0;6
neos-5266653-tugela;37029;21659.678723;20.155553;1;130;1;131
neos-555001;37029;962625.000000;32.414286;1;7;0;7
neos-555343;37029;1346700.000000;157.193056;4;14;1;15
neos-555424;37029;1286800.000000;144.027778;1;33;0;33
neos-555884;37029;1112400.000000;165.150000;1;32;0;32
neos-565672;37029;55015.268433;57.351362;4;14343;19;14362
neos-574665;37029;5932913.752734;8.390264;3;4;0;4
neos-578379;37029;0.000000;99.503183;1;1715;1;1716
neos-585192;37029;384.328979;0.433130;2;13;0;13
neos-585467;37029;347.224531;0.316538;2;8;0;8
neos-595904;37029;61213.471080;16.893904;2;73;0;73
neos-619167;37029;1.481241;35.984608;1;142;0;142
neos-631517;37029;6739789.880207;54.765396;2;9;0;9
neos-631710;37029;286.000000;225.464535;2;930;17;947
neos-633273;37029;6996841097.997801;0.000000;1;146;0;146
neos-662469;37029;184342.980720;94.063832;1;473;1;474
neos-686190;37029;5134.813830;17.515957;1;107;0;107
neos-691058;37029;263.400000;89.722030;1;148;0;148
neos-693347;37029;234.000000;78.650471;1;705;0;705
neos-738098;37029;-1099.000000;183.414545;1;248;0;248
neos-777800;37029;-80.000000;75.998740;1;52;0;52
neos-780889;37029;3421500.000000;0.000000;1;345;5;350
neos-787933;37029;30.000000;0.000000;1;1;0;1
neos-799711;37029;-11228065.153797;82.404201;1;781;0;781
neos-799716;37029;4932670.661692;20.807498;1;52;0;52
neos-807639;37029;332.924117;12.512286;1;8;0;8
neos-820879;37029;24874.267857;63.030000;1;74;0;74
neos-824661;37029;55.000000;94.965217;2;242;1;243
neos-824695;37029;43.000000;61.571429;2;91;0;91
neos-826224;37029;124.000000;43.333333;2;195;2;197
neos-826650;37029;32.000000;154.916667;2;39;0;39
neos-826694;37029;72.000000;221.851190;2;128;1;129
neos-826812;37029;69.011000;175.561360;3;125;1;126
neos-826841;37029;32.008200;127.466667;2;37;0;37
neos-827015;37029;2.098071;332.649497;1;1634;3;1637
neos-827175;37029;115.001520;111.833333;2;153;2;155
neos-829552;37029;2.098071;248.920991;1;1657;1;1658
neos-831188;37029;1.767720;87.466667;1;54;0;54
neos-847302;37029;0.000000;50.238405;1;49;0;49
neos-848198;37029;168977.000000;-0.000000;2;159;0;159
neos-848589;37029;0.000000;1.000000;1;1137;1;1138
neos-849702;37029;0.000000;84.820647;1;19;0;19
neos-850681;37029;2087.000000;59.090597;1;107;0;107
neos-860300;37029;2035.362225;9.000000;1;42;0;42
neos-872648;37029;52.571637;0.000000;2;1013;7;1020
neos-873061;37029;135.208828;0.000000;2;1298;8;1306
neos-876808;37029;169615.062608;275.400000;2;2820;2;2822
neos-885086;37029;-243.000000;18.235808;2;199;0;199
neos-885524;37029;12397.479000;5.525486;3;72;2;74
neos-911880;37029;23.260000;14.681422;1;2;0;2
neos-911970;37029;23.260000;20.048919;1;2;0;2
neos-913984;37029;1000.000000;36.385148;1;167;3;170
neos-914441;37029;5660364.283770;87.286515;1;2194;0;2194
neos-916792;37029;26.283217;17.068306;2;127;0;127
neos-932721;37029;513000.000000;-0.000000;2;56;0;56
neos-932816;37029;513000.000000;0.000000;2;132;1;133
neos-933562;37029;0.000000;82.687196;1;30;0;30
neos-933638;37029;452018.000000;-0.000000;2;146;1;147
neos-933966;37029;412038.000000;-0.000000;2;125;1;126
neos-934278;37029;444012.000000;0.000000;2;295;1;296
neos-935234;37029;436011.000000;0.000000;2;290;1;291
neos-935627;37029;23070.000000;0.000000;2;326;1;327
neos-935769;37029;23610.000000;-0.000000;2;331;1;332
neos-937511;37029;52640.000000;-0.000000;2;409;1;410
neos-937815;37029;54650.000000;0.000000;2;457;1;458
neos-941262;37029;51923.000000;-0.000000;2;330;1;331
neos-941313;37029;9361.000000;252.116021;1;488;5;493
neos-942830;37029;12.000000;62.559527;2;29;0;29
neos-948126;37029;52602.000000;-0.000000;2;359;1;360
neos-948346;37029;-182.737034;18.375561;16;463;56;519
neos-950242;37029;2.000000;42.000000;2;104;1;105
neos-953928;37029;-8.906667;12.942467;4;165;5;170
neos-954925;37029;-147.787389;45.557191;4;381;15;396
neos-956971;37029;-104.788318;34.217227;5;504;19;523
neos-957143;37029;-185.847699;34.060881;5;534;16;550
neos-957323;37029;-218.785116;18.500000;3;276;10;286
neos-957389;37029;1.500000;15.470175;1;73;1;74
neos-960392;37029;-238.000000;301.558442;1;281;3;284
neos-983171;37029;52403.000000;0.000000;2;442;1;443
neos-984165;37029;51812.000000;0.000000;2;414;1;415
neos13;37029;-126.178378;42.587671;3;185;0;185
neos15;37029;143201.242910;0.000000;2;1;0;1
neos16;37029;429.000000;12.571429;3;4;0;4
neos17;37029;0.222688;0.000000;2;7;0;7
neos18;37029;12.000000;42.166667;6;80;0;80
neos2;37029;-4407.097239;5.158588;1;5;0;5
neos22;37029;792540.000000;11.064286;2;37;0;37
neos5;37029;17.250000;0.000000;2;1;0;1
neos6;37029;114.038055;32.275044;6;278;8;286
neos8;37029;-3309.500000;20.750000;3;32;0;32
neos808444;37029;0.000000;193.039827;1;256;1;257
neos9;37029;780.000000;44.250000;1;338;0;338
net12;37029;47.514236;175.164931;3;1067;1;1068
netdiversion;37029;454.800000;765.000000;2;7479;11;7490
newdano;37029;11.724138;8.447296;1;2;0;2
nexp-150-20-1-5;37029;74.000000;-0.000000;3;36;0;36
nexp-150-20-8-5;37029;560.000000;-0.000000;3;84;2;86
nexp-50-20-1-1;37029;35.000000;-0.000000;2;1;0;1
nexp-50-20-4-2;37029;120.000000;0.000000;2;2;0;2
nh97_potential;37029;1462.000000;73.200000;2;6;0;6
nh97_tension;37029;1429.000000;76.466667;2;2;0;2
nj1;37029;0.000000;607.000000;1;470;1;471
nj2;37029;0.000000;607.000000;1;659;1;660
nj3;37029;0.000000;607.000000;1;1741;1;1742
nobel-eu-DBE;37029;7456550.000000;0.800000;2;97;0;97
noswot;37029;-39.920111;4.557455;3;1;0;1
ns1111636;37029;96.250000;17.588542;1;244;1;245
ns1116954;37029;0.000000;154.227320;1;655;1;656
ns1208400;37029;0.000000;98.625000;1;33;0;33
ns1430538;37029;73.621609;10.760231;1;398;0;398
ns1456591;37029;361.939022;19.000000;1;115;0;115
ns1606230;37029;13.225000;184.269160;1;1747;0;1747
ns1631475;37029;94800.000000;643.196596;2;1232;2;1234
ns1679495;37029;3355407.151677;106.229642;2;46758;13;46771
ns1685374;37029;-51.800913;96.218654;1;2636;1;2637
ns1688347;37029;2.259259;26.784316;1;411;0;411
ns1690781;37029;-1022.227789;60.056795;2;112;0;112
ns1696083;37029;2.038462;48.811865;1;607;1;608
ns1758913;37029;-1473.311978;85.635340;1;9093;6;9099
ns1760995;37029;-1349.487943;142.000000;1;15508;7;15515
ns1778858;37029;-22635740.000000;227.465047;2;292;0;292
ns1828997;37029;0.000000;75.000000;1;1678;1;1679
ns1830653;37029;7083.000000;56.889599;1;90;0;90
ns1849932;37029;546.000000;5.425770;1;1036;5;1041
ns1853823;37029;1172000.000000;1345.731857;2;43130;23;43153
ns1854840;37029;1664000.000000;1124.615817;2;8662;15;8677
ns1856153;37029;0.000000;203.023072;2;207;1;208
ns1904248;37029;0.000000;476.666667;3;2462;7;2469
ns1905797;37029;11.750980;32.426504;1;214;1;215
ns1905800;37029;6.436600;26.487503;1;45;0;45
ns1952667;37029;0.000000;9.316422;1;179;1;180
ns2017839;37029;77026841466348.468750;1.620352;2;4710;0;4710
ns2034125;37029;24740.000000;387.512494;2;2733;0;2733
ns2071214;37029;0.000000;42.769522;1;89;0;89
ns2081729;37029;4.600000;0.185500;2;2;0;2
ns2122698;37029;62785.622771;196.156523;1;375;1;376
ns2124243;37029;53998.333333;192.722222;1;256;1;257
ns2137859;37029;24629.000000;56.954851;1;97;0;97
ns4-pr3;37029;711323.000000;0.000000;2;123;0;123
ns4-pr6;37029;395464.500000;0.000000;2;39;0;39
ns4-pr9;37029;481275.000000;0.000000;2;77;0;77
ns894236;37029;18.000000;109.321441;2;215;0;215
ns894244;37029;16.000000;173.406937;2;529;1;530
ns894786;37029;14.000000;98.226662;2;511;2;513
ns894788;37029;7.000000;55.133280;2;78;0;78
ns903616;37029;22.000000;171.407176;2;523;1;524
nsa;37029;91.855632;7.418401;2;8;0;8
nsr8k;37029;17500809.511815;639.895001;1;8785;2;8787
nsrand-ipx;37029;68640.000000;0.000000;3;49;1;50
nu120-pr12;37029;197775.000000;4.800000;2;37;0;37
nu120-pr3;37029;511253.750000;28.016727;2;102;0;102
nu120-pr9;37029;334880.000000;15.750000;2;73;0;73
nu25-pr12;37029;297882.500000;4.233333;2;40;0;40
nu4-pr9;37029;481275.000000;12.713333;2;72;0;72
nu60-pr9;37029;386150.000000;12.150000;2;69;0;69
nucorsav;37029;29.046100;79.993750;1;70179;145;70324
nursesched-medium-hint03;37029;33.468485;463.947617;1;1151;3;1154
nursesched-medium04;37029;452.000000;371.763072;2;789;6;795
nursesched-sprint-hidden09;37029;516.944444;178.989683;2;294;2;296
nursesched-sprint-late03;37029;34.254806;182.557279;1;323;1;324
nursesched-sprint02;37029;131.416667;138.065972;2;221;2;223
nw04;37029;16310.666667;2.000000;1;167;3;170
ofi;37029;6135598681.449045;1321.867570;196;3673;96;3769
ofi2;37029;6128453035.160096;1604.443623;184;6022;137;6159
oocsp-racks030e6cci;37029;0.000000;584.128665;15;162;10;172
opm2-z10-s2;37029;-21344.000000;-0.000000;5;7171;7;7178
opm2-z10-s4;37029;-20011.000000;-0.000000;5;7237;8;7245
opm2-z11-s8;37029;-24077.000000;0.000000;5;11751;9;11760
opm2-z12-s14;37029;-38546.000000;-0.000000;5;24047;11;24058
opm2-z12-s7;37029;-33919.000000;-0.000000;5;24322;12;24334
opm2-z12-s8;37029;-35083.000000;0.000000;6;28977;13;28990
opm2-z6-s1;37029;-2356.000000;-0.000000;3;259;0;259
opm2-z7-s2;37029;-7132.000000;-0.000000;4;523;1;524
opm2-z7-s8;37029;-6856.000000;-0.000000;4;665;1;666
opm2-z8-s0;37029;-8004.000000;0.000000;3;1356;2;1358
opt1217;37029;-20.021390;9.254902;1;2;0;2
osorio-cta;37029;0.000000;0.013388;1;51;0;51
p0201;37029;7155.000000;10.900000;1;1;0;1
p100x588b;37029;58977.000000;0.000000;2;1;0;1
p200x1188c;37029;15747.000000;0.000000;2;2;0;2
p2756;37029;2706.000000;24.070313;2;4;0;4
p500x2988;37029;72594.000000;0.000000;2;27;0;27
p500x2988c;37029;17212.000000;-0.000000;2;27;0;27
p500x2988d;37029;6.000000;-0.000000;2;29;0;29
p6b;37029;-53.000000;0.000000;3;49;0;49
p80x400b;37029;45896.000000;-0.000000;2;1;0;1
pb-fit2d;37029;-22363.768555;843.273209;1;6846;11;6857
pb-gfrd-pnc;37029;8321.694589;42.993642;1;107;0;107
pb-grow22;37029;-449654.852582;117.814534;1;410;1;411
pb-market-split8-70-4;37029;0.000000;1.843507;1;0;0;0
pb-simp-nonunif;37029;9.500000;316.333333;3;2383;7;2390
peg-solitaire-a3;37029;1.000000;282.122203;1;316;0;316
pg;37029;-11098.657382;17.215049;2;4;0;4
pg5_34;37029;-16012.248077;18.476238;2;5;0;5
physiciansched3-3;37029;2590923.193775;699.205074;3;16407;4;16411
physiciansched3-4;37029;1459495.744406;487.330856;3;17989;3;17992
physiciansched5-3;37029;20464.000000;300.675473;2;702;1;703
physiciansched6-1;37029;10067.500000;253.698611;3;708;2;710
physiciansched6-2;37029;47675.160783;435.646407;4;345;1;346
pigeon-08;37029;-8000.000000;4.485714;1;1;0;1
pigeon-10;37029;-10000.000000;8.022222;1;2;0;2
pigeon-11;37029;-11000.000000;9.020000;1;2;0;2
pigeon-12;37029;-12000.000000;10.018182;1;3;0;3
pigeon-13;37029;-13000.000000;11.016667;1;3;0;3
pigeon-16;37029;-16000.000000;34.984242;1;4;0;4
pigeon-19;37029;-19000.000000;17.011111;1;6;0;6
pigeon-20;37029;-20000.000000;26.250718;1;6;0;6
piperout-03;37029;69590.490975;247.390162;7;269;2;271
piperout-08;37029;99228.924471;290.586596;43;253;14;267
piperout-27;37029;7146.876623;511.484386;353;358;139;497
piperout-d20;37029;25601.416667;437.748324;2;819;2;821
piperout-d27;37029;7199.340391;682.880995;2;961;1;962
pk1;37029;0.000000;2.791536;1;0;0;0
polygonpack3-15;37029;-114051612.169520;44.756601;3;1070;6;1076
polygonpack4-10;37029;-93676953.470100;20.074246;3;400;2;402
polygonpack4-15;37029;-114052801.790860;41.993372;3;1147;6;1153
polygonpack4-7;37029;-75324958.874200;9.351513;3;182;1;183
polygonpack5-15;37029;-66029981.130960;32.055340;3;1169;5;1174
pp08a;37029;15000.000000;-0.000000;2;0;0;0
pp08aCUTS;37029;16630.402442;0.000000;2;2;0;2
probportfolio;37029;7.321966;24.067729;1;3;0;3
prod1;37029;-55.000000;3.767946;2;2;0;2
prod2;37029;-59.000000;4.566580;2;4;0;4
proteindesign121hz512p19;37029;3197.772133;54.952462;1;5337;61;5398
proteindesign121hz512p9;37029;1423.904449;59.959446;1;232;4;236
proteindesign121pgb11p9;37029;1173.710433;48.788284;1;181;4;185
proteindesign122trx11p8;37029;1720.461105;46.139777;1;207;4;211
protfold;37029;0.000000;35.000000;2;23;0;23
pw-myciel4;37029;4.000000;91.886923;4;7;0;7
pythago7824;37029;0.000000;580.777778;6;972;3;975
pythago7825;37029;0.000000;586.777778;8;922;3;925
qap10;37029;332.566228;55.000000;1;396;0;396
qiu;37029;1805.177158;0.000000;2;6;0;6
qnet1;37029;89045.940000;7.221868;2;19;0;19
qnet1_o;37029;93221.720000;0.000000;2;5;0;5
queens-30;37029;-30.000000;0.000000;3;217;1;218
r4l4-02-tree-bounds-50;37029;512370030.000000;648.050000;3;47;0;47
r50x360;37029;2016.000000;-0.000000;2;1;0;1
r80x800;37029;5520.000000;-0.000000;2;2;0;2
radiationm18-12-05;37029;17561.353680;194.350613;2;56;0;56
radiationm40-10-02;37029;155317.684921;720.535635;2;282;2;284
rail01;37029;-90.767086;1608.458333;1;14237;4;14241
rail02;37029;-206.092110;2192.100000;1;118478;10;118488
rail03;37029;-919.222126;7600.659028;1;178269;28;178297
rail507;37029;207.000000;-0.000000;3;226;4;230
railway_8_1_0;37029;397.000000;48.637052;3;5;0;5
ramos3;37029;440.000000;-0.000000;3;1398;0;1398
ran12x21;37029;4080.000000;0.000000;2;0;0;0
ran13x13;37029;3521.000000;0.000000;2;0;0;0
ran14x18-disj-8;37029;12170.996653;0.000000;2;17;0;17
ran14x18;37029;4265.000000;0.000000;2;0;0;0
ran16x16;37029;4333.000000;0.000000;2;0;0;0
rd-rplusc-21;37029;100.000000;2.533849;1;315;0;315
reblock115;37029;-37981832.798944;238.100873;1;284;0;284
reblock166;37029;-640892721.079106;86.859092;6;343;0;343
reblock354;37029;-39586262.751951;411.245436;1;915;0;915
reblock420;37029;-558825455.521724;213.947318;7;1667;3;1670
reblock67;37029;-36575497.117631;131.415935;1;40;0;40
rfds-4-days;37029;-1158940.978167;66.375000;1;16926;10;16936
rlp1;37029;13.244444;9.961905;1;1;0;1
rmatr100-p10;37029;360.593308;9.692735;1;256;0;256
rmatr100-p5;37029;762.040054;5.000000;1;428;0;428
rmatr200-p10;37029;1550.620783;10.000000;1;12394;0;12394
rmatr200-p20;37029;688.357943;19.982266;1;3492;0;3492
rmatr200-p5;37029;3283.653831;5.000000;1;12222;0;12222
rmine10;37029;-1926.863820;886.708002;1;3214;1;3215
rmine11;37029;-2522.047107;1304.350285;1;8359;1;8360
rmine13;37029;-3504.619914;1108.274293;2;24042;5;24047
rmine14;37029;-4310.694704;2228.265999;1;108408;4;108412
rmine15;37029;-5042.482963;4267.046917;1;219333;5;219338
rmine6;37029;-462.305727;106.725097;1;123;0;123
rocI-3-11;37029;-110705.000000;60.123309;41;11;1;12
rocI-4-11;37029;-11110705.000000;62.940609;17;36;1;37
rocII-10-11;37029;-11.946851;218.008590;1;878;1;879
rocII-4-11;37029;-11.867128;49.198977;2;52;0;52
rocII-5-11;37029;-11.893702;59.199453;2;70;0;70
rocII-7-11;37029;-11.924073;123.003930;1;190;0;190
rocII-8-11;37029;-11.933564;163.387203;1;255;0;255
rocII-9-11;37029;-11.940946;185.545672;1;641;0;641
rococoB10-011000;37029;51207.000000;10.950589;5;119;0;119
rococoC10-001000;37029;23730.000000;0.000000;6;22;0;22
rococoC11-010100;37029;143170.000000;22.416868;2;145;1;146
rococoC11-011100;37029;139407.000000;14.937663;2;116;0;116
rococoC12-010001;37029;117774.000000;9.895179;2;212;1;213
rococoC12-111000;37029;27337.357381;31.147270;1;276;0;276
roi2alpha3n4;37029;-78.888089;8.000000;2;643;9;652
roi5alpha10n8;37029;-84.342241;16.000000;2;1993;25;2018
roll3000;37029;11939.645814;52.881579;2;24;0;24
rout;37029;981.864286;10.233819;1;2;0;2
rpp22falsei;37029;0.000000;104.907502;4;72;1;73
rvb-sub;37029;11.206514;4.857143;1;822;6;828
s100;37029;-0.170525;50.899744;1;20256;16;20272
s1234;37029;0.361925;1.572046;4;2313;1;2314
s250r10;37029;-0.166732;98.897856;2;8671;24;8695
s55;37029;-22.151773;60.323192;1;1470;3;1473
satellites1-25;37029;-20.000000;116.648535;1;626;0;626
satellites2-25;37029;-29.000000;481.917605;1;32985;2;32987
satellites2-40;37029;-29.000000;388.670807;1;29401;2;29403
satellites2-60-fs;37029;-23.852708;435.801124;2;4416;2;4418
satellites2-60;37029;-29.000000;388.670807;1;30723;2;30725
satellites3-25;37029;-38.000000;665.662922;1;241330;5;241335
satellites3-40-fs;37029;-32.672442;842.911524;2;26684;6;26690
satellites3-40;37029;-38.000000;772.480914;1;287892;6;287898
savsched1;37029;12648.995000;-0.000000;3;62542;46;62588
scpj4scip;37029;183.000000;-0.000000;3;1297;23;1320
scpk4;37029;389.000000;0.000000;3;2740;23;2763
scpl4;37029;360.000000;-0.000000;3;4795;43;4838
scpm1;37029;774.000000;0.000000;3;45060;139;45199
scpn2;37029;741.000000;0.000000;3;70680;249;70929
sct1;37029;-186.838854;85.284884;2;964;1;965
sct2;37029;-37.690825;16.582400;2;57;0;57
sct31;37029;177.033470;23.501154;2;229;0;229
sct32;37029;51.266438;45.043874;2;532;1;533
sct5;37029;-227.069807;28.088069;2;473;2;475
seqsolve1;37029;4770.293168;265.188388;24;5729;136;5865
seqsolve2short4288;37029;20.396875;318.804378;4;6820;23;6843
seqsolve3short4288excess384;37029;-43472.799518;407.473201;8;10629;48;10677
set1ch;37029;107691.500000;-0.000000;2;1;0;1
set3-09;37029;1263.077974;13.704533;2;10;0;10
set3-10;37029;788.890655;13.953500;2;9;0;9
set3-15;37029;8364.040745;17.365117;2;15;0;15
set3-16;37029;9916.808562;19.040932;2;14;0;14
set3-20;37029;10347.381087;16.724301;2;11;0;11
seymour-disj-10;37029;331.000001;-0.000000;4;1725;2;1727
seymour;37029;452.000000;0.000000;3;219;0;219
seymour1;37029;419.891318;-0.000000;3;202;0;202
shiftreg1-4;37029;131.656032;178.150000;1;33;0;33
shiftreg2-7;37029;206.733052;119.762169;1;77;0;77
shiftreg5-1;37029;520.839888;534.303103;1;349;0;349
shipsched;37029;-0.000000;8.077417;4;78;1;79
shipschedule3shipsi;37029;-265650.000000;386.462789;12;55;2;57
shipschedule6shipsmixi;37029;-301650.000000;714.731050;9;86;4;90
shipschedule8shipsmixuci;37029;-401100.000000;525.771813;11;87;5;92
shs1014;37029;22137.410363;320.475000;1;37243;28;37271
shs1042;37029;10404.662711;568.781970;1;35460;20;35480
siena1;37029;10163179.229002;146.859338;1;1545;2;1547
sing11;37029;18640171.224643;243.132649;1;7427;5;7432
sing161;37029;19071259.113926;685.480441;1;68042;25;68067
sing17;37029;35483848.876513;472.456436;1;26610;11;26621
sing2;37029;17150914.716940;256.737979;1;1917;1;1918
sing245;37029;25024015.754083;395.965975;1;12852;7;12859
sing326;37029;7717674.801189;172.968798;1;2801;2;2803
sing359;37029;22534478.962498;889.129081;1;86800;19;86819
sing44;37029;8102513.219400;139.469372;1;3110;2;3112
sing5;37029;18418516.013137;236.754039;1;2856;4;2860
snip10x10-35r1budget17;37029;30.000000;3.224794;2;1344;0;1344
snp-02-004-104;37029;567161691.779774;7.604965;5;5393;0;5393
snp-04-052-052;37029;746313354.490274;733.799382;6;4576;4;4580
snp-06-004-052;37029;1831976376.522612;31.156229;2;8572;0;8572
snp-10-004-052;37029;5961214167.823297;42.379535;6;20336;2;20338
snp-10-052-052;37029;6009206679.336597;1683.882989;6;22120;8;22128
sorrell3;37029;-13.000000;-0.000000;3;380;0;380
sorrell4;37029;-18.000000;-0.000000;3;1020;2;1022
sorrell7;37029;-141.000000;0.000000;3;14414;0;14414
sorrell8;37029;-269.000000;0.000000;3;191;0;191
sp150x300d;37029;71.000000;0.000000;2;1;0;1
sp97ar;37029;815120355.519999;2.342794;4;403;5;408
sp97ic;37029;578703486.755542;0.975543;3;331;5;336
sp98ar;37029;648426163.072905;1.440725;4;596;7;603
sp98ic;37029;605964163.117924;3.283712;5;348;6;354
sp98ir;37029;271833089.651983;6.757325;5;53;1;54
splice1k1;37029;-3.068619;1.426914;2;32525;19;32544
splice1k1i;37029;-1646.777979;134.969052;1;14424;3;14427
square23;37029;8.333333;12.444444;1;90;1;91
square31;37029;8.500000;13.750000;1;472;4;476
square37;37029;8.666667;15.000000;1;1406;10;1416
square41;37029;8.839612;15.068891;1;1941;14;1955
square47;37029;8.755814;15.976744;1;6149;28;6177
stoch-vrpvrp-s5v2c8vrp-v2c8i;37029;0.000000;90.492376;3;14;0;14
stockholm;37029;171.000000;0.000000;2;493;0;493
stp3d;37029;564.338735;444.504657;2;24585;14;24599
sts405;37029;357.000000;0.000000;2;576;2;578
sts729;37029;665.000000;0.000000;2;3559;5;3564
supportcase1;37029;20078.000000;0.020832;2;251;5;256
supportcase10;37029;3.383924;971.624635;2;9104;4;9108
supportcase11;37029;-14.281996;0.000000;1;3;0;3
supportcase12;37029;-7559.533054;69.133766;1;1732;0;1732
supportcase14;37029;272.000000;7.333333;1;1;0;1
supportcase16;37029;272.000000;7.333333;1;1;0;1
supportcase17;37029;0.000000;31.823189;2;6;0;6
supportcase18;37029;87.000000;9.141806;2;42;1;43
supportcase19;37029;12677206.000000;370.390975;1;26378;71;26449
supportcase2;37029;0.000000;4.750000;1;8871;54;8925
supportcase20;37029;108889.000000;0.000000;2;16;0;16
supportcase23;37029;-12952.000000;617.629502;1;1696;0;1696
supportcase25;37029;0.036932;11.225052;1;92;0;92
supportcase26;37029;1288.102161;0.009948;2;1;0;1
supportcase27i;37029;0.000000;88.605078;2;8;0;8
supportcase3;37029;0.000000;403.282880;3;214;0;214
supportcase30;37029;0.000000;102.857020;1;66;0;66
supportcase31;37029;79524.180000;4.000000;2;1906;58;1964
supportcase33;37029;-465.000000;27.827948;2;120;1;121
supportcase34;37029;72.664116;202.268052;1;522;1;523
supportcase35;37029;174371.000000;0.000000;2;93;0;93
supportcase37;37029;-5803.552159;23.221484;2;952;0;952
supportcase39;37029;-1062330.369524;22.808785;5;83;6;89
supportcase4;37029;0.000000;202.915359;3;154;0;154
supportcase40;37029;22536.483379;19.000000;1;220;0;220
supportcase41;37029;28.000000;52.930348;3;683;0;683
supportcase42;37029;7.343539;48.081295;1;1489;2;1491
supportcase43;37029;0.000000;48.147044;2;44715;3;44718
supportcase6;37029;45090.732163;29.123967;1;1513;7;1520
supportcase7;37029;-2396.218213;53.147310;2;1441;0;1441
swath;37029;334.496858;2.200000;1;39;0;39
swath1;37029;334.496858;0.600000;1;32;0;32
swath2;37029;334.496858;0.700000;1;31;0;31
swath3;37029;334.496858;0.800000;1;30;0;30
t1717;37029;134531.021428;79.098998;1;211;1;212
t1722;37029;98815.407611;52.399108;1;119;0;119
ta1-UUM;37029;3693674.556772;4.303412;1;5;0;5
ta2-UUE;37029;41427354.755773;0.680983;2;157;0;157
tanglegram1;37029;0.000000;46.000000;1;2;0;2
tanglegram2;37029;1.000000;26.500000;1;2;0;2
tanglegram4;37029;4.000000;71.000000;1;4;0;4
tanglegram6;37029;0.000000;33.500000;1;1;0;1
tbfp-bigm;37029;-178.153988;30.000000;1;139;0;139
tbfp-network;37029;23.261535;31.000000;1;798;3;801
Test3;37029;2671255.210245;12.061384;1;102;0;102
thor50dday;37029;203930.000000;0.000000;2;241;4;245
timtab1;37029;1219177.333333;17.766667;2;0;0;0
timtab1CUTS;37029;613590.095426;34.399586;2;3;0;3
timtab2;37029;1602354.333333;29.200000;2;1;0;1
tokyometro;37029;4757.557930;269.160152;3;63;0;63
toll-like;37029;28.000000;229.000000;1;31;0;31
tpl-tub-ss16;37029;8128588.328716;1889.575939;3;86099;149;86248
tpl-tub-ws1617;37029;10755112.807538;2191.381057;3;98706;187;98893
tr12-30;37029;188435.464884;3.580258;2;1;0;1
traininstance2;37029;0.000000;8.032762;2;40;0;40
traininstance6;37029;0.000000;3.486662;2;33;0;33
transportmoment;37029;-55084931301.156029;426.403696;2;180;0;180
trento1;37029;5182758.848056;78.562537;1;493;0;493
triptim1;37029;22.944100;1699.491642;3;7273;7;7280
triptim2;37029;11.877783;541.310145;3;11331;9;11340
triptim3;37029;14.144151;636.713323;3;11829;8;11837
triptim4;37029;9.521100;370.684028;3;10574;8;10582
triptim7;37029;3096.288157;499.722459;2;10611;5;10616
triptim8;37029;3074.310409;496.632366;2;12251;6;12257
tw-myciel4;37029;22.000000;73.880282;5;174;0;174
uc-case11;37029;611621.305979;118.843629;1;3034;0;3034
uc-case3;37029;7181.432113;95.258578;3;2137;1;2138
uccase10;37029;38995.965187;400.440843;1;2891;2;2893
uccase12;37029;11507.474829;29.321333;3;2188;3;2191
uccase7;37029;26527.823515;162.338874;1;3665;0;3665
uccase8;37029;11142.163196;63.982247;1;1455;0;1455
uccase9;37029;10819.582996;76.021210;1;909;0;909
uct-subprob;37029;242.000000;57.184617;1;55;0;55
umts;37029;43380098.519492;76.628947;2;17;0;17
unitcal_7;37029;19450489.742819;144.660904;6;792;1;793
usAbbrv-8-25_70;37029;95.000000;101.141743;3;7;0;7
usafa;37029;178.602081;3104.483345;2;45420;30;45450
v150d30-2hopcds;37029;52.000000;-0.000000;3;110;1;111
van;37029;3.717453;12.910186;1;7188;0;7188
var-smallemery-m6j6;37029;-156.056268;89.220998;2;968;4;972
vpm2;37029;15.721505;3.393512;2;0;0;0
vpphard;37029;0.000000;124.135354;1;101;1;102
vpphard2;37029;0.000000;230.844444;1;88;0;88
wachplan;37029;-9.000000;60.204074;1;9;0;9
wnq-n100-mw99-14;37029;224.318143;77.196581;2;123;0;123
xmas10-2;37029;-537.008669;157.129457;1;223;0;223
xmas10;37029;-537.008669;157.318400;1;191;0;191
z26;37029;-979.000000;0.000000;3;12518;8;12526
zeil;37029;813.510308;818.615660;1;80778;6;80784
zib54-UUE;37029;19164366.000000;-0.000000;2;46;0;46
10teams;1206151;917.000000;36.457830;1;35;0;35
22433;1206151;21552.708079;24.962328;5;4;0;4
23588;1206151;8342.863244;17.617619;4;3;0;3
2club200v15p5scn;1206151;-97.038462;36.192308;4;125;3;128
30n20b8;1206151;5530.000000;41.625765;2;171;0;171
30_70_45_05_100;1206151;67.000000;-0.000000;5;938;2;940
30_70_45_095_100;1206151;48.000000;-0.000000;5;734;2;736
30_70_45_095_98;1206151;326.000000;-0.000000;5;793;3;796
50v-10;1206151;1493601.476062;-0.000000;2;5;0;5
a1c1s1;1206151;20885.065088;0.498062;2;8;0;8
a2c1s1;1206151;21087.746318;-0.000000;2;8;0;8
ab51-40-100;1206151;-437558462.000004;11.050000;2;422;1;423
ab67-40-100;1206151;-11186253442.000000;0.000000;1;331;0;331
ab69-40-100;1206151;-11186281442.000000;0.000000;1;312;0;312
ab71-20-100;1206151;-2390446504.400002;12.500000;2;239;0;239
ab72-40-100;1206151;-11186620442.000000;0.000000;1;327;0;327
academictimetablebig;1206151;427.000000;1954.919056;2;25283;18;25301
academictimetablesmall;1206151;0.000000;308.966235;2;233;2;235
acc-tight2;1206151;0.000000;120.187623;1;26;0;26
acc-tight4;1206151;0.000000;120.929764;1;22;0;22
acc-tight5;1206151;0.000000;107.821033;1;190;0;190
acc-tight6;1206151;0.000000;104.011436;1;172;0;172
adult-max5features;1206151;10710.000597;0.023689;2;920;7;927
adult-regularized;1206151;7841.000000;0.000000;3;2001;9;2010
aflow30a;1206151;1402.717622;2.301497;3;1;0;1
aflow40b;1206151;1129.417647;2.760099;3;7;0;7
air03;1206151;338864.250000;11.375000;1;60;0;60
air04;1206151;55535.436388;51.829962;1;171;0;171
air05;1206151;25877.609268;45.880497;1;119;0;119
aligninq;1206151;2755.000000;40.921868;7;17;1;18
allcolor10;1206151;1517.912903;297.924236;4;110;1;111
allcolor58;1206151;6718.838624;1820.373386;4;762;9;771
amaze22012-03-15i;1206151;0.000000;58.255984;2;91;2;93
amaze22012-06-28i;1206151;0.000000;35.368753;2;29;0;29
amaze22012-07-04i;1206151;0.000000;43.156843;2;44;0;44
app1-1;1206151;-2.000000;1.945752;2;6;0;6
app1-2;1206151;-23.000000;1.399234;3;332;1;333
app2-1;1206151;19294.250000;0.000000;2;19;0;19
app2-2;1206151;212092.500000;0.000000;2;1;0;1
app3;1206151;5627412.287938;3.142492;1;9;0;9
arki001;1206151;7579621.830840;15.454670;1;37;0;37
assign1-10-4;1206151;353.992926;52.000000;1;37;0;37
assign1-5-8;1206151;183.362555;24.000000;1;3;0;3
atlanta-ip;1206151;81.321096;294.518627;2;5930;2;5932
atm20-100;1206151;2141734.684878;120.774021;2;71;0;71
australia-abs-cta;1206151;0.000000;38.185342;1;64;0;64
b-ball;1206151;-1.818182;4.818182;1;0;0;0
b1c1s1;1206151;69995.090000;-0.000000;2;7;0;7
b2c1s1;1206151;69710.660000;-0.000000;2;14;0;14
bab1;1206151;-228225.182825;27.775000;1;107;0;107
bab2;1206151;-338400.636000;244.500000;2;12508;18;12526
bab3;1206151;-555805.926583;450.995536;2;28424;40;28464
bab5;1206151;-106670.400850;101.900000;2;530;2;532
bab6;1206151;-246114.832525;480.833333;2;5461;11;5472
bc;1206151;13.915046;0.268421;2;91;0;91
bc1;1206151;4.550543;0.028778;2;94;0;94
beasleyC1;1206151;102.000000;0.000000;2;2;0;2
beasleyC2;1206151;232.000000;0.000000;2;3;0;3
beasleyC3;1206151;951.000000;-0.000000;2;3;0;3
beavma;1206151;395292.332242;3.472328;2;1;0;1
berlin;1206151;1951.000000;0.000000;2;30;0;30
berlin_5_8_0;1206151;52.000000;58.057245;3;2;0;2
bg512142;1206151;506799.440536;51.840309;3;31;0;31
biella1;1206151;3060037.430763;98.993456;1;254;0;254
bienst1;1206151;11.724138;4.390524;1;2;0;2
bienst2;1206151;11.724138;5.390524;1;2;0;2
binkar10_1;1206151;6637.188027;9.084811;1;7;0;7
blend2;1206151;7.489992;0.686573;2;0;0;0
bley_xl1;1206151;265.192657;294.413130;3;20560;10;20570
bley_xs1;1206151;47020884.968217;85.931545;3;79;0;79
bley_xs1noM;1206151;60185433.134379;90.542003;2;62;0;62
bley_xs2;1206151;30478761.025431;42.229522;12;13;1;14
blp-ar98;1206151;9174.508280;11.800505;21;106;27;133
blp-ic97;1206151;5423.588709;1.337703;12;68;10;78
blp-ic98;1206151;6879.499245;1.657910;4;114;5;119
blp-ir98;1206151;3350.173368;3.875758;3;43;1;44
bmocbd3;1206151;45423160382.724037;0.000000;2;17892;12;17904
bmoipr2;1206151;-46628940.711029;7.840017;1;58;0;58
bnatt350;1206151;0.000000;109.506930;17;88;2;90
bnatt400;1206151;0.000000;127.888934;17;117;2;119
bppc4-08;1206151;51.590000;13.322623;1;22;0;22
bppc6-02;1206151;108.340000;11.296538;1;131;0;131
bppc6-06;1206151;200.633333;13.595370;1;147;0;147
bppc8-02;1206151;486.500000;3.194588;1;1;0;1
bppc8-09;1206151;444.436047;4.775100;1;3;0;3
brasil;1206151;32311.000000;0.000000;2;28;0;28
brazil3;1206151;2.000000;254.754201;2;203;0;203
breastcancer-regularized;1206151;105.150036;0.002191;2;8;0;8
bts4-cta;1206151;33524.637606;1130.000000;1;525;0;525
buildingenergy;1206151;33246.215059;1468.850000;2;15846;4;15850
cap6000;1206151;-2446875.000000;0.000000;3;40;0;40
cbs-cta;1206151;0.000000;27.746030;1;111;0;111
cdc7-4-3-2;1206151;-231.000000;-0.000000;3;36090;5;36095
chromaticindex1024-7;1206151;4.000000;16002.682953;2;2362;10;2372
chromaticindex128-5;1206151;4.000000;2021.163699;2;134;1;135
chromaticindex256-8;1206151;4.000000;4069.477083;2;368;2;370
chromaticindex32-8;1206151;4.000000;504.887500;2;15;0;15
chromaticindex512-7;1206151;4.000000;8183.527137;2;1070;5;1075
ci-s4;1206151;17.644894;41.881015;3;10;0;10
circ10-3;1206151;140.000000;209.309855;1;1995;1;1996
cmflsp40-24-10-7;1206151;52605868.952858;70.700930;3;379;0;379
cmflsp40-36-2-10;1206151;72898024.959478;295.649246;3;776;0;776
cmflsp50-24-10-4;1206151;64492612.641644;81.236085;3;332;0;332
cmflsp50-24-8-8;1206151;59814378.749021;131.869460;3;342;0;342
cmflsp60-36-2-6;1206151;97887903.946142;370.689759;3;1868;0;1868
CMS750_4;1206151;250.000000;233.284641;3;63;2;65
co-100;1206151;1246685.546783;10.401691;2;355;7;362
cod105;1206151;-8.000000;0.000000;3;458;1;459
comp07-2idx;1206151;0.000000;114.416667;2;1986;2;1988
comp08-2idx;1206151;0.000000;159.969397;1;138;0;138
comp12-2idx;1206151;3.000000;267.951781;1;1168;0;1168
comp16-3idx;1206151;4.000000;721.111978;1;7176;2;7178
comp21-2idx;1206151;0.000000;282.023529;3;468;1;469
control30-3-2-3;1206151;-20763026.787568;27.970540;1;3;0;3
core2536-691;1206151;786.000000;-0.000000;3;718;2;720
core2586-950;1206151;1169.000000;-0.000000;3;584;1;585
core4284-1064;1206151;1275.000000;0.000000;3;3185;3;3188
core4872-1529;1206151;1850.000000;0.000000;3;1900;3;1903
cost266-UUE;1206151;42001606.280000;-0.000000;2;75;0;75
cov1075;1206151;35.000000;0.000000;2;6;0;6
cryptanalysiskb128n5obj16;1206151;0.000000;5029.990887;106;1222;211;1433
csched007;1206151;269.251587;22.185714;1;37;0;37
csched008;1206151;171.000000;24.778341;1;10;0;10
csched010;1206151;332.422727;20.512626;1;36;0;36
cvrpa-n64k9vrpi;1206151;0.000000;148.788980;2;580;6;586
cvrpb-n45k5vrpi;1206151;0.000000;104.481361;2;172;2;174
cvrpp-n16k8vrpi;1206151;0.000000;38.707224;1;39;0;39
cvrpsimple2i;1206151;0.000000;22.941208;2;3;0;3
cvs08r139-94;1206151;-16.000000;66.000000;3;15;0;15
cvs16r106-72;1206151;-2.000000;71.000000;2;33;0;33
cvs16r128-89;1206151;-2.000000;88.000000;2;40;0;40
cvs16r70-62;1206151;-0.000000;62.000000;2;33;0;33
cvs16r89-60;1206151;-0.000000;60.000000;2;32;0;32
d10200;1206151;12425.583005;32.097057;1;48;0;48
d20200;1206151;12229.625788;62.339279;1;336;1;337
dale-cta;1206151;0.000000;0.004766;1;312;0;312
dano3mip;1206151;576.231620;15.297311;1;2528;0;2528
dano3_3;1206151;576.231620;1.932181;1;2249;0;2249
dano3_5;1206151;576.231620;2.871834;1;2178;0;2178
danoint;1206151;62.637280;5.819184;1;20;0;20
dc1c;1206151;1754946.863638;140.593306;1;340;0;340
dc1l;1206151;211357921.003601;0.000000;3;846;15;861
dcmulti;1206151;184917.234283;12.662065;3;2;0;2
decomp1;1206151;-120.000000;149.444444;1;40;0;40
decomp2;1206151;-160.000000;141.944444;1;46;0;46
dfn-bwin-DBE;1206151;797567.400000;0.000000;2;34;0;34
dfn-gwin-UUM;1206151;27467.257235;5.653537;1;1;0;1
dg012142;1206151;7485691.825683;37.560751;5;114;0;114
diameterc-mstc-v20a190d5i;1206151;291.000000;288.954791;3;58;0;58
diameterc-msts-v40a100d5i;1206151;324.000000;347.153926;3;57;1;58
disctom;1206151;-5000.000000;51.166667;1;186;0;186
disktom;1206151;-5000.000000;51.166667;1;211;0;211
dolom1;1206151;6556066.068315;111.218954;1;562;1;563
drayage-100-12;1206151;91134.076080;32.228466;1;51;0;51
drayage-100-23;1206151;103333.874073;41.554651;1;43;0;43
drayage-25-23;1206151;99718.790531;39.569924;1;44;0;44
drayage-25-27;1206151;95207.144904;44.816549;1;41;0;41
drayage-25-32;1206151;88256.306534;44.499212;1;47;0;47
ds-big;1206151;86.820068;30.669231;1;7305;21;7326
ds;1206151;57.234565;33.463549;1;883;6;889
dws008-01;1206151;2954.537147;2.158177;2;51;0;51
dws008-03;1206151;3283.316973;6.687361;2;137;1;138
dws012-01;1206151;5179.177491;3.971756;2;98;1;99
dws012-02;1206151;4705.864492;24.017311;3;251;3;254
dws012-03;1206151;5237.420078;17.786054;3;380;11;391
eil33-2;1206151;811.278996;3.615630;1;40;0;40
eilA101-2;1206151;803.373888;7.408683;1;948;6;954
eilB101;1206151;1075.247691;12.807028;1;19;0;19
eilC76-2;1206151;725.754458;7.780208;1;278;2;280
ej;1206151;1.000000;0.243844;1;0;0;0
elitserienhandball11i;1206151;0.000000;866.305983;2;431;1;432
elitserienhandball13i;1206151;0.000000;853.141952;2;433;1;434
elitserienhandball14i;1206151;0.000000;883.858328;2;408;1;409
elitserienhandball3i;1206151;0.000000;887.935483;2;453;1;454
enlight13;1206151;1.000000;1.000000;1;0;0;0
enlight15;1206151;1.000000;1.000000;1;0;0;0
enlight8;1206151;1.000000;1.000000;1;0;0;0
enlight_hard;1206151;15.500000;17.000000;1;0;0;0
eva1aprime5x5opt;1206151;-497.155823;0.526297;1;267;0;267
eva1aprime6x6opt;1206151;-495.398833;1.239563;1;1877;0;1877
ex10;1206151;100.000000;98.000000;1;17148;6;17154
ex1010-pi;1206151;314.000000;-0.000000;3;476;2;478
ex9;1206151;81.000000;75.601201;1;1740;2;1742
exp-1-500-5-5;1206151;97666.305541;4.045842;2;2;0;2
f2000;1206151;1383.000000;1280.000000;2;3489;0;3489
f2gap201600;1206151;76429.862296;1.402159;1;3;0;3
f2gap401600;1206151;82274.237434;1.190020;1;4;0;4
f2gap40400;1206151;20650.898154;3.253580;1;1;0;1
f2gap801600;1206151;86570.120867;5.266841;1;5;0;5
fast0507;1206151;205.000000;-0.000000;3;190;4;194
fastxgemm-n2r6s0t2;1206151;27.000000;9.000000;1;33;0;33
fastxgemm-n2r7s4t1;1206151;27.000000;9.000000;1;35;0;35
fastxgemm-n3r21s3t6;1206151;84.000000;27.000000;1;2390;0;2390
fastxgemm-n3r22s4t6;1206151;84.000000;27.000000;1;2619;0;2619
fastxgemm-n3r23s5t6;1206151;84.000000;27.000000;1;2512;0;2512
fhnw-binpack4-48;1206151;0.000000;333.285714;2;122;0;122
fhnw-binpack4-58;1206151;0.000000;467.321429;2;118;0;118
fhnw-binpack4-77;1206151;0.000000;207.310714;2;112;0;112
fhnw-binschedule0;1206151;15642.000000;1053.297818;2;19927;27;19954
fhnw-binschedule2;1206151;2273.000000;221.912633;3;473;4;477
fhnw-schedule-paira100;1206151;-36.643681;5.149215;2;124;0;124
fhnw-schedule-paira200;1206151;-73.826479;8.940825;2;223;2;225
fhnw-schedule-paira400;1206151;-146.941079;19.266221;2;1085;12;1097
fhnw-schedule-pairb200;1206151;-58.887041;815.939903;3;2010;3;2013
fhnw-schedule-pairb400;1206151;-109.169750;2783.836162;3;12450;16;12466
fhnw-sq2;1206151;0.000000;13.695522;1;4;0;4
fiball;1206151;137.069168;72.169473;1;110;1;111
fiber;1206151;897538.360000;12.574421;2;2;0;2
fillomino7x7-0i;1206151;0.000000;304.793110;2;60;0;60
fixnet6;1206151;4536.000000;0.000000;2;1;0;1
fjspeasy01i;1206151;216.000000;1.364719;2;57;0;57
flugpl;1206151;1167875.166377;2.785325;1;0;0;0
g200x740;1206151;45614.000000;-0.000000;2;3;0;3
g200x740i;1206151;44069.000000;-0.000000;2;3;0;3
gasprod1-1;1206151;10207.782090;23.384117;32;454;5;459
gasprod1-2;1206151;12418.693782;43.662702;18;282;2;284
gasprod1-3;1206151;13830.718570;40.837432;64;289;10;299
gasprod2-1;1206151;1510393.402354;44.156867;6;1037;2;1039
gasprod2-2;1206151;1355909.537507;297.110788;36;1667;14;1681
gen-ip002;1206151;-511.036897;0.000000;3;0;0;0
gen-ip016;1206151;-9505.628173;1.906914;1;0;0;0
gen-ip021;1206151;6642.052620;2.217259;4;0;0;0
gen-ip036;1206151;-2162.833562;0.000000;3;0;0;0
gen-ip054;1206151;7350.684932;1.502477;8;0;0;0
gen;1206151;112555.106141;0.427450;2;1;0;1
genus-g31-8;1206151;-27.000000;116.000000;1;1050;1;1051
genus-g61-25;1206151;-58.000000;199.000000;1;352;2;354
genus-sym-g31-8;1206151;-27.000000;150.889800;2;3254;3;3257
genus-sym-g62-2;1206151;-54.000000;225.350434;1;23130;1;23131
genus-sym-grafo5708-48;1206151;-27.000000;159.026027;2;1625;1;1626
ger50-17-ptp-pop-3t;1206151;3466.323207;45.213645;1;102;0;102
ger50-17-ptp-pop-6t;1206151;6804.447088;50.477969;1;93;0;93
ger50-17-trans-dfn-3t;1206151;3453.475245;37.741927;1;159;1;160
ger50-17-trans-pop-3t;1206151;3456.252922;49.487013;1;166;1;167
ger50_17_trans;1206151;6850.628623;48.226110;1;158;1;159
germanrr;1206151;47650759.157540;58.297944;3;966;3;969
germany50-DBM;1206151;438028.000000;21.150000;1;158;0;158
germany50-UUM;1206151;597932.500000;26.450000;1;47;0;47
gesa2-o;1206151;25748173.191117;13.380406;2;4;0;4
gesa2;1206151;25502855.039680;8.989886;1;7;0;7
gfd-schedulen180f7d50m30k18-16i;1206151;21.533333;4366.403732;3;9591;144;9735
gfd-schedulen180f7d50m30k18;1206151;1.000000;6031.558267;6;3965;40;4005
gfd-schedulen25f5d20m10k3i;1206151;3.000000;29.157898;2;80;1;81
gfd-schedulen55f2d50m30k3i;1206151;5.000000;231.083604;2;224;3;227
ghoulomb4-9-10i;1206151;9.000000;9.160150;2;56;1;57
glass-sc;1206151;23.000000;0.000000;3;129;1;130
glass4;1206151;800002400.000000;8.568254;1;1;0;1
gmu-35-40;1206151;-2406943.556343;2.300342;1;4;0;4
gmu-35-50;1206151;-2608070.315743;3.444186;1;6;0;6
gmut-75-50;1206151;-14182312.661731;4.988967;1;497;4;501
gmut-76-40;1206151;-14171086.316075;9.054451;1;305;1;306
gmut-76-50;1206151;-14173884.188063;4.201959;1;310;3;313
gmut-77-40;1206151;-14173396.636852;2.973250;1;357;1;358
go19;1206151;96.000000;-0.000000;3;5;0;5
gr4x6;1206151;229.050000;-0.000000;2;0;0;0
graph20-20-1rand;1206151;-37.000000;43.000000;1;38;0;38
graph20-80-1rand;1206151;-110.000000;120.050000;2;1378;2;1380
graph40-20-1rand;1206151;-157.000000;175.500000;1;4189;2;4191
graph40-40-1rand;1206151;-300.000000;326.969290;1;90142;10;90152
graphdraw-domain;1206151;12672.000000;18.742857;1;2;0;2
graphdraw-gemcutter;1206151;4310.000000;12.048387;2;1;0;1
graphdraw-grafo2;1206151;35762.000000;350.966667;1;793;2;795
graphdraw-mainerd;1206151;30496.000000;131.370968;1;81;0;81
graphdraw-opmanager;1206151;54717.000000;210.091463;1;397;1;398
gsvm2rl11;1206151;35640.343493;0.000000;2;363;0;363
gsvm2rl12;1206151;50.000000;-0.000000;2;486;0;486
gsvm2rl3;1206151;0.600000;-0.000000;2;4;0;4
gsvm2rl5;1206151;10.000000;-0.000000;2;8;0;8
gsvm2rl9;1206151;16356.825869;0.000000;2;58;0;58
gt2;1206151;21166.000000;4.130952;2;0;0;0
h50x2450;1206151;11147.731511;3.696751;1;25;0;25
h80x6320;1206151;3700.000000;0.000000;1;24;0;24
h80x6320d;1206151;5325.160104;2.515625;1;42;0;42
hanoi5;1206151;1931.000000;245.237539;25;315;5;320
haprp;1206151;3679667.254486;41.766595;2;4;0;4
harp2;1206151;-74325169.345138;5.496152;1;2;0;2
hgms-det;1206151;-53793.320679;37.099950;1;196;0;196
hgms30;1206151;-53327.995245;51.804834;1;7131;0;7131
hgms62;1206151;-53394.446147;54.735370;1;13826;0;13826
hypothyroid-k1;1206151;-2846.896104;38.365286;3;7054;6;7060
ic97_potential;1206151;4084.000000;55.050000;2;3;0;3
ic97_tension;1206151;3975.000000;15.366667;2;1;0;1
icir97_potential;1206151;6589.000000;171.618362;2;37;0;37
icir97_tension;1206151;6309.000000;102.600000;2;2;0;2
iis-100-0-cov;1206151;41.000000;0.000000;3;92;0;92
iis-bupa-cov;1206151;49.000000;-0.000000;3;154;0;154
iis-glass-cov;1206151;28.000000;0.000000;3;109;1;110
iis-hc-cov;1206151;22.000000;0.000000;3;147;2;149
iis-pima-cov;1206151;41.000000;-0.000000;3;204;1;205
irp;1206151;12123.530222;6.000000;1;73;1;74
istanbul-no-cutoff;1206151;62.541409;3.968407;1;230;0;230
ivu06-big;1206151;135.427718;95.799872;1;53470;168;53638
ivu06;1206151;135.901353;96.981489;1;14431;62;14493
ivu52;1206151;480.250439;82.562257;1;6015;14;6029
ivu59;1206151;884.456993;122.808206;1;211991;238;212229
janos-us-DDM;1206151;1488134.750000;22.375000;1;5;0;5
k16x240;1206151;11359.000000;0.000000;2;0;0;0
k16x240b;1206151;12874.000000;0.000000;2;0;0;0
k1mushroom;1206151;-3747.840298;42.576586;3;20636;23;20659
k1mushroomi;1206151;-4165.061224;64.102041;1;15434;3;15437
khb05250;1206151;126785464.000000;0.000000;2;1;0;1
l2p12;1206151;2.000000;824.859960;3;254;1;255
l2p1i;1206151;1.000000;608.429261;2;1036;23;1059
l2p2i;1206151;1.000000;757.644602;2;128;1;129
lectsched-1-obj;1206151;36.000000;28.046924;4;258;3;261
lectsched-1;1206151;0.000000;6.882322;2;192;1;193
lectsched-2;1206151;0.000000;20.130091;3;91;1;92
lectsched-3;1206151;0.000000;4.358796;9;154;6;160
lectsched-4-obj;1206151;3.000000;15.019362;14;52;3;55
lectsched-5-obj;1206151;15.000000;54.733040;7;170;4;174
leo1;1206151;530605779.573215;2.950107;3;72;1;73
leo2;1206151;572818097.713015;1.549961;3;97;3;100
liu;1206151;346.000000;11.096532;2;6;0;6
loopha13;1206151;6.279000;1.132999;2;172;0;172
lotsize;1206151;1335747.052789;7.405615;2;8;0;8
lr1dr02vc05v8a-t360;1206151;120707.344638;169.266715;1;953;0;953
lr1dr04vc05v17a-t360;1206151;247150.518188;322.854834;1;1705;1;1706
lr1dr12vc10v70b-t360;1206151;983958.597196;1051.434951;1;41869;10;41879
lr2-22dr3-333vc4v17a-t60;1206151;-72770.836006;244.127587;2;37230;8;37238
lrn;1206151;44373752.713965;53.546052;2;373;0;373
m100n500k4r1;1206151;-20.000000;-0.000000;3;6;0;6
macrophage;1206151;35.000000;209.000000;1;5;0;5
mad;1206151;0.000000;5.072970;1;1;0;1
manna81;1206151;-11868.000000;0.000000;3;36;0;36
map06;1206151;-406.181173;7.868443;1;949;0;949
map10;1206151;-602.176181;11.248146;1;1036;0;1036
map14;1206151;-778.549324;11.962355;1;887;0;887
map14860-20;1206151;-998.836419;10.400693;1;1230;0;1230
map16715-04;1206151;-296.267898;4.997036;1;1010;0;1010
map18;1206151;-932.782685;11.173489;1;1363;0;1363
map20;1206151;-998.836419;10.400693;1;1303;0;1303
mappingmesh3x3mpeg2i;1206151;10000.000000;156.247882;2;22;0;22
mario-t-hard5i;1206151;-4482.000000;96.185417;1;135;1;136
markshare1;1206151;230.000000;-0.000000;2;0;0;0
markshare2;1206151;454.000000;0.000000;2;0;0;0
markshare_4_0;1206151;226.000000;0.000000;2;0;0;0
markshare_5_0;1206151;337.000000;0.000000;2;0;0;0
mas74;1206151;10482.795280;3.103514;1;1;0;1
mas76;1206151;38893.903641;2.555097;1;1;0;1
maxgasflow;1206151;-53620694.316699;218.049274;2;56;0;56
mc11;1206151;13520.000000;-0.000000;2;32;0;32
mc7;1206151;5797.000000;-0.000000;2;28;0;28
mc8;1206151;1944.000000;-0.000000;2;30;0;30
mcsched;1206151;474351.816438;29.021488;2;163;0;163
methanosarcina;1206151;0.000000;282.500000;1;64;0;64
mik-250-1-100-1;1206151;-0.000000;0.000000;2;2;0;2
mik-250-20-75-1;1206151;0.000000;0.000000;2;3;0;3
mik-250-20-75-2;1206151;-0.000000;-0.000000;2;2;0;2
mik-250-20-75-3;1206151;-0.000000;-0.000000;2;2;0;2
mik-250-20-75-4;1206151;-0.000000;-0.000000;2;3;0;3
mik-250-20-75-5;1206151;0.000000;-0.000000;2;2;0;2
milo-v12-6-r1-58-1;1206151;422507.582835;147.061179;2;152;0;152
milo-v12-6-r1-75-1;1206151;684446.509887;174.270141;2;171;0;171
milo-v12-6-r2-40-1;1206151;213638.744473;104.126887;2;77;0;77
milo-v13-4-3d-3-0;1206151;23373.122645;0.739975;1;14;0;14
milo-v13-4-3d-4-0;1206151;34049.245605;1.277727;1;32;0;32
mine-166-5;1206151;-552883467.060796;36.684884;5;117;0;117
mine-90-10;1206151;-827656854.061004;55.076435;1;92;0;92
mining;1206151;-885911894.603839;8594.317279;65;72851;1263;74114
minutedispatchstrategy;1206151;3582.138213;101.664381;1441;2122;604;2726
misc07;1206151;1415.000000;8.000000;1;2;0;2
mitre;1206151;114908.998992;168.716846;1;60;0;60
mkc;1206151;-349.170000;-0.000000;3;34;0;34
mkc1;1206151;-569.390000;7.047075;3;33;0;33
mod010;1206151;6532.083333;15.166667;1;14;0;14
modglob;1206151;20786787.016883;-0.000000;2;1;0;1
moj-mining;1206151;-1520532907.350179;566.626558;2;47086;1;47087
momentum1;1206151;121860.460323;47.487111;2;159;0;159
momentum2;1206151;12884.172158;84.534262;3;573;1;574
mrcpspj30-15-5i;1206151;23.000000;69.031311;2;64;0;64
mrcpspj30-17-10i;1206151;25.000000;214.284271;24;142;11;153
mrcpspj30-53-3i;1206151;30.000000;33.607920;2;54;1;55
msc98-ip;1206151;19530897.712302;328.031779;2;1314;2;1316
mspp16;1206151;341.000000;3.000000;1;24975;159;25134
mspsphard01i;1206151;69.000000;45.003105;3;56;1;57
mspsphard03i;1206151;73.000000;92.938259;11;92;6;98
mtest4ma;1206151;60342.000000;0.000000;2;2;0;2
mushroom-best;1206151;0.079076;0.007000;3;215;3;218
mzzv11;1206151;-22076.000000;186.202623;2;287;1;288
mzzv42z;1206151;-20490.000000;179.192264;2;281;1;282
n13-3;1206151;4810470.000000;0.000000;2;2;0;2
n15-3;1206151;71710891.000000;0.000000;2;4865;0;4865
n2seq36f;1206151;71600.000000;-0.000000;3;30;0;30
n2seq36q;1206151;116003.593822;43.392098;3;140;3;143
n3-3;1206151;23704230.000000;0.000000;2;134;0;134
n3700;1206151;1342560.000000;0.000000;2;23;0;23
n3705;1206151;1342540.000000;0.000000;2;25;0;25
n3707;1206151;1301218.000000;0.000000;2;26;0;26
n3709;1206151;1324904.000000;-0.000000;2;26;0;26
n370a;1206151;1353042.000000;-0.000000;2;27;0;27
n370b;1206151;1373791.000000;-0.000000;2;28;0;28
n3div36;1206151;314000.000000;6.227888;3;127;3;130
n3seq24;1206151;198664.580534;43.960251;3;2289;42;2331
n4-3;1206151;12003175.000000;-0.000000;2;79;0;79
n5-3;1206151;10502425.000000;-0.000000;2;14;0;14
n6-3;1206151;10807500.000000;0.000000;2;46;0;46
n7-3;1206151;8409710.000000;0.000000;2;41;0;41
n9-3;1206151;20705025.000000;-0.000000;2;189;0;189
nag;1206151;465.000000;11.321381;3;52;0;52
neos-1061020;1206151;-145860.370608;501.435811;1;803;0;803
neos-1067731;1206151;669053.000000;87.000000;1;562;0;562
neos-1109824;1206151;278.000000;22.000000;1;34;0;34
neos-1112782;1206151;22000000110147.347656;0.000000;2;24;0;24
neos-1112787;1206151;19500000125389.667969;0.000000;2;22;0;22
neos-1122047;1206151;162.000000;0.000000;2;113;0;113
neos-1171448;1206151;-309.000000;5.777778;2;120;0;120
neos-1171692;1206151;-273.000000;4.936782;2;44;0;44
neos-1171737;1206151;-195.000000;9.875000;2;51;0;51
neos-1225589;1206151;5000000000.000000;-0.000000;2;1;0;1
neos-1311124;1206151;-182.000000;5.250000;2;3;0;3
neos-1324574;1206151;36.000000;135.000000;2;34;0;34
neos-1330346;1206151;33.000000;92.391391;2;59;0;59
neos-1337307;1206151;-201272.000000;272.493985;2;52;0;52
neos-1354092;1206151;46.000000;235.398385;2;1186;2;1188
neos-1367061;1206151;31320456.264497;6.250000;2;968;1;969
neos-1396125;1206151;3000.046554;10.228463;2;7;0;7
neos-1420546;1206151;22124.400000;103.140678;1;379;0;379
neos-1420790;1206151;2942.750002;75.132359;1;46;0;46
neos-1423785;1206151;-1773.639422;144.183541;2;355;0;355
neos-1425699;1206151;3175561447.505317;0.344988;1;0;0;0
neos-1426635;1206151;-178.000000;6.235119;2;2;0;2
neos-1426662;1206151;-52.000000;24.768519;2;4;0;4
neos-1429212;1206151;2425.386455;328.355033;1;4468;7;4475
neos-1430701;1206151;-78.000000;5.278895;2;2;0;2
neos-1436709;1206151;-129.000000;5.000000;2;3;0;3
neos-1440225;1206151;36.000000;33.201799;1;74;0;74
neos-1440460;1206151;-180.000000;5.527778;2;2;0;2
neos-1442119;1206151;-182.000000;7.291667;2;3;0;3
neos-1442657;1206151;-156.000000;6.083333;2;3;0;3
neos-1445532;1206151;-14382.000000;4.666667;2;23;0;23
neos-1445738;1206151;-18525.765543;192.856918;1;1149;0;1149
neos-1445743;1206151;-18902.810023;198.050465;1;1132;0;1132
neos-1445765;1206151;-18811.492536;210.050240;1;1199;0;1199
neos-1456979;1206151;154.000000;27.901173;1;43;0;43
neos-1516309;1206151;34769.833333;9.166667;2;26;0;26
neos-1582420;1206151;88.398466;56.499668;5;40;0;40
neos-1593097;1206151;19581.000000;35.532718;1;43;0;43
neos-1599274;1206151;31644.742857;8.000000;2;28;0;28
neos-1601936;1206151;1.000000;155.123290;1;684;0;684
neos-1603965;1206151;619257281.729080;159.273944;3;2304;1;2305
neos-1605061;1206151;6.150735;154.264928;1;2338;0;2338
neos-1605075;1206151;3.214461;180.849737;1;2118;0;2118
neos-1616732;1206151;174.000000;-0.000000;3;68;0;68
neos-1620770;1206151;22.000000;35.000000;2;227;0;227
neos-2294525-abba;1206151;251.550909;6.559286;1;102;0;102
neos-2328163-agri;1206151;27254.625000;58.500000;1;186;0;186
neos-2624317-amur;1206151;0.000000;22.010124;1;3;0;3
neos-2629914-sudost;1206151;39622.000000;15.492958;1;222;0;222
neos-2652786-brda;1206151;0.000000;13.689689;2;2;0;2
neos-2657525-crna;1206151;0.000000;17.653532;2;2;0;2
neos-2669500-cust;1206151;2221.900000;100.250838;1;496;5;501
neos-2746589-doon;1206151;1985.939796;54.551734;1;219;4;223
neos-2974461-ibar;1206151;472952396.770997;3364.000000;2;183290;35;183325
neos-2978193-inde;1206151;-2.418518;7.400000;1;65;0;65
neos-2978205-isar;1206151;-12.415307;29.800000;1;210;0;210
neos-2987202-jeir;1206151;-1847551552.236609;1035.632796;2;62143;1;62144
neos-2987310-joes;1206151;-610797465.676974;19.875000;2;924;0;924
neos-2991472-kalu;1206151;138.000000;19.673706;2;3204;85;3289
neos-3004026-krka;1206151;0.000000;832.000000;1;50;0;50
neos-3009394-lami;1206151;0.642857;216.571429;2;3;0;3
neos-3024952-loue;1206151;25442.000000;116.550000;5;214;0;214
neos-3025225-shelon;1206151;0.077135;318.031391;1;87623;19;87642
neos-3046601-motu;1206151;185.000000;0.023300;2;0;0;0
neos-3046615-murg;1206151;192.000000;0.024900;2;0;0;0
neos-3048764-nadi;1206151;-3883988306.366695;0.000000;1;32;0;32
neos-3065804-namu;1206151;0.000000;0.000000;1;247;0;247
neos-3068746-nene;1206151;77427529.530929;51.698455;2;190;0;190
neos-3072252-nete;1206151;10593526.000000;1.938794;2;1;0;1
neos-3075395-nile;1206151;1127152.765198;9.064729;1;87;0;87
neos-3083784-nive;1206151;0.000000;0.331201;1;7;0;7
neos-3083819-nubu;1206151;6290575.552807;5.598385;1;43;0;43
neos-3116779-oban;1206151;0.000000;0.000000;1;27;0;27
neos-3118745-obra;1206151;291.000000;-0.000000;3;4;0;4
neos-3148108-pahi;1206151;0.000000;0.000000;1;73;0;73
neos-3209462-rhin;1206151;0.000000;47.352227;2;4270;1;4271
neos-3209519-ruhr;1206151;332.850000;25.096416;1;46;0;46
neos-3214367-sovi;1206151;87807.062267;84.903917;1;1812;0;1812
neos-3216931-puriri;1206151;58817.360975;50.614467;1;690;0;690
neos-3226448-wkra;1206151;0.000000;512.043709;1;833;0;833
neos-3237086-abava;1206151;0.000000;56.000000;1;212;2;214
neos-3322547-alsek;1206151;616.000000;115.178534;2;10631;72;10703
neos-3352863-ancoa;1206151;43800.000000;-0.000000;3;622;11;633
neos-3354841-apure;1206151;48560.000000;3.800000;1;2076;23;2099
neos-3355120-tarago;1206151;-19761147.469026;129.215110;1;648;1;649
neos-3355323-arnon;1206151;0.000000;21.818182;4;62;3;65
neos-3372571-onahau;1206151;0.576990;8.695953;2;984;0;984
neos-3373491-avoca;1206151;21687686014.015354;20.812587;1;9;0;9
neos-3381206-awhea;1206151;432.000000;61.334767;2;4;0;4
neos-3402294-bobin;1206151;0.000000;50.999394;1;215;2;217
neos-3426085-ticino;1206151;235.000000;41.787470;3;31;0;31
neos-3426132-dieze;1206151;427.000000;103.670666;2;61;1;62
neos-3437289-erdre;1206151;0.000000;0.000000;1;73;1;74
neos-3530903-gauja;1206151;170.000000;33.253136;3;5;0;5
neos-3530905-gaula;1206151;153.000000;29.042208;2;4;0;4
neos-3555904-turama;1206151;-37.915768;1724.960719;3;5486;5;5491
neos-3572885-glina;1206151;0.000000;0.000000;1;94;1;95
neos-3581454-haast;1206151;1969.000000;47.338710;1;83;0;83
neos-3592146-hawea;1206151;7345804.855333;13.281253;1;40;0;40
neos-3594536-henty;1206151;383310.000000;1311.000000;1;70;1;71
neos-3603137-hoteo;1206151;0.000000;34.297619;3;41;1;42
neos-3610040-iskar;1206151;37.165417;2.262083;2;2;0;2
neos-3610051-istra;1206151;48.227558;5.054237;2;4;0;4
neos-3610173-itata;1206151;147.441250;3.692500;2;3;0;3
neos-3611447-jijia;1206151;116.645382;2.294795;2;2;0;2
neos-3611689-kaihu;1206151;138.382063;1.574126;2;2;0;2
neos-3615091-sutlej;1206151;-1506391.117177;161.684320;1;1528;9;1537
neos-3627168-kasai;1206151;1028641.180000;2.678667;2;3;0;3
neos-3634244-kauru;1206151;0.000000;152.720000;1;3567;4;3571
neos-3636886-kereu;1206151;1114.701601;0.001506;2;55;1;56
neos-3660371-kurow;1206151;286.534383;20.430958;1;16;0;16
neos-3661949-lesse;1206151;689000000.000000;0.000000;1;2;0;2
neos-3665875-lesum;1206151;248.325000;40.407566;2;64;0;64
neos-3682128-sandon;1206151;30098104.111687;108.126984;2;80;0;80
neos-3691541-lonja;1206151;-0.061575;9.639780;1;56;0;56
neos-3695882-vesdre;1206151;-145935.214286;39.000000;1;270;1;271
neos-3696678-lyvia;1206151;83.750000;63.000000;1;5;0;5
neos-3699377-maori;1206151;135877.224265;88.955274;2;102;0;102
neos-3703351-marne;1206151;317056.210386;65.821369;2;54;0;54
neos-3740487-motru;1206151;152.145486;76.975427;2;39095;63;39158
neos-3754480-nidda;1206151;-1216923.270104;12.186832;1;3;0;3
neos-3755335-nizao;1206151;50.030157;72.539921;2;515;2;517
neos-3759587-noosa;1206151;48.334468;4.400000;3;338;1;339
neos-3761878-oglio;1206151;422769.022545;66.784000;2;44;0;44
neos-3762025-ognon;1206151;603955.746492;49.449230;2;36;0;36
neos-4165869-wannon;1206151;285.150608;106.929165;2;618;1;619
neos-4230265-orari;1206151;38515515.684909;56.957317;3;2673;1;2674
neos-4260495-otere;1206151;3462.928116;143.832637;3;510;8;518
neos-4264598-oueme;1206151;4719412304.625630;65.571331;2;1983;0;1983
neos-4285819-pedja;1206151;34.451960;101.159938;2;294072;63;294135
neos-4290317-perth;1206151;3613303.634755;0.000000;2;1716;0;1716
neos-4295773-pissa;1206151;0.000000;1644.289474;1;5287;4;5291
neos-4300652-rahue;1206151;0.000000;31.333333;1;651;1;652
neos-4306827-ravan;1206151;-26673.307580;194.882805;2;340;4;344
neos-4321076-ruwer;1206151;1880.558333;39.333333;1;19135;1;19136
neos-4322846-ryton;1206151;0.419848;24.872919;1;718;6;724
neos-4332801-seret;1206151;233683.594384;172.168422;3;286;7;293
neos-4332810-sesia;1206151;-23062.998566;161.354975;3;267;6;273
neos-4333464-siret;1206151;24.688318;0.121324;2;10;0;10
neos-4333596-skien;1206151;-14653654.846569;0.746303;1;3;0;3
neos-4335793-snake;1206151;0.123684;141.753072;2;1366;2;1368
neos-4338804-snowy;1206151;1447.000000;21.239000;3;3;0;3
neos-4343293-stony;1206151;52.758728;0.200000;2;57;0;57
neos-4355351-swalm;1206151;33.854869;0.094819;2;166;4;170
neos-4358725-tagus;1206151;1889548.577948;203.435939;2;741;0;741
neos-4359986-taipa;1206151;0.395578;39.118149;1;975;1;976
neos-4360552-sangro;1206151;-29.500000;576.481637;1;9055;1;9056
neos-4387871-tavua;1206151;36.445048;0.200000;2;49;0;49
neos-4391920-timok;1206151;0.000378;34.957374;1;5812;5;5817
neos-4393408-tinui;1206151;340.267489;0.200000;2;40;0;40
neos-4408804-prosna;1206151;914.483516;71.708791;1;3414;1;3415
neos-4409277-trave;1206151;0.000000;350.162065;1;1931;1;1932
neos-4413714-turia;1206151;43.474651;371.333441;1;1942;12;1954
neos-4532248-waihi;1206151;0.370420;27.004111;1;4266;4;4270
neos-4533806-waima;1206151;3063.318841;49.500000;1;961;4;965
neos-4545615-waita;1206151;3606.594190;54.131913;1;17467;46;17513
neos-4555749-wards;1206151;3026.812121;34.998623;1;835;5;840
neos-4562542-watut;1206151;3743.304348;42.380485;1;2727;7;2734
neos-4647027-thurso;1206151;26911.641616;130.575703;1;2285;0;2285
neos-4647030-tutaki;1206151;26911.641616;131.360812;1;2848;0;2848
neos-4647032-veleka;1206151;26587.908699;174.943874;1;3717;0;3717
neos-4650160-yukon;1206151;-22633.302692;150.257047;1;4;0;4
neos-4722843-widden;1206151;63671.455263;748.515195;3;345;9;354
neos-4724674-aorere;1206151;3955.706101;89.034940;3;350;7;357
neos-4736745-arroux;1206151;262263446.114579;4.100609;2;36;0;36
neos-4738912-atrato;1206151;323678468.688703;3.843750;2;29;0;29
neos-4754521-awarau;1206151;0.000000;0.000000;1;1160;6;1166
neos-4760493-puerua;1206151;1908.243695;237.071976;1;42095;2;42097
neos-476283;1206151;406.244708;13.663873;1;6450;0;6450
neos-4763324-toguru;1206151;1120.986062;232.945926;1;34033;2;34035
neos-4797081-pakoka;1206151;0.000000;995.738455;1;6182;1;6183
neos-4805882-barwon;1206151;22058.983698;108.041076;3;184;1;185
neos-480878;1206151;515.138796;4.583278;2;17;0;17
neos-4954274-beardy;1206151;18659.208282;287.749893;2;898;4;902
neos-4954672-berkel;1206151;3491016.775148;2.808176;2;2;0;2
neos-4966258-blicks;1206151;366.090909;30.789773;2;1134;1;1135
neos-4971100-bodrog;1206151;-0.000000;0.000000;1;49;0;49
neos-4972437-bojana;1206151;357.086296;28.765194;2;7237;3;7240
neos-4972461-bolong;1206151;466.511858;34.763016;2;7428;2;7430
neos-4976951-bunnoo;1206151;377.416466;27.913354;2;6047;2;6049
neos-4984115-canche;1206151;-9947088.084138;0.363560;1;13;0;13
neos-498623;1206151;16.283333;46.801587;1;84;0;84
neos-5013590-toitoi;1206151;1064.447092;169.000000;1;12861;1;12862
neos-5018451-chiese;1206151;-148612315.605332;10.652915;1;1479;0;1479
neos-503737;1206151;50.000000;47.918146;1;29;0;29
neos-5041822-cockle;1206151;5701464.927099;174.422554;3;795;3;798
neos-5044663-wairoa;1206151;4653100.000000;573.309583;1;16467;1;16468
neos-5045105-creuse;1206151;19.066671;17.680786;1;64;0;64
neos-5049753-cuanza;1206151;464.000000;46.400000;1;1852;1;1853
neos-5051588-culgoa;1206151;128.750000;30.632366;1;94;0;94
neos-5052403-cygnet;1206151;219.007927;94.805311;8;38014;157;38171
neos-506422;1206151;0.000000;7.000000;1;156;0;156
neos-506428;1206151;145945.000000;96.000000;1;1082;2;1084
neos-5075914-elvire;1206151;305.493099;56.895754;2;80;0;80
neos-5076235-embley;1206151;1930.000000;0.112088;2;476;0;476
neos-5078479-escaut;1206151;7438.416728;53.893699;2;106;0;106
neos-5079731-flyers;1206151;2004.000000;1.153846;2;492;0;492
neos-5083528-gimone;1206151;0.000000;17.250000;1;222;3;225
neos-5093327-huahum;1206151;3934.000000;1.858333;2;624;0;624
neos-5100895-inster;1206151;2084.000000;3.428571;2;329;0;329
neos-5102383-irwell;1206151;1740.000000;2.593407;2;513;0;513
neos-5104907-jarama;1206151;648.590198;48.358189;2;7049;3;7052
neos-5106984-jizera;1206151;721.000000;2.257143;2;2920;4;2924
neos-5107597-kakapo;1206151;0.000000;0.591250;2;48;0;48
neos-5108386-kalang;1206151;621.655661;37.918891;2;15081;5;15086
neos-5114902-kasavu;1206151;518.000000;86.333333;1;7856;5;7861
neos-5115478-kaveri;1206151;0.000000;0.529375;2;34;0;34
neos-5116085-kenana;1206151;452.000000;75.333333;1;5587;3;5590
neos-5118834-korana;1206151;583.521384;84.165894;2;12855;3;12858
neos-5118851-kowhai;1206151;1134.000000;4.250000;2;3676;5;3681
neos-5123665-limmat;1206151;654.150497;48.317256;2;19703;5;19708
neos-5125849-lopori;1206151;0.000000;5.984639;1;36;0;36
neos-5129192-manaia;1206151;0.000000;4.000000;1;3182;13;3195
neos-5138690-middle;1206151;609.154239;77.027095;2;18867;5;18872
neos-5140963-mincio;1206151;8877.000000;2.142857;1;1;0;1
neos-5149806-wieprz;1206151;45.000000;7.634481;3;389;10;399
neos-5151569-mologa;1206151;686014018.994231;27.888300;2;2766;2;2768
neos-5178119-nalagi;1206151;8.569859;24.379086;2;77;0;77
neos-5182409-nasivi;1206151;0.000000;19.712425;1;6;0;6
neos-5188808-nattai;1206151;0.000000;13.355766;1;526;0;526
neos-5189128-totara;1206151;330131.390743;21.863581;1;929;2;931
neos-5192052-neckar;1206151;-11980000.000000;0.400000;2;0;0;0
neos-5193246-nerang;1206151;0.000000;427.000890;1;234;0;234
neos-5195221-niemur;1206151;0.000000;364.863502;1;276;0;276
neos-5196530-nuhaka;1206151;0.000000;406.675411;1;338;0;338
neos-520729;1206151;-1389625.000000;9.185238;1;473;0;473
neos-5221106-oparau;1206151;0.000000;33.949758;1;597;1;598
neos-525149;1206151;60.000000;40.416667;1;34;0;34
neos-5260764-orauea;1206151;58748.022532;8.725559;1;76;0;76
neos-5261882-treska;1206151;26047.998000;6.157765;1;7;0;7
neos-5266653-tugela;1206151;21659.678723;20.155553;1;146;1;147
neos-555001;1206151;962625.000000;32.414286;1;6;0;6
neos-555343;1206151;1346700.000000;157.193056;4;9;0;9
neos-555424;1206151;1286800.000000;144.027778;1;34;0;34
neos-555884;1206151;1112400.000000;165.150000;1;32;0;32
neos-565672;1206151;55015.268433;57.351362;4;13126;19;13145
neos-574665;1206151;5932913.752734;8.390264;3;5;0;5
neos-578379;1206151;0.000000;99.171812;1;1864;1;1865
neos-585192;1206151;384.328979;0.433130;2;11;0;11
neos-585467;1206151;347.224531;0.316538;2;8;0;8
neos-595904;1206151;61213.471080;16.893904;2;78;0;78
neos-619167;1206151;1.481241;34.850492;1;98;0;98
neos-631517;1206151;6999347.296879;55.400180;2;8;0;8
neos-631710;1206151;286.000000;225.464535;2;1057;19;1076
neos-633273;1206151;6996841097.997801;0.000000;1;175;0;175
neos-662469;1206151;184342.980720;94.063832;1;484;1;485
neos-686190;1206151;5134.813830;17.515957;1;42;0;42
neos-691058;1206151;263.400000;89.445421;1;130;0;130
neos-693347;1206151;234.000000;78.661138;1;773;0;773
neos-738098;1206151;-1099.000000;195.489493;1;285;0;285
neos-777800;1206151;-80.000000;74.416196;1;54;0;54
neos-780889;1206151;3421500.000000;0.000000;1;387;6;393
neos-787933;1206151;30.000000;0.000000;1;1;0;1
neos-799711;1206151;-11228065.153797;78.369325;1;842;0;842
neos-799716;1206151;4932670.661692;20.807498;1;71;0;71
neos-807639;1206151;332.924117;12.512286;1;7;0;7
neos-820879;1206151;24874.267857;63.030000;1;88;0;88
neos-824661;1206151;55.000000;94.965217;2;250;1;251
neos-824695;1206151;43.000000;61.571429;2;102;0;102
neos-826224;1206151;124.000000;43.333333;2;205;2;207
neos-826650;1206151;32.000000;154.916667;2;46;0;46
neos-826694;1206151;72.000000;221.851190;2;172;1;173
neos-826812;1206151;69.011000;175.561360;3;140;1;141
neos-826841;1206151;32.008200;127.466667;2;46;0;46
neos-827015;1206151;2.098071;332.649497;1;1896;3;1899
neos-827175;1206151;115.001520;111.833333;2;155;2;157
neos-829552;1206151;2.098071;248.920991;1;1801;1;1802
neos-831188;1206151;1.767720;87.466667;1;52;0;52
neos-847302;1206151;0.000000;46.902472;1;53;0;53
neos-848198;1206151;168977.000000;-0.000000;2;152;0;152
neos-848589;1206151;0.000000;1.000000;1;1155;1;1156
neos-849702;1206151;0.000000;87.450805;1;19;0;19
neos-850681;1206151;2087.000000;50.000000;1;115;0;115
neos-860300;1206151;2035.362225;9.000000;1;43;0;43
neos-872648;1206151;52.671483;0.000000;2;960;7;967
neos-873061;1206151;135.208828;0.000000;2;1418;7;1425
neos-876808;1206151;169615.062608;275.400000;2;2866;2;2868
neos-885086;1206151;-243.000000;18.235808;2;201;0;201
neos-885524;1206151;12397.479000;5.525486;3;77;2;79
neos-911880;1206151;23.260000;16.155343;1;2;0;2
neos-911970;1206151;23.260000;14.456206;1;2;0;2
neos-913984;1206151;1000.000000;32.223499;1;162;3;165
neos-914441;1206151;5660364.283770;102.051261;1;2162;0;2162
neos-916792;1206151;26.283217;17.068306;2;103;0;103
neos-932721;1206151;513000.000000;-0.000000;2;59;0;59
neos-932816;1206151;513000.000000;0.000000;2;127;0;127
neos-933562;1206151;0.000000;82.687196;1;28;0;28
neos-933638;1206151;474007.000000;0.000000;2;151;1;152
neos-933966;1206151;412038.000000;0.000000;2;120;1;121
neos-934278;1206151;456006.000000;0.000000;2;305;1;306
neos-935234;1206151;436011.000000;0.000000;2;293;1;294
neos-935627;1206151;23250.000000;0.000000;2;344;1;345
neos-935769;1206151;23520.000000;-0.000000;2;324;1;325
neos-937511;1206151;52640.000000;-0.000000;2;393;1;394
neos-937815;1206151;53510.000000;-0.000000;2;499;1;500
neos-941262;1206151;51733.000000;-0.000000;2;349;1;350
neos-941313;1206151;9361.000000;209.984127;1;466;4;470
neos-942830;1206151;12.000000;64.350128;2;23;0;23
neos-948126;1206151;52602.000000;-0.000000;2;354;0;354
neos-948346;1206151;-183.450878;30.429691;5;452;18;470
neos-950242;1206151;2.000000;42.000000;2;100;1;101
neos-953928;1206151;-8.906667;12.942467;4;141;5;146
neos-954925;1206151;-160.787389;33.890744;4;414;17;431
neos-956971;1206151;-106.788318;33.852264;4;497;14;511
neos-957143;1206151;-185.847699;34.060881;5;565;16;581
neos-957323;1206151;-218.785116;18.500000;3;287;9;296
neos-957389;1206151;1.500000;23.329101;1;74;1;75
neos-960392;1206151;-238.000000;301.558442;1;261;3;264
neos-983171;1206151;52403.000000;0.000000;2;406;1;407
neos-984165;1206151;51812.000000;0.000000;2;412;1;413
neos13;1206151;-126.178378;42.160092;2;212;0;212
neos15;1206151;143201.242910;0.000000;2;1;0;1
neos16;1206151;429.000000;13.714286;3;4;0;4
neos17;1206151;0.222688;0.000000;2;7;0;7
neos18;1206151;12.000000;37.833333;5;85;0;85
neos2;1206151;-4407.097239;5.158588;1;5;0;5
neos22;1206151;790282.857143;12.207143;2;35;0;35
neos5;1206151;17.250000;0.000000;2;1;0;1
neos6;1206151;114.038055;32.275044;6;265;7;272
neos8;1206151;-3309.500000;20.750000;3;30;0;30
neos808444;1206151;0.000000;198.728752;1;218;1;219
neos9;1206151;780.000000;44.250000;1;299;0;299
net12;1206151;47.514236;134.516319;3;1080;1;1081
netdiversion;1206151;454.000000;754.600000;3;7473;15;7488
newdano;1206151;11.724138;8.447296;1;2;0;2
nexp-150-20-1-5;1206151;74.000000;-0.000000;3;36;0;36
nexp-150-20-8-5;1206151;552.000000;-0.000000;2;79;1;80
nexp-50-20-1-1;1206151;35.000000;-0.000000;2;1;0;1
nexp-50-20-4-2;1206151;120.000000;0.000000;2;2;0;2
nh97_potential;1206151;1461.000000;72.750000;2;6;0;6
nh97_tension;1206151;1429.000000;76.466667;2;2;0;2
nj1;1206151;0.000000;607.000000;1;511;1;512
nj2;1206151;0.000000;607.000000;1;635;1;636
nj3;1206151;0.000000;607.000000;1;1671;1;1672
nobel-eu-DBE;1206151;7662120.000000;0.000000;2;77;0;77
noswot;1206151;-39.920111;4.557455;3;1;0;1
ns1111636;1206151;96.250000;17.588542;1;266;1;267
ns1116954;1206151;0.000000;154.227320;1;683;1;684
ns1208400;1206151;0.000000;92.146914;1;32;0;32
ns1430538;1206151;73.621609;10.751709;1;420;0;420
ns1456591;1206151;361.939022;19.000000;1;115;0;115
ns1606230;1206151;13.225000;179.621722;1;2145;0;2145
ns1631475;1206151;94800.000000;643.196596;2;1363;2;1365
ns1679495;1206151;3355407.151677;106.229642;2;48324;11;48335
ns1685374;1206151;-51.800913;96.218654;1;2328;1;2329
ns1688347;1206151;2.259259;74.205225;1;437;0;437
ns1690781;1206151;-1022.227789;60.056795;2;104;0;104
ns1696083;1206151;2.038462;48.811865;1;532;1;533
ns1758913;1206151;-1473.311978;85.635340;1;8657;5;8662
ns1760995;1206151;-1349.487943;142.000000;1;15256;7;15263
ns1778858;1206151;-22635740.000000;227.465047;2;310;0;310
ns1828997;1206151;0.000000;75.000000;1;1051;1;1052
ns1830653;1206151;7083.000000;59.569632;1;84;0;84
ns1849932;1206151;546.000000;6.131653;1;1064;5;1069
ns1853823;1206151;1172000.000000;1345.731857;2;42870;23;42893
ns1854840;1206151;1664000.000000;1124.615817;2;8662;14;8676
ns1856153;1206151;0.000000;203.675428;2;166;1;167
ns1904248;1206151;0.000000;476.666667;3;2442;7;2449
ns1905797;1206151;11.750980;32.426504;1;242;1;243
ns1905800;1206151;6.436600;26.487503;1;56;0;56
ns1952667;1206151;0.000000;9.316422;1;198;1;199
ns2017839;1206151;77026841466348.468750;1.620352;2;4637;0;4637
ns2034125;1206151;24740.000000;429.218830;2;2737;0;2737
ns2071214;1206151;0.000000;53.955240;1;75;0;75
ns2081729;1206151;4.600000;0.174500;2;2;0;2
ns2122698;1206151;62785.622771;196.156523;1;419;2;421
ns2124243;1206151;53998.333333;186.527778;1;297;1;298
ns2137859;1206151;24629.000000;56.954851;1;113;0;113
ns4-pr3;1206151;711323.000000;0.000000;2;151;0;151
ns4-pr6;1206151;395464.500000;0.000000;2;30;0;30
ns4-pr9;1206151;549125.000000;0.000000;2;73;0;73
ns894236;1206151;18.000000;109.321441;2;236;0;236
ns894244;1206151;16.000000;172.305570;2;563;1;564
ns894786;1206151;14.000000;98.226662;2;550;2;552
ns894788;1206151;7.000000;55.131615;2;98;0;98
ns903616;1206151;22.000000;175.549209;2;625;2;627
nsa;1206151;91.855632;7.418401;2;8;0;8
nsr8k;1206151;17500809.511815;639.470648;1;9013;3;9016
nsrand-ipx;1206151;68640.000000;0.000000;3;49;1;50
nu120-pr12;1206151;197775.000000;4.800000;2;43;0;43
nu120-pr3;1206151;511253.750000;28.016727;2;106;0;106
nu120-pr9;1206151;334880.000000;15.750000;2;80;0;80
nu25-pr12;1206151;297882.500000;4.233333;2;43;0;43
nu4-pr9;1206151;549125.000000;12.513333;2;71;0;71
nu60-pr9;1206151;386150.000000;12.150000;2;75;0;75
nucorsav;1206151;29.046100;74.292914;1;75445;133;75578
nursesched-medium-hint03;1206151;33.468485;463.947617;1;1164;3;1167
nursesched-medium04;1206151;452.000000;371.763072;2;772;5;777
nursesched-sprint-hidden09;1206151;516.944444;178.989683;2;308;2;310
nursesched-sprint-late03;1206151;34.254806;182.557279;1;338;1;339
nursesched-sprint02;1206151;154.416667;130.963542;2;236;2;238
nw04;1206151;16310.666667;2.000000;1;185;2;187
ofi;1206151;6135598681.449045;1321.867570;196;3399;101;3500
ofi2;1206151;6128453035.160096;1604.443623;184;5888;156;6044
oocsp-racks030e6cci;1206151;0.000000;547.447664;15;189;12;201
opm2-z10-s2;1206151;-21344.000000;0.000000;5;6410;6;6416
opm2-z10-s4;1206151;-20011.000000;-0.000000;5;7627;7;7634
opm2-z11-s8;1206151;-24077.000000;0.000000;5;11009;9;11018
opm2-z12-s14;1206151;-38546.000000;-0.000000;5;23324;13;23337
opm2-z12-s7;1206151;-33919.000000;-0.000000;5;25662;12;25674
opm2-z12-s8;1206151;-35083.000000;0.000000;6;26807;13;26820
opm2-z6-s1;1206151;-2356.000000;-0.000000;3;289;0;289
opm2-z7-s2;1206151;-7132.000000;-0.000000;4;530;1;531
opm2-z7-s8;1206151;-6856.000000;-0.000000;4;517;1;518
opm2-z8-s0;1206151;-8004.000000;0.000000;3;1262;1;1263
opt1217;1206151;-20.021390;10.060606;1;2;0;2
osorio-cta;1206151;0.000000;0.013388;1;49;0;49
p0201;1206151;7155.000000;10.900000;1;1;0;1
p100x588b;1206151;58977.000000;0.000000;2;1;0;1
p200x1188c;1206151;15747.000000;0.000000;2;3;0;3
p2756;1206151;2706.000000;24.070313;2;5;0;5
p500x2988;1206151;72594.000000;0.000000;2;35;0;35
p500x2988c;1206151;17212.000000;-0.000000;2;28;0;28
p500x2988d;1206151;6.000000;-0.000000;2;34;0;34
p6b;1206151;-53.000000;0.000000;3;51;0;51
p80x400b;1206151;45896.000000;-0.000000;2;1;0;1
pb-fit2d;1206151;-22363.768555;843.273209;1;7410;11;7421
pb-gfrd-pnc;1206151;8321.694589;42.993642;1;108;0;108
pb-grow22;1206151;-449654.852582;121.611433;1;462;1;463
pb-market-split8-70-4;1206151;0.000000;1.843507;1;0;0;0
pb-simp-nonunif;1206151;9.500000;280.033333;5;2401;11;2412
peg-solitaire-a3;1206151;1.000000;265.145532;1;380;0;380
pg;1206151;-11098.657382;17.215049;2;5;0;5
pg5_34;1206151;-16012.248077;18.476238;2;6;0;6
physiciansched3-3;1206151;2590923.193775;699.205074;3;17448;4;17452
physiciansched3-4;1206151;1460000.029192;507.419205;3;19448;3;19451
physiciansched5-3;1206151;20464.000000;133.462963;2;741;0;741
physiciansched6-1;1206151;10067.500000;253.698611;3;586;1;587
physiciansched6-2;1206151;47675.160783;435.646407;4;334;1;335
pigeon-08;1206151;-8000.000000;4.485714;1;1;0;1
pigeon-10;1206151;-10000.000000;8.022222;1;2;0;2
pigeon-11;1206151;-11000.000000;9.020000;1;2;0;2
pigeon-12;1206151;-12000.000000;10.018182;1;2;0;2
pigeon-13;1206151;-13000.000000;11.016667;1;3;0;3
pigeon-16;1206151;-16000.000000;34.984242;1;4;0;4
pigeon-19;1206151;-19000.000000;17.011111;1;6;0;6
pigeon-20;1206151;-20000.000000;26.250718;1;6;0;6
piperout-03;1206151;69590.490975;240.307638;7;274;2;276
piperout-08;1206151;99228.924471;298.804974;9;276;3;279
piperout-27;1206151;7146.876623;517.233607;684;346;265;611
piperout-d20;1206151;25601.416667;437.748324;2;646;1;647
piperout-d27;1206151;7199.340391;682.880995;2;801;1;802
pk1;1206151;0.000000;2.794444;1;0;0;0
polygonpack3-15;1206151;-114051612.169520;43.644898;3;967;4;971
polygonpack4-10;1206151;-93676953.470100;20.424622;3;352;2;354
polygonpack4-15;1206151;-114052801.790860;41.117829;3;1098;5;1103
polygonpack4-7;1206151;-75324958.874200;9.351513;3;183;1;184
polygonpack5-15;1206151;-66029981.130960;31.476023;3;1206;6;1212
pp08a;1206151;15000.000000;-0.000000;2;0;0;0
pp08aCUTS;1206151;16630.402442;0.000000;2;2;0;2
probportfolio;1206151;7.321966;24.067729;1;2;0;2
prod1;1206151;-55.000000;3.767946;2;2;0;2
prod2;1206151;-59.000000;4.566580;2;4;0;4
proteindesign121hz512p19;1206151;3197.772133;54.952462;1;5453;73;5526
proteindesign121hz512p9;1206151;1423.904449;59.959446;1;193;3;196
proteindesign121pgb11p9;1206151;1173.710433;48.788284;1;165;3;168
proteindesign122trx11p8;1206151;1720.461105;44.719330;1;209;3;212
protfold;1206151;0.000000;34.634891;2;29;0;29
pw-myciel4;1206151;4.000000;94.775204;4;7;0;7
pythago7824;1206151;0.000000;580.777778;6;816;2;818
pythago7825;1206151;0.000000;586.777778;8;789;3;792
qap10;1206151;332.566228;55.000000;1;373;0;373
qiu;1206151;1805.177158;0.000000;2;4;0;4
qnet1;1206151;89045.940000;7.221868;2;15;0;15
qnet1_o;1206151;93221.720000;0.000000;2;4;0;4
queens-30;1206151;-30.000000;0.000000;3;186;1;187
r4l4-02-tree-bounds-50;1206151;512370030.000000;648.050000;3;43;0;43
r50x360;1206151;2016.000000;-0.000000;2;1;0;1
r80x800;1206151;5520.000000;-0.000000;2;2;0;2
radiationm18-12-05;1206151;17561.353680;193.062229;2;62;0;62
radiationm40-10-02;1206151;155317.684921;698.420363;2;296;1;297
rail01;1206151;-90.767086;1608.458333;1;13169;3;13172
rail02;1206151;-206.092110;2179.300000;1;119284;10;119294
rail03;1206151;-919.222126;7606.865972;1;186721;24;186745
rail507;1206151;207.000000;-0.000000;3;256;5;261
railway_8_1_0;1206151;397.000000;46.034177;3;6;0;6
ramos3;1206151;440.000000;-0.000000;3;1385;0;1385
ran12x21;1206151;4080.000000;0.000000;2;0;0;0
ran13x13;1206151;3521.000000;0.000000;2;0;0;0
ran14x18-disj-8;1206151;12170.996653;0.000000;2;16;0;16
ran14x18;1206151;4265.000000;0.000000;2;0;0;0
ran16x16;1206151;4333.000000;0.000000;2;0;0;0
rd-rplusc-21;1206151;100.000000;3.709516;1;310;0;310
reblock115;1206151;-37981832.798944;238.100873;1;258;0;258
reblock166;1206151;-640892721.079106;86.859092;6;313;0;313
reblock354;1206151;-39586262.751951;411.245436;1;1040;0;1040
reblock420;1206151;-558825455.521724;213.947318;7;1628;3;1631
reblock67;1206151;-36575497.117631;131.415935;1;40;0;40
rfds-4-days;1206151;-1158940.978167;62.166667;1;17430;9;17439
rlp1;1206151;13.244444;9.961905;1;1;0;1
rmatr100-p10;1206151;360.593308;9.692735;1;238;0;238
rmatr100-p5;1206151;762.040054;5.000000;1;464;0;464
rmatr200-p10;1206151;1550.620783;10.000000;1;11883;0;11883
rmatr200-p20;1206151;688.357943;19.982266;1;3595;0;3595
rmatr200-p5;1206151;3283.653831;5.000000;1;12822;0;12822
rmine10;1206151;-1926.863820;886.708002;1;3648;1;3649
rmine11;1206151;-2522.047107;1304.350285;1;8363;1;8364
rmine13;1206151;-3504.619914;1108.274293;2;24002;5;24007
rmine14;1206151;-4310.694704;2228.265999;1;112250;4;112254
rmine15;1206151;-5042.482963;4267.046917;1;234560;5;234565
rmine6;1206151;-462.305727;106.725097;1;122;0;122
rocI-3-11;1206151;-110705.000000;55.887636;16;12;0;12
rocI-4-11;1206151;-11110705.000000;66.745360;17;44;1;45
rocII-10-11;1206151;-11.946851;198.052596;2;818;1;819
rocII-4-11;1206151;-11.867128;49.198977;2;61;0;61
rocII-5-11;1206151;-11.893702;59.199453;2;70;0;70
rocII-7-11;1206151;-11.924073;119.849935;1;175;0;175
rocII-8-11;1206151;-11.933564;159.333601;2;233;1;234
rocII-9-11;1206151;-11.940946;178.324932;2;317;1;318
rococoB10-011000;1206151;51207.000000;10.950589;5;110;0;110
rococoC10-001000;1206151;23730.000000;0.000000;6;28;0;28
rococoC11-010100;1206151;143170.000000;22.416868;2;147;0;147
rococoC11-011100;1206151;139407.000000;14.937663;2;110;0;110
rococoC12-010001;1206151;117774.000000;9.895179;2;207;1;208
rococoC12-111000;1206151;27337.357381;31.147270;1;266;0;266
roi2alpha3n4;1206151;-78.888089;8.000000;2;622;8;630
roi5alpha10n8;1206151;-84.342241;16.000000;2;1880;23;1903
roll3000;1206151;11939.645814;52.881579;2;23;0;23
rout;1206151;981.864286;10.233819;1;3;0;3
rpp22falsei;1206151;0.000000;74.210179;3;64;1;65
rvb-sub;1206151;11.206514;4.857143;1;637;4;641
s100;1206151;-0.170525;28.899744;1;19492;16;19508
s1234;1206151;0.361925;1.571653;2;950;0;950
s250r10;1206151;-0.168732;59.939334;2;8867;31;8898
s55;1206151;-22.151773;60.323192;1;1578;4;1582
satellites1-25;1206151;-20.000000;112.132767;1;587;0;587
satellites2-25;1206151;-29.000000;379.188850;1;29699;2;29701
satellites2-40;1206151;-29.000000;350.462240;1;27183;2;27185
satellites2-60-fs;1206151;-23.972601;437.642681;2;4963;2;4965
satellites2-60;1206151;-29.000000;350.462240;1;25252;2;25254
satellites3-25;1206151;-38.000000;748.576477;1;265754;5;265759
satellites3-40-fs;1206151;-32.664860;836.453067;2;27891;6;27897
satellites3-40;1206151;-38.000000;764.579864;1;218176;5;218181
savsched1;1206151;12957.995000;-0.000000;3;63961;49;64010
scpj4scip;1206151;183.000000;-0.000000;3;1215;23;1238
scpk4;1206151;389.000000;0.000000;3;2629;21;2650
scpl4;1206151;360.000000;-0.000000;3;4946;48;4994
scpm1;1206151;774.000000;0.000000;3;45503;124;45627
scpn2;1206151;741.000000;-0.000000;3;72046;249;72295
sct1;1206151;-186.838854;85.284884;2;1186;1;1187
sct2;1206151;-86.372659;17.837708;2;67;0;67
sct31;1206151;186.783515;24.423168;2;257;0;257
sct32;1206151;51.266438;45.043874;2;578;1;579
sct5;1206151;-227.029312;28.919325;2;573;2;575
seqsolve1;1206151;4770.293168;265.188388;24;6201;127;6328
seqsolve2short4288;1206151;20.396875;318.804378;4;6789;26;6815
seqsolve3short4288excess384;1206151;-43472.799518;407.473201;8;10542;51;10593
set1ch;1206151;107691.500000;-0.000000;2;1;0;1
set3-09;1206151;1263.077974;13.704533;2;11;0;11
set3-10;1206151;788.890655;13.953500;2;11;0;11
set3-15;1206151;8364.040745;17.366709;2;16;0;16
set3-16;1206151;9916.808562;19.040932;2;15;0;15
set3-20;1206151;10347.381087;16.724301;2;11;0;11
seymour-disj-10;1206151;331.000001;-0.000000;4;1638;2;1640
seymour;1206151;452.000000;0.000000;3;207;0;207
seymour1;1206151;419.891318;-0.000000;3;205;0;205
shiftreg1-4;1206151;131.656032;170.412698;1;36;0;36
shiftreg2-7;1206151;206.733052;112.525005;1;68;0;68
shiftreg5-1;1206151;520.839888;531.003874;1;372;0;372
shipsched;1206151;-0.000000;8.077417;4;74;1;75
shipschedule3shipsi;1206151;-265650.000000;353.645640;12;51;2;53
shipschedule6shipsmixi;1206151;-301650.000000;713.080672;9;117;3;120
shipschedule8shipsmixuci;1206151;-401100.000000;523.185400;11;91;5;96
shs1014;1206151;22137.410363;320.475000;1;37432;20;37452
shs1042;1206151;10404.662711;568.781970;1;35337;21;35358
siena1;1206151;10163179.229002;146.859338;1;1797;2;1799
sing11;1206151;18640171.224643;243.132649;1;7880;5;7885
sing161;1206151;19071259.113926;685.480441;1;72588;19;72607
sing17;1206151;35483848.876513;472.456436;1;26357;13;26370
sing2;1206151;17150914.716940;256.737979;1;2054;1;2055
sing245;1206151;25024015.754083;395.965975;1;13530;7;13537
sing326;1206151;7717674.801189;172.968798;1;2859;2;2861
sing359;1206151;22534478.962498;889.129081;1;82106;18;82124
sing44;1206151;8102513.219400;139.469372;1;2886;2;2888
sing5;1206151;18418516.013137;236.754039;1;2876;3;2879
snip10x10-35r1budget17;1206151;30.000000;3.224794;2;1377;0;1377
snp-02-004-104;1206151;567161691.779774;7.604965;5;5451;0;5451
snp-04-052-052;1206151;746313354.490274;733.799382;6;4571;3;4574
snp-06-004-052;1206151;1831976376.522612;31.156229;2;8271;0;8271
snp-10-004-052;1206151;5961214167.823297;42.379535;6;20715;2;20717
snp-10-052-052;1206151;6009206679.336597;1683.882989;6;22286;8;22294
sorrell3;1206151;-13.000000;-0.000000;3;364;0;364
sorrell4;1206151;-18.000000;-0.000000;3;1020;2;1022
sorrell7;1206151;-141.000000;0.000000;3;14453;0;14453
sorrell8;1206151;-269.000000;0.000000;3;205;0;205
sp150x300d;1206151;71.000000;0.000000;2;0;0;0
sp97ar;1206151;815120355.519999;2.342794;4;402;6;408
sp97ic;1206151;578703486.755542;0.975543;3;335;5;340
sp98ar;1206151;648426163.072905;1.440725;4;501;8;509
sp98ic;1206151;605964163.117924;3.283712;5;401;7;408
sp98ir;1206151;271833089.651983;6.757325;5;57;2;59
splice1k1;1206151;-3.068619;1.426914;2;33246;21;33267
splice1k1i;1206151;-1646.777979;134.969052;1;13732;3;13735
square23;1206151;8.333333;12.444444;1;93;1;94
square31;1206151;8.500000;13.750000;1;570;4;574
square37;1206151;8.666667;13.666667;1;1399;10;1409
square41;1206151;8.839612;15.068891;1;2673;16;2689
square47;1206151;8.755814;15.976744;1;6778;28;6806
stoch-vrpvrp-s5v2c8vrp-v2c8i;1206151;0.000000;90.875770;2;17;0;17
stockholm;1206151;174.000000;-0.000000;2;465;0;465
stp3d;1206151;564.338735;444.506671;2;23028;12;23040
sts405;1206151;357.000000;0.000000;2;513;1;514
sts729;1206151;665.000000;0.000000;2;3307;5;3312
supportcase1;1206151;20078.000000;0.020832;2;248;4;252
supportcase10;1206151;3.383924;971.624635;2;9701;4;9705
supportcase11;1206151;-14.281996;0.000000;1;2;0;2
supportcase12;1206151;-7559.533054;69.511088;1;1665;0;1665
supportcase14;1206151;272.000000;7.333333;1;1;0;1
supportcase16;1206151;272.000000;7.333333;1;1;0;1
supportcase17;1206151;0.000000;32.284011;2;5;0;5
supportcase18;1206151;87.000000;9.141806;2;43;0;43
supportcase19;1206151;12677206.000000;370.390975;1;27119;62;27181
supportcase2;1206151;0.000000;4.750000;1;8049;52;8101
supportcase20;1206151;108889.000000;0.000000;2;16;0;16
supportcase23;1206151;-12952.000000;617.629502;1;1759;0;1759
supportcase25;1206151;0.036932;10.829622;1;101;0;101
supportcase26;1206151;1288.102161;0.009948;2;1;0;1
supportcase27i;1206151;0.000000;93.694826;2;7;0;7
supportcase3;1206151;0.000000;403.282880;3;219;0;219
supportcase30;1206151;0.000000;102.857020;1;59;0;59
supportcase31;1206151;79524.180000;4.000000;2;1861;60;1921
supportcase33;1206151;-465.000000;28.172772;2;102;0;102
supportcase34;1206151;72.664116;196.140621;1;555;1;556
supportcase35;1206151;174371.000000;0.000000;2;95;0;95
supportcase37;1206151;-5803.552159;23.221484;2;970;0;970
supportcase39;1206151;-1062330.369524;22.808785;5;89;7;96
supportcase4;1206151;0.000000;202.915359;3;149;0;149
supportcase40;1206151;22536.483379;19.000000;1;240;0;240
supportcase41;1206151;28.000000;36.047859;2;631;0;631
supportcase42;1206151;7.343539;48.081295;1;1668;2;1670
supportcase43;1206151;0.000000;48.147044;2;49955;3;49958
supportcase6;1206151;45090.732163;29.123967;1;1447;11;1458
supportcase7;1206151;-2396.218213;53.147310;2;1370;0;1370
swath;1206151;334.496858;2.200000;1;40;0;40
swath1;1206151;334.496858;0.600000;1;32;0;32
swath2;1206151;334.496858;0.700000;1;30;0;30
swath3;1206151;334.496858;0.800000;1;35;0;35
t1717;1206151;134531.021428;79.098998;1;219;1;220
t1722;1206151;98815.407611;52.399108;1;116;0;116
ta1-UUM;1206151;3693674.556772;4.303412;1;5;0;5
ta2-UUE;1206151;41427354.755773;0.680983;2;156;0;156
tanglegram1;1206151;0.000000;46.000000;1;2;0;2
tanglegram2;1206151;1.000000;26.500000;1;1;0;1
tanglegram4;1206151;4.000000;71.000000;1;4;0;4
tanglegram6;1206151;0.000000;33.500000;1;1;0;1
tbfp-bigm;1206151;-178.153988;30.000000;1;136;0;136
tbfp-network;1206151;23.261535;31.000000;1;784;3;787
Test3;1206151;2671255.210245;12.061384;1;102;0;102
thor50dday;1206151;203930.000000;0.000000;2;229;3;232
timtab1;1206151;1219177.333333;17.766667;2;0;0;0
timtab1CUTS;1206151;613590.095426;34.399586;2;3;0;3
timtab2;1206151;1602354.333333;29.200000;2;1;0;1
tokyometro;1206151;4658.136055;267.420569;3;67;0;67
toll-like;1206151;28.000000;229.000000;1;32;0;32
tpl-tub-ss16;1206151;8128588.328716;1889.575939;3;86969;161;87130
tpl-tub-ws1617;1206151;10755112.807538;2191.381057;3;99674;183;99857
tr12-30;1206151;188435.464884;3.580258;2;2;0;2
traininstance2;1206151;0.000000;8.029580;2;42;0;42
traininstance6;1206151;0.000000;3.486662;2;30;0;30
transportmoment;1206151;-55084931301.156029;426.403696;2;215;0;215
trento1;1206151;5182758.848056;76.321422;1;516;0;516
triptim1;1206151;22.921100;1825.087353;3;7132;8;7140
triptim2;1206151;11.878757;549.675189;3;11084;8;11092
triptim3;1206151;14.147151;635.932223;3;11747;9;11756
triptim4;1206151;9.526100;370.406250;3;11625;7;11632
triptim7;1206151;3080.288157;494.758033;2;10956;5;10961
triptim8;1206151;3074.310409;490.021225;2;12118;5;12123
tw-myciel4;1206151;22.000000;71.524648;6;191;0;191
uc-case11;1206151;611621.305979;111.729871;1;2654;0;2654
uc-case3;1206151;7181.432113;95.258578;3;2011;2;2013
uccase10;1206151;38995.965187;400.440843;1;2730;3;2733
uccase12;1206151;11507.474829;29.321333;3;2234;3;2237
uccase7;1206151;26527.823515;162.338874;1;3740;0;3740
uccase8;1206151;11142.163196;63.982247;1;1571;0;1571
uccase9;1206151;10819.582996;76.021210;1;1006;1;1007
uct-subprob;1206151;242.000000;57.638355;1;76;0;76
umts;1206151;43380098.519492;76.628947;2;21;0;21
unitcal_7;1206151;19450489.742819;144.660904;6;943;1;944
usAbbrv-8-25_70;1206151;95.000000;101.721317;3;11;0;11
usafa;1206151;178.602081;3104.483345;2;46301;26;46327
v150d30-2hopcds;1206151;52.000000;-0.000000;3;104;1;105
van;1206151;3.717453;12.910186;1;8140;0;8140
var-smallemery-m6j6;1206151;-156.056268;89.220998;2;749;3;752
vpm2;1206151;15.721505;3.393512;2;0;0;0
vpphard;1206151;0.000000;127.270065;1;69;0;69
vpphard2;1206151;0.000000;236.643537;1;85;0;85
wachplan;1206151;-9.000000;66.068516;1;9;0;9
wnq-n100-mw99-14;1206151;224.318143;77.196581;2;123;0;123
xmas10-2;1206151;-537.008669;157.129457;1;214;0;214
xmas10;1206151;-537.008669;157.318400;1;185;0;185
z26;1206151;-981.000000;-0.000000;3;13694;8;13702
zeil;1206151;813.510308;818.615660;1;86588;6;86594
zib54-UUE;1206151;19164366.000000;-0.000000;2;48;0;48