Instance;Seed;Cost;Fractionality;Rounds;LPtime(ms);ZItime(ms);LP+ZItime(ms);Gap(%)
10teams;0;917;36.587901;1;30;0;30;100
22433;0;21552.708079;24.962328;5;5;0;5;100
23588;0;8342.863244;17.617619;4;2;0;2;100
2club200v15p5scn;0;-100.423077;39.038462;5;133;2;135;100
30n20b8;0;5530;41.625765;2;143;0;143;100
30_70_45_05_100;0;67;0;5;800;2;802;100
30_70_45_095_100;0;48;0;5;707;2;709;100
30_70_45_095_98;0;384;0;6;870;3;873;100
50v-10;0;1493601.476062;0;2;5;0;5;100
a1c1s1;0;20885.065088;0.498062;2;8;0;8;100
a2c1s1;0;21087.746318;0;2;7;0;7;93.66
ab51-40-100;0;-437558462.000004;11.05;2;404;1;405;100
ab67-40-100;0;-11186253442;0;1;316;0;316;0
ab69-40-100;0;-11186281442;0;1;295;0;295;0
ab71-20-100;0;-2390446504.4;12.5;2;222;0;222;100
ab72-40-100;0;-11186620442;0;1;344;0;344;0
academictimetablebig;0;427;1969.364079;2;35229;18;35247;100
academictimetablesmall;0;0;292.4364;2;216;2;218;100
acc-tight2;0;0;120.187623;1;25;0;25;100
acc-tight4;0;0;120.929764;1;24;0;24;100
acc-tight5;0;0;103.994633;1;172;0;172;100
acc-tight6;0;0;101.648651;1;178;0;178;100
adult-max5features;0;10710.000597;0.023689;2;907;7;914;100
adult-regularized;0;7841;0;3;1993;9;2002;11.65
aflow30a;0;1402.717622;2.301497;3;1;0;1;100
aflow40b;0;1129.417647;2.760099;3;6;0;6;100
air03;0;338864.25;11.375;1;58;0;58;100
air04;0;55535.436388;51.829962;1;171;0;171;100
air05;0;25877.609268;45.880497;1;121;0;121;100
aligninq;0;2755;40.921868;7;14;0;14;100
allcolor10;0;1802.284773;270.271003;3;100;1;101;100
allcolor58;0;7158.427015;1797.339216;3;786;7;793;100
amaze22012-03-15i;0;0;60.779484;2;82;2;84;100
amaze22012-06-28i;0;0;31.445788;2;27;0;27;100
amaze22012-07-04i;0;0;42.838914;2;40;0;40;100
app1-1;0;-2;1.945752;2;6;0;6;100
app1-2;0;-23;1.399234;3;304;1;305;100
app2-1;0;19294.25;0;2;22;0;22;0
app2-2;0;212092.5;0;2;1;0;1;0.02
app3;0;5627412.287938;3.142492;1;8;0;8;100
arki001;0;7579621.83084;15.45467;1;31;0;31;100
assign1-10-4;0;353.992926;52;1;33;0;33;100
assign1-5-8;0;183.362555;24;1;2;0;2;100
atlanta-ip;0;81.321096;294.518627;2;5432;2;5434;100
atm20-100;0;2141734.684878;120.774021;2;88;0;88;100
australia-abs-cta;0;0;41.456087;1;59;0;59;100
b-ball;0;-1.818182;4.818182;1;0;0;0;100
b1c1s1;0;69995.09;0;2;7;0;7;100
b2c1s1;0;69710.66;0;2;13;0;13;100
bab1;0;-228225.182825;27.775;1;99;0;99;100
bab2;0;-333527.631;251.166667;2;10889;17;10906;100
bab3;0;-570105.793583;410.027865;2;28142;41;28183;100
bab5;0;-106670.40085;101.9;2;580;2;582;100
bab6;0;-247189.899525;444.18254;2;5669;11;5680;100
bc;0;13.915046;0.268421;2;99;0;99;100
bc1;0;4.550543;0.028778;2;91;0;91;100
beasleyC1;0;102;0;2;2;0;2;20
beasleyC2;0;232;0;2;4;0;4;61.11
beasleyC3;0;951;0;2;3;0;3;26.13
beavma;0;395292.332242;3.472328;2;1;0;1;100
berlin;0;1951;0;2;29;0;29;86.88
berlin_5_8_0;0;52;56.334191;3;2;0;2;100
bg512142;0;506799.440536;51.840309;3;29;0;29;100
biella1;0;3060037.430763;98.993456;1;249;0;249;100
bienst1;0;11.724138;4.390524;1;2;0;2;100
bienst2;0;11.724138;5.390524;1;2;0;2;100
binkar10_1;0;6637.188027;9.084811;1;7;0;7;100
blend2;0;7.489992;0.686573;2;0;0;0;100
bley_xl1;0;265.338492;317.245986;8;19903;27;19930;100
bley_xs1;0;47020884.968217;85.931545;3;75;0;75;100
bley_xs1noM;0;51435831.085758;85.192705;2;64;0;64;100
bley_xs2;0;30478761.025431;42.229522;12;12;1;13;100
blp-ar98;0;9174.50828;11.800505;21;100;28;128;100
blp-ic97;0;5423.588709;1.337703;12;73;8;81;100
blp-ic98;0;6879.499245;1.65791;4;118;5;123;100
blp-ir98;0;3350.173368;3.875758;3;42;1;43;100
bmocbd3;0;45423160382.724;0;2;17639;12;17651;100
bmoipr2;0;-46628940.711029;7.840017;1;60;0;60;100
bnatt350;0;0;109.731023;17;110;2;112;100
bnatt400;0;0;124.271041;12;100;1;101;100
bppc4-08;0;51.59;10.603204;1;20;0;20;100
bppc6-02;0;108.34;11.296538;1;130;0;130;100
bppc6-06;0;200.633333;13.59537;1;147;0;147;100
bppc8-02;0;486.5;3.194588;1;1;0;1;100
bppc8-09;0;444.436047;4.7751;1;3;0;3;100
brasil;0;32311;0;2;28;0;28;100
brazil3;0;2;303.450558;1;228;0;228;100
breastcancer-regularized;0;105.150036;0.002191;2;7;0;7;100
bts4-cta;0;33524.637606;1130;1;561;0;561;100
buildingenergy;0;33246.215059;1468.85;2;15700;5;15705;100
cap6000;0;-2446875;0;3;40;0;40;0.18
cbs-cta;0;0;29.948722;1;119;0;119;100
cdc7-4-3-2;0;-231;0;3;36346;5;36351;19.79
chromaticindex1024-7;0;4;16002.682953;2;2326;10;2336;100
chromaticindex128-5;0;4;2021.163699;2;159;1;160;100
chromaticindex256-8;0;4;4069.477083;2;388;2;390;100
chromaticindex32-8;0;4;504.8875;2;17;0;17;100
chromaticindex512-7;0;4;8183.527137;2;1038;4;1042;100
ci-s4;0;17.644894;41.309507;2;10;0;10;100
circ10-3;0;140;209.309855;1;2041;1;2042;100
cmflsp40-24-10-7;0;52605868.952858;70.70093;3;368;0;368;100
cmflsp40-36-2-10;0;72898024.959478;295.649246;3;804;0;804;100
cmflsp50-24-10-4;0;64492612.641644;81.236085;3;344;0;344;100
cmflsp50-24-8-8;0;59814378.749021;131.86946;3;419;0;419;100
cmflsp60-36-2-6;0;97887903.946142;370.689759;3;1825;0;1825;100
CMS750_4;0;250;227.976728;3;75;1;76;100
co-100;0;1246685.546783;10.401691;2;385;9;394;100
cod105;0;-8;0;3;503;1;504;33.33
comp07-2idx;0;0;114.416667;2;2267;2;2269;100
comp08-2idx;0;0;164.617047;3;258;2;260;100
comp12-2idx;0;3;261.572878;1;1272;0;1272;100
comp16-3idx;0;4;719.325252;1;7619;2;7621;100
comp21-2idx;0;0;282.023529;3;475;1;476;100
control30-3-2-3;0;-20763026.787568;27.97054;1;3;0;3;100
core2536-691;0;783;0;3;727;2;729;13.64
core2586-950;0;1169;0;3;617;1;618;23.31
core4284-1064;0;1272;0;3;2795;3;2798;19.66
core4872-1529;0;1851;0;3;1679;3;1682;20.98
cost266-UUE;0;42001606.28;0;2;53;0;53;67.01
cov1075;0;35;0;2;5;0;5;75
cryptanalysiskb128n5obj16;0;0;5004.98241;128;1119;254;1373;100
csched007;0;269.251587;22.185714;1;33;0;33;100
csched008;0;171;19.317572;1;9;0;9;100
csched010;0;332.422727;19.89899;1;30;0;30;100
cvrpa-n64k9vrpi;0;0;157.478224;2;436;5;441;100
cvrpb-n45k5vrpi;0;0;112.631845;2;223;2;225;100
cvrpp-n16k8vrpi;0;0;39.002948;1;38;0;38;100
cvrpsimple2i;0;0;19.221758;2;3;0;3;100
cvs08r139-94;0;-16;66;3;16;0;16;100
cvs16r106-72;0;-2;71;2;31;0;31;100
cvs16r128-89;0;-2;88;2;37;0;37;100
cvs16r70-62;0;0;62;2;41;0;41;100
cvs16r89-60;0;0;60;2;30;0;30;100
d10200;0;12425.583005;32.097057;1;43;0;43;100
d20200;0;12229.625788;62.339279;1;331;0;331;100
dale-cta;0;0;0.004722;1;239;0;239;100
dano3mip;0;576.23162;15.297311;1;1966;0;1966;100
dano3_3;0;576.23162;1.932181;1;2250;0;2250;100
dano3_5;0;576.23162;2.871834;1;2268;0;2268;100
danoint;0;62.63728;5.819184;1;18;0;18;100
dc1c;0;1754946.863638;140.030585;1;287;0;287;100
dc1l;0;211357921.003601;0;3;816;14;830;100
dcmulti;0;184917.234283;12.662065;3;2;0;2;100
decomp1;0;-120;141.777778;1;36;0;36;100
decomp2;0;-160;141.944444;1;41;0;41;100
dfn-bwin-DBE;0;797567.4;0;2;40;0;40;100
dfn-gwin-UUM;0;27467.257235;5.653537;1;1;0;1;100
dg012142;0;7485691.825683;37.560751;5;120;0;120;100
diameterc-mstc-v20a190d5i;0;291;259.843574;3;90;1;91;100
diameterc-msts-v40a100d5i;0;324;323.866618;3;56;1;57;100
disctom;0;-5000;51.166667;1;195;0;195;100
disktom;0;-5000;51.166667;1;191;0;191;100
dolom1;0;6556066.068315;111.218954;1;463;1;464;100
drayage-100-12;0;91134.07608;36.725496;1;51;0;51;100
drayage-100-23;0;103333.874073;41.554651;1;43;0;43;100
drayage-25-23;0;99718.790531;43.797371;1;41;0;41;100
drayage-25-27;0;95207.144904;44.816549;1;41;0;41;100
drayage-25-32;0;88256.306534;46.545775;1;53;0;53;100
ds-big;0;86.820068;30.669231;1;7359;21;7380;100
ds;0;57.234565;33.463549;1;940;7;947;100
dws008-01;0;2954.537147;2.158177;2;64;0;64;100
dws008-03;0;3277.007696;7.647345;2;141;1;142;100
dws012-01;0;5179.177491;3.971756;2;98;1;99;100
dws012-02;0;4796.53211;20.386873;3;242;4;246;100
dws012-03;0;4894.656489;18.648543;3;367;10;377;100
eil33-2;0;811.278996;3.61563;1;36;0;36;100
eilA101-2;0;803.373888;7.408683;1;875;6;881;100
eilB101;0;1075.247691;12.807028;1;22;0;22;100
eilC76-2;0;725.754458;7.780208;1;278;2;280;100
ej;0;1;0.243844;1;0;0;0;100
elitserienhandball11i;0;0;866.305983;2;505;1;506;100
elitserienhandball13i;0;0;853.141952;2;453;1;454;100
elitserienhandball14i;0;0;883.858328;2;398;1;399;100
elitserienhandball3i;0;0;887.935483;2;453;1;454;100
enlight13;0;1;1;1;0;0;0;100
enlight15;0;1;1;1;0;0;0;100
enlight8;0;1;1;1;0;0;0;100
enlight_hard;0;15.5;17;1;0;0;0;100
eva1aprime5x5opt;0;-497.155823;0.512833;1;349;0;349;100
eva1aprime6x6opt;0;-495.398833;1.465785;1;1496;0;1496;100
ex10;0;100;98;1;18735;5;18740;100
ex1010-pi;0;314;0;3;493;2;495;33.62
ex9;0;81;75.601201;1;1818;2;1820;100
exp-1-500-5-5;0;97666.305541;4.045842;2;2;0;2;100
f2000;0;1383;1280;2;3471;0;3471;100
f2gap201600;0;76429.862296;1.402159;1;3;0;3;100
f2gap401600;0;82274.237434;1.19002;1;3;0;3;100
f2gap40400;0;20650.898154;3.25358;1;1;0;1;100
f2gap801600;0;86570.120867;5.266841;1;4;0;4;100
fast0507;0;205;0;3;203;3;206;17.82
fastxgemm-n2r6s0t2;0;27;9;1;28;0;28;100
fastxgemm-n2r7s4t1;0;27;9;1;32;0;32;100
fastxgemm-n3r21s3t6;0;84;27;1;2399;0;2399;100
fastxgemm-n3r22s4t6;0;84;27;1;2576;0;2576;100
fastxgemm-n3r23s5t6;0;84;27;1;2574;0;2574;100
fhnw-binpack4-48;0;0;333.285714;2;122;0;122;100
fhnw-binpack4-58;0;0;467.321429;2;135;0;135;100
fhnw-binpack4-77;0;0;207.310714;2;118;0;118;100
fhnw-binschedule0;0;15642;1053.297818;2;19371;28;19399;100
fhnw-binschedule2;0;2273;211.693788;3;436;4;440;100
fhnw-schedule-paira100;0;-36.643681;5.149215;2;131;0;131;100
fhnw-schedule-paira200;0;-73.826479;8.940825;2;252;3;255;100
fhnw-schedule-paira400;0;-146.941079;19.266221;2;1187;12;1199;100
fhnw-schedule-pairb200;0;-58.887041;815.939903;3;2127;3;2130;100
fhnw-schedule-pairb400;0;-109.16975;2783.836162;3;12611;13;12624;100
fhnw-sq2;0;0;14.223792;1;5;0;5;100
fiball;0;137.069168;86.665577;1;130;1;131;100
fiber;0;897538.36;12.574421;2;3;0;3;100
fillomino7x7-0i;0;0;330.286888;2;63;0;63;100
fixnet6;0;4536;0;2;1;0;1;13.88
fjspeasy01i;0;216;1.364719;2;63;0;63;100
flugpl;0;1167875.166377;2.785325;1;0;0;0;100
g200x740;0;45614;0;2;3;0;3;2.93
g200x740i;0;44069;0;2;3;0;3;46.48
gasprod1-1;0;9698.001669;26.648753;6;444;1;445;100
gasprod1-2;0;12418.693782;43.662702;18;287;2;289;100
gasprod1-3;0;13830.71857;40.837432;64;288;10;298;100
gasprod2-1;0;1510393.402354;44.156867;6;1004;1;1005;100
gasprod2-2;0;1355909.537507;297.110788;36;1643;14;1657;100
gen-ip002;0;-511.036897;0;3;0;0;0;89.32
gen-ip016;0;-9505.628173;1.906914;1;0;0;0;100
gen-ip021;0;6642.05262;2.217259;4;0;0;0;100
gen-ip036;0;-2162.833562;0;3;0;0;0;53.05
gen-ip054;0;7350.684932;1.502477;8;0;0;0;100
gen;0;112555.106141;0.42745;2;1;0;1;100
genus-g31-8;0;-27;114;1;1016;1;1017;100
genus-g61-25;0;-58;241.704715;1;562;2;564;100
genus-sym-g31-8;0;-27;147.317165;2;3061;4;3065;100
genus-sym-g62-2;0;-54;236.618889;1;25092;1;25093;100
genus-sym-grafo5708-48;0;-27;159.026027;2;1511;0;1511;100
ger50-17-ptp-pop-3t;0;3466.323207;45.213645;1;118;0;118;100
ger50-17-ptp-pop-6t;0;6804.447088;50.477969;1;88;0;88;100
ger50-17-trans-dfn-3t;0;3453.475245;37.741927;1;160;1;161;100
ger50-17-trans-pop-3t;0;3456.252922;49.487013;1;154;1;155;100
ger50_17_trans;0;6850.628623;48.22611;1;147;1;148;100
germanrr;0;47650759.15754;58.297944;3;701;3;704;100
germany50-DBM;0;438028;21.15;1;131;0;131;100
germany50-UUM;0;597932.5;26.45;1;38;0;38;100
gesa2-o;0;25748173.191117;13.380406;2;3;0;3;100
gesa2;0;25502855.03968;8.989886;1;5;0;5;100
gfd-schedulen180f7d50m30k18-16i;0;22.033333;4323.065856;3;9416;145;9561;100
gfd-schedulen180f7d50m30k18;0;1;6089.615745;5;4920;30;4950;100
gfd-schedulen25f5d20m10k3i;0;3;26.48349;2;82;0;82;100
gfd-schedulen55f2d50m30k3i;0;4;199.835377;2;222;3;225;100
ghoulomb4-9-10i;0;9;9.16015;2;75;1;76;100
glass-sc;0;23;0;3;123;1;124;0
glass4;0;800002400;8.568254;1;0;0;0;100
gmu-35-40;0;-2406943.556343;2.300342;1;3;0;3;100
gmu-35-50;0;-2608070.315743;3.444186;1;6;0;6;100
gmut-75-50;0;-14182312.661731;4.988967;1;544;3;547;100
gmut-76-40;0;-14171086.316075;9.054451;1;287;1;288;100
gmut-76-50;0;-14173884.188063;4.201959;1;303;3;306;100
gmut-77-40;0;-14173396.636852;2.97325;1;357;1;358;100
go19;0;96;0;3;4;0;4;14.29
gr4x6;0;229.05;0;2;0;0;0;13.19
graph20-20-1rand;0;-37;43;1;44;0;44;100
graph20-80-1rand;0;-110;120.05;2;1280;2;1282;100
graph40-20-1rand;0;-157;171.5;1;4073;2;4075;100
graph40-40-1rand;0;-300;326.96929;1;88362;9;88371;100
graphdraw-domain;0;12672;18.742857;1;2;0;2;100
graphdraw-gemcutter;0;4310;12.048387;2;1;0;1;100
graphdraw-grafo2;0;35762;342.865217;1;808;3;811;100
graphdraw-mainerd;0;30496;117.16129;1;83;0;83;100
graphdraw-opmanager;0;54717;236.310976;1;380;1;381;100
gsvm2rl11;0;35640.343493;0;2;356;0;356;96.67
gsvm2rl12;0;50;0;2;680;0;680;100
gsvm2rl3;0;0.6;0;2;3;0;3;78.29
gsvm2rl5;0;10;0;2;8;0;8;84.4
gsvm2rl9;0;16356.825869;0;2;61;0;61;100
gt2;0;21166;4.130952;2;0;0;0;100
h50x2450;0;11147.731511;3.696751;1;40;0;40;100
h80x6320;0;3700;0;1;26;0;26;0
h80x6320d;0;5325.160104;2.515625;1;36;0;36;100
hanoi5;0;1931;245.237539;25;339;4;343;100
haprp;0;3679667.254486;41.766595;2;4;0;4;100
harp2;0;-74325169.345138;5.496152;1;2;0;2;100
hgms-det;0;-53793.320679;37.09995;1;206;0;206;100
hgms30;0;-53327.995245;51.804834;1;7410;0;7410;100
hgms62;0;-53394.446147;54.73537;1;13953;0;13953;100
hypothyroid-k1;0;-2846.896104;38.365286;3;7115;7;7122;100
ic97_potential;0;4058;55.45;2;3;0;3;100
ic97_tension;0;3975;15.366667;2;1;0;1;100
icir97_potential;0;6585;169.917232;2;35;0;35;100
icir97_tension;0;6309;102.6;2;3;0;3;100
iis-100-0-cov;0;41;0;3;94;0;94;41.38
iis-bupa-cov;0;49;0;3;158;0;158;36.11
iis-glass-cov;0;28;0;3;114;1;115;33.33
iis-hc-cov;0;22;0;3;195;3;198;29.41
iis-pima-cov;0;41;0;3;210;1;211;24.24
irp;0;12123.530222;6;1;80;1;81;100
istanbul-no-cutoff;0;62.541409;3.968407;1;288;0;288;100
ivu06-big;0;135.427718;95.799872;1;53284;153;53437;100
ivu06;0;135.901353;96.981489;1;14129;54;14183;100
ivu52;0;480.250439;82.514521;1;6028;13;6041;100
ivu59;0;884.456993;122.994949;1;206329;213;206542;100
janos-us-DDM;0;1488134.75;22.375;1;7;0;7;100
k16x240;0;11359;0;2;1;0;1;6.42
k16x240b;0;12874;0;2;0;0;0;13
k1mushroom;0;-3747.840298;42.576586;3;21040;22;21062;100
k1mushroomi;0;-4165.061224;64.102041;1;15045;3;15048;100
khb05250;0;126785464;0;2;1;0;1;18.56
l2p12;0;2;842.371092;3;208;1;209;100
l2p1i;0;1;607.693224;2;914;20;934;100
l2p2i;0;1;837.619694;2;119;1;120;100
lectsched-1-obj;0;36;28.046924;4;237;3;240;100
lectsched-1;0;0;6.882322;2;162;1;163;100
lectsched-2;0;0;20.773169;4;96;1;97;100
lectsched-3;0;0;4.358796;9;148;5;153;100
lectsched-4-obj;0;3;11.6166;4;45;0;45;100
lectsched-5-obj;0;15;51.920712;3;135;1;136;100
leo1;0;530605779.573215;2.950107;3;65;1;66;100
leo2;0;572818097.713015;1.549961;3;109;2;111;100
liu;0;346;11.204653;2;4;0;4;100
loopha13;0;6.279;1.132999;2;180;0;180;100
lotsize;0;1335747.052789;7.405615;2;6;0;6;100
lr1dr02vc05v8a-t360;0;120707.344638;169.266715;1;894;0;894;100
lr1dr04vc05v17a-t360;0;247150.518188;322.854834;1;1656;1;1657;100
lr1dr12vc10v70b-t360;0;983958.597196;1051.434951;1;47957;9;47966;100
lr2-22dr3-333vc4v17a-t60;0;-72770.836006;244.127587;2;38136;10;38146;100
lrn;0;44373752.713965;53.546052;2;501;0;501;100
m100n500k4r1;0;-18;0;3;9;0;9;28
macrophage;0;35;209;1;6;0;6;100
mad;0;0;3.404256;1;1;0;1;100
manna81;0;-11868;0;3;43;0;43;9.85
map06;0;-406.181173;7.868443;1;1063;0;1063;100
map10;0;-602.176181;11.248146;1;948;0;948;100
map14;0;-778.549324;11.962355;1;1034;0;1034;100
map14860-20;0;-998.836419;10.400693;1;1234;0;1234;100
map16715-04;0;-296.267898;4.997036;1;1018;0;1018;100
map18;0;-932.782685;11.173489;1;1322;0;1322;100
map20;0;-998.836419;10.400693;1;1223;0;1223;100
mappingmesh3x3mpeg2i;0;10000;151.684473;2;22;0;22;100
mario-t-hard5i;0;-4482;162.376472;1;147;1;148;100
markshare1;0;230;0;2;0;0;0;100
markshare2;0;454;0;2;0;0;0;100
markshare_4_0;0;226;0;2;0;0;0;100
markshare_5_0;0;337;0;2;0;0;0;100
mas74;0;10482.79528;3.103514;1;1;0;1;100
mas76;0;38893.903641;2.555097;1;1;0;1;100
maxgasflow;0;-53620694.316699;233.514091;2;52;0;52;100
mc11;0;13520;0;2;32;0;32;15.66
mc7;0;5797;0;2;27;0;27;69.65
mc8;0;1944;0;2;49;0;49;24.14
mcsched;0;474351.816438;29.021488;2;148;0;148;100
methanosarcina;0;0;282.5;1;64;0;64;100
mik-250-1-100-1;0;0;0;2;1;0;1;100
mik-250-20-75-1;0;0;0;2;2;0;2;100
mik-250-20-75-2;0;0;0;2;2;0;2;100
mik-250-20-75-3;0;0;0;2;2;0;2;100
mik-250-20-75-4;0;0;0;2;2;0;2;100
mik-250-20-75-5;0;0;0;2;2;0;2;100
milo-v12-6-r1-58-1;0;422507.582835;144.971323;2;135;0;135;100
milo-v12-6-r1-75-1;0;684446.509887;174.270141;2;194;0;194;100
milo-v12-6-r2-40-1;0;213638.744473;104.472692;2;76;0;76;100
milo-v13-4-3d-3-0;0;23373.122645;0.739975;1;16;0;16;100
milo-v13-4-3d-4-0;0;34049.245605;1.277727;1;30;0;30;100
mine-166-5;0;-552883467.060796;36.684884;5;129;0;129;100
mine-90-10;0;-827656854.061004;55.076435;1;79;0;79;100
mining;0;-885911894.603839;8594.317279;65;72245;1292;73537;100
minutedispatchstrategy;0;3582.138213;101.664381;1441;2175;578;2753;100
misc07;0;1415;8;1;2;0;2;100
mitre;0;114908.998992;168.716846;1;62;0;62;100
mkc;0;-339.57;0;3;33;0;33;39.78
mkc1;0;-579.27;9.223228;3;37;0;37;100
mod010;0;6532.083333;15.166667;1;13;0;13;100
modglob;0;20786787.016883;0;2;1;0;1;0.22
moj-mining;0;-1520532907.35018;566.626558;2;47683;0;47683;100
momentum1;0;121860.460323;47.487111;2;133;0;133;100
momentum2;0;12884.172158;84.534262;3;570;2;572;100
mrcpspj30-15-5i;0;23;129.522072;2;58;0;58;100
mrcpspj30-17-10i;0;25;199.118709;38;118;15;133;100
mrcpspj30-53-3i;0;30;45.671032;2;53;0;53;100
msc98-ip;0;19530897.712301;359.71214;2;1152;1;1153;100
mspp16;0;341;3;1;24046;134;24180;100
mspsphard01i;0;69;43.936229;3;62;1;63;100
mspsphard03i;0;73;88.703474;3;91;1;92;100
mtest4ma;0;60342;0;2;2;0;2;15.71
mushroom-best;0;0.079076;0.007;3;237;3;240;100
mzzv11;0;-22076;186.202623;2;283;1;284;100
mzzv42z;0;-20490;179.192264;2;265;1;266;100
n13-3;0;4810470;0;2;2;0;2;100
n15-3;0;71710891;0;2;4932;0;4932;0
n2seq36f;0;71600;0;3;36;0;36;37.16
n2seq36q;0;78631.821523;37.58358;3;139;3;142;100
n3-3;0;23704230;0;2;133;0;133;100
n3700;0;1342560;0;2;27;0;27;9.36
n3705;0;1342540;0;2;27;0;27;9.55
n3707;0;1301218;0;2;27;0;27;9.65
n3709;0;1324904;0;2;31;0;31;9.68
n370a;0;1353042;0;2;29;0;29;0
n370b;0;1373791;0;2;27;0;27;11.06
n3div36;0;314000;6.227888;3;131;3;134;100
n3seq24;0;198664.580534;43.960251;3;2359;46;2405;100
n4-3;0;12003175;0;2;59;0;59;100
n5-3;0;10502425;0;2;15;0;15;100
n6-3;0;10807500;0;2;48;0;48;100
n7-3;0;8409710;0;2;42;0;42;100
n9-3;0;20705025;0;2;128;0;128;100
nag;0;465;13.519045;3;52;0;52;100
neos-1061020;0;-145860.370608;501.435811;1;840;0;840;100
neos-1067731;0;669053;87;1;546;0;546;100
neos-1109824;0;278;22;1;37;0;37;100
neos-1112782;0;22000000110147.3;0;2;25;0;25;100
neos-1112787;0;19500000125389.7;0;2;24;0;24;100
neos-1122047;0;162;0;2;111;0;111;0.62
neos-1171448;0;-309;5.777778;2;113;0;113;100
neos-1171692;0;-273;4.936782;2;42;0;42;100
neos-1171737;0;-195;9.875;2;57;0;57;100
neos-1225589;0;5e+09;0;2;1;0;1;100
neos-1311124;0;-182;5.25;2;4;0;4;100
neos-1324574;0;36;135;2;34;0;34;100
neos-1330346;0;35;92.237431;2;63;0;63;100
neos-1337307;0;-201272;272.493985;2;53;0;53;100
neos-1354092;0;46;235.398385;2;1025;2;1027;100
neos-1367061;0;31320456.264497;6.25;2;1353;1;1354;100
neos-1396125;0;3000.046554;10.228463;2;7;0;7;100
neos-1420546;0;22124.4;103.140678;1;434;0;434;100
neos-1420790;0;2942.750002;75.132359;1;59;0;59;100
neos-1423785;0;-1773.639422;144.183541;2;345;0;345;100
neos-1425699;0;3175561447.50532;0.344988;1;0;0;0;100
neos-1426635;0;-178;6.235119;2;2;0;2;100
neos-1426662;0;-52;24.768519;2;5;0;5;100
neos-1429212;0;2425.386455;328.355033;1;4689;8;4697;100
neos-1430701;0;-78;5.278895;2;2;0;2;100
neos-1436709;0;-129;5;2;4;0;4;100
neos-1440225;0;36;35.209861;1;70;0;70;100
neos-1440460;0;-180;5.527778;2;2;0;2;100
neos-1442119;0;-182;7.291667;2;3;0;3;100
neos-1442657;0;-156;6.083333;2;3;0;3;100
neos-1445532;0;-14382;4.666667;2;24;0;24;100
neos-1445738;0;-18525.765543;192.856918;1;1043;0;1043;100
neos-1445743;0;-18902.810023;198.050465;1;1030;0;1030;100
neos-1445765;0;-18811.492536;210.05024;1;1149;0;1149;100
neos-1456979;0;154;27.901173;1;40;0;40;100
neos-1516309;0;34769.833333;9.166667;2;28;0;28;100
neos-1582420;0;88.469527;56.693409;5;42;0;42;100
neos-1593097;0;19581;35.532718;1;57;0;57;100
neos-1599274;0;31644.742857;8;2;32;0;32;100
neos-1601936;0;1;156.424985;1;684;0;684;100
neos-1603965;0;619257281.729079;159.275211;3;2107;1;2108;100
neos-1605061;0;6.150735;155.72597;1;2084;0;2084;100
neos-1605075;0;3.214461;180.849737;1;1775;0;1775;100
neos-1616732;0;174;0;3;54;0;54;9.43
neos-1620770;0;22;35;2;188;0;188;100
neos-2294525-abba;0;251.550909;3.989993;1;93;0;93;100
neos-2328163-agri;0;27254.625;57.595721;1;157;0;157;100
neos-2624317-amur;0;0;20.419135;1;3;0;3;100
neos-2629914-sudost;0;39622;15;1;211;0;211;100
neos-2652786-brda;0;0;17.502239;3;1;0;1;100
neos-2657525-crna;0;0;22.2308;2;1;0;1;100
neos-2669500-cust;0;2221.9;100.250838;1;441;4;445;100
neos-2746589-doon;0;1985.939796;54.551734;1;200;1;201;100
neos-2974461-ibar;0;472952396.770997;3364;2;178808;31;178839;100
neos-2978193-inde;0;-2.418518;7.4;1;57;0;57;100
neos-2978205-isar;0;-12.415307;30.2;1;212;0;212;100
neos-2987202-jeir;0;-1847551552.23661;1035.632796;2;65498;1;65499;100
neos-2987310-joes;0;-610797465.676974;19.875;1;979;0;979;100
neos-2991472-kalu;0;138;18.269589;2;3138;87;3225;100
neos-3004026-krka;0;0;832;1;50;0;50;100
neos-3009394-lami;0;0.642857;216.628571;1;3;0;3;100
neos-3024952-loue;0;25442;116.55;5;236;0;236;100
neos-3025225-shelon;0;0.077135;318.031391;1;85267;18;85285;100
neos-3046601-motu;0;185;0.0233;2;0;0;0;100
neos-3046615-murg;0;192;0.0249;2;0;0;0;100
neos-3048764-nadi;0;-3883988306.36669;0;1;44;0;44;0
neos-3065804-namu;0;0;0;1;211;0;211;0
neos-3068746-nene;0;77427529.530929;51.698455;2;156;0;156;100
neos-3072252-nete;0;10593526;1.938794;2;1;0;1;100
neos-3075395-nile;0;1127152.765198;9.064729;1;78;0;78;100
neos-3083784-nive;0;0;0.404553;1;10;0;10;100
neos-3083819-nubu;0;6290575.552807;5.598385;1;41;0;41;100
neos-3116779-oban;0;0;0;1;23;0;23;0
neos-3118745-obra;0;291;0;3;4;0;4;14.12
neos-3148108-pahi;0;0;0;1;65;0;65;0
neos-3209462-rhin;0;0;47.352227;2;4615;1;4616;100
neos-3209519-ruhr;0;332.85;25.096416;1;48;0;48;100
neos-3214367-sovi;0;87807.062267;85.767665;1;1964;0;1964;100
neos-3216931-puriri;0;58817.360975;50.768945;1;876;0;876;100
neos-3226448-wkra;0;0;512.043709;1;857;0;857;100
neos-3237086-abava;0;0;56;1;230;2;232;100
neos-3322547-alsek;0;616;115.178534;2;11178;71;11249;100
neos-3352863-ancoa;0;43800;0;3;765;16;781;52.61
neos-3354841-apure;0;48560;3.8;1;2429;25;2454;100
neos-3355120-tarago;0;-19761147.469026;129.355309;1;682;2;684;100
neos-3355323-arnon;0;0;36;3;79;3;82;100
neos-3372571-onahau;0;0.57699;8.695953;2;1216;0;1216;100
neos-3373491-avoca;0;21687686014.0154;20.812587;1;11;0;11;100
neos-3381206-awhea;0;432;61.334767;2;6;0;6;100
neos-3402294-bobin;0;0;49.310383;1;235;2;237;100
neos-3426085-ticino;0;235;41.78747;3;34;0;34;100
neos-3426132-dieze;0;427;103.670666;2;80;1;81;100
neos-3437289-erdre;0;0;0;1;82;1;83;0
neos-3530903-gauja;0;170;33.253136;3;5;0;5;100
neos-3530905-gaula;0;153;29.042208;2;6;0;6;100
neos-3555904-turama;0;-39.620698;1783.981601;2;5968;3;5971;100
neos-3572885-glina;0;0;0;1;83;1;84;0
neos-3581454-haast;0;1969;47.33871;1;80;0;80;100
neos-3592146-hawea;0;7345804.855333;13.281253;1;44;0;44;100
neos-3594536-henty;0;383310;1311;1;74;1;75;100
neos-3603137-hoteo;0;0;33.083333;3;45;1;46;100
neos-3610040-iskar;0;37.165417;2.262083;2;2;0;2;100
neos-3610051-istra;0;48.227558;5.104237;2;4;0;4;100
neos-3610173-itata;0;147.44125;3.6925;2;3;0;3;100
neos-3611447-jijia;0;116.645382;2.294795;2;2;0;2;100
neos-3611689-kaihu;0;138.382063;1.574126;2;2;0;2;100
neos-3615091-sutlej;0;-1506391.117177;161.68432;1;1802;8;1810;100
neos-3627168-kasai;0;1028641.18;2.678667;2;3;0;3;100
neos-3634244-kauru;0;0;152.72;1;3733;3;3736;100
neos-3636886-kereu;0;1114.701601;0.001506;2;54;0;54;100
neos-3660371-kurow;0;286.534383;19.908718;1;13;0;13;100
neos-3661949-lesse;0;6.89e+08;0;1;2;0;2;0
neos-3665875-lesum;0;248.325;39.821583;2;71;0;71;100
neos-3682128-sandon;0;30098104.111687;108.126984;2;95;0;95;100
neos-3691541-lonja;0;-0.061575;9.63978;1;52;0;52;100
neos-3695882-vesdre;0;-145935.214286;39;1;270;1;271;100
neos-3696678-lyvia;0;83.75;63;1;5;0;5;100
neos-3699377-maori;0;135877.224265;82.120524;2;98;0;98;100
neos-3703351-marne;0;317056.210386;73.319008;2;52;0;52;100
neos-3740487-motru;0;152.145486;76.975427;2;38111;66;38177;100
neos-3754480-nidda;0;-1216923.270104;12.186832;1;3;0;3;100
neos-3755335-nizao;0;50.030157;77.281035;2;524;1;525;100
neos-3759587-noosa;0;48.334468;4.24;2;325;1;326;100
neos-3761878-oglio;0;422769.022545;66.971567;2;45;0;45;100
neos-3762025-ognon;0;603955.746492;47.328895;2;36;0;36;100
neos-4165869-wannon;0;285.150608;109.727085;2;507;1;508;100
neos-4230265-orari;0;38515515.684909;56.957317;3;2691;1;2692;100
neos-4260495-otere;0;3462.928116;162.093274;4;583;12;595;100
neos-4264598-oueme;0;4719412304.62563;65.571331;2;1909;0;1909;100
neos-4285819-pedja;0;34.45196;101.159938;2;284172;63;284235;100
neos-4290317-perth;0;3613303.634755;0;2;1694;0;1694;19.75
neos-4295773-pissa;0;0;1644.289474;1;5268;4;5272;100
neos-4300652-rahue;0;0;32;1;541;1;542;100
neos-4306827-ravan;0;-26673.30758;190.719995;2;316;4;320;100
neos-4321076-ruwer;0;1880.558333;39.333333;1;19673;1;19674;100
neos-4322846-ryton;0;0.419848;24.872919;1;674;5;679;100
neos-4332801-seret;0;233683.594384;172.099278;3;290;6;296;100
neos-4332810-sesia;0;-23062.998566;161.274117;3;275;6;281;100
neos-4333464-siret;0;24.688318;0.121324;2;10;0;10;100
neos-4333596-skien;0;-14653654.846569;0.746303;1;3;0;3;100
neos-4335793-snake;0;0.123684;141.753072;2;1488;1;1489;100
neos-4338804-snowy;0;1447;20.8908;3;4;0;4;100
neos-4343293-stony;0;52.758728;0.2;2;60;0;60;100
neos-4355351-swalm;0;33.854869;0.094819;2;168;4;172;100
neos-4358725-tagus;0;1889548.577948;203.435939;2;647;0;647;100
neos-4359986-taipa;0;0.395578;39.118149;1;1093;1;1094;100
neos-4360552-sangro;0;-29.5;585.929612;1;8882;1;8883;100
neos-4387871-tavua;0;36.445048;0.2;2;48;0;48;100
neos-4391920-timok;0;0.000378;34.957374;1;5677;5;5682;100
neos-4393408-tinui;0;340.267489;0.2;2;43;0;43;100
neos-4408804-prosna;0;914.483516;71.708791;1;3259;1;3260;100
neos-4409277-trave;0;0;350.162065;1;1920;1;1921;100
neos-4413714-turia;0;43.474651;375.032551;1;1803;11;1814;100
neos-4532248-waihi;0;0.37042;27.002838;1;6798;5;6803;100
neos-4533806-waima;0;3063.318841;49.5;1;1026;5;1031;100
neos-4545615-waita;0;3606.59419;54.131913;1;17610;39;17649;100
neos-4555749-wards;0;3026.812121;34.982094;1;818;4;822;100
neos-4562542-watut;0;3743.304348;42.453118;1;2411;8;2419;100
neos-4647027-thurso;0;26911.641616;130.575703;1;2290;0;2290;100
neos-4647030-tutaki;0;26911.641616;131.360812;1;2842;0;2842;100
neos-4647032-veleka;0;26587.908699;174.943874;1;3457;0;3457;100
neos-4650160-yukon;0;-22633.302692;150.257047;1;4;0;4;100
neos-4722843-widden;0;63671.455263;748.515195;3;326;8;334;100
neos-4724674-aorere;0;3955.706101;89.03494;3;344;7;351;100
neos-4736745-arroux;0;262263446.114579;4.100609;2;34;0;34;100
neos-4738912-atrato;0;323678468.688703;3.84375;2;28;0;28;100
neos-4754521-awarau;0;0;0;1;1167;7;1174;0
neos-4760493-puerua;0;1908.243695;237.071976;1;33908;2;33910;100
neos-476283;0;406.244708;13.663873;1;6196;0;6196;100
neos-4763324-toguru;0;1120.986062;232.945926;1;34716;3;34719;100
neos-4797081-pakoka;0;0;995.738455;1;6432;1;6433;100
neos-4805882-barwon;0;22058.983698;108.041076;3;193;1;194;100
neos-480878;0;515.138796;4.583278;2;15;0;15;100
neos-4954274-beardy;0;18659.208282;287.749893;2;936;2;938;100
neos-4954672-berkel;0;3491016.775148;2.808176;2;2;0;2;100
neos-4966258-blicks;0;366.090909;29.029987;2;1076;1;1077;100
neos-4971100-bodrog;0;0;0;1;47;0;47;100
neos-4972437-bojana;0;357.086296;28.918162;2;9230;3;9233;100
neos-4972461-bolong;0;466.511858;40.636307;2;6618;2;6620;100
neos-4976951-bunnoo;0;377.416466;25.855327;2;7476;2;7478;100
neos-4984115-canche;0;-9947088.084138;0.36356;1;11;0;11;100
neos-498623;0;16.283333;44.483796;1;85;0;85;100
neos-5013590-toitoi;0;1064.447092;169;1;15864;1;15865;100
neos-5018451-chiese;0;-148612315.605332;10.652915;1;1803;0;1803;100
neos-503737;0;50;47.918146;1;29;0;29;100
neos-5041822-cockle;0;5701464.927099;174.422554;3;831;4;835;100
neos-5044663-wairoa;0;4653100;538.513042;1;17385;1;17386;100
neos-5045105-creuse;0;19.066671;18.227114;1;60;0;60;100
neos-5049753-cuanza;0;464;46.4;1;1858;2;1860;100
neos-5051588-culgoa;0;128.75;30.632366;1;88;0;88;100
neos-5052403-cygnet;0;217.441067;86.382091;9;36978;200;37178;100
neos-506422;0;0;5.671811;1;162;0;162;100
neos-506428;0;145945;96;1;881;3;884;100
neos-5075914-elvire;0;318.069363;54.936006;2;65;0;65;100
neos-5076235-embley;0;1930;0.112088;2;471;0;471;100
neos-5078479-escaut;0;7438.416728;44.465727;2;54;0;54;100
neos-5079731-flyers;0;2004;1.153846;2;445;0;445;100
neos-5083528-gimone;0;0;14.5;1;233;3;236;100
neos-5093327-huahum;0;3934;1.858333;2;529;0;529;100
neos-5100895-inster;0;2084;3.428571;2;308;0;308;100
neos-5102383-irwell;0;1740;2.593407;2;542;0;542;100
neos-5104907-jarama;0;648.590198;45.766769;2;8098;3;8101;100
neos-5106984-jizera;0;721;2.214286;2;2763;4;2767;100
neos-5107597-kakapo;0;0;0.59125;2;38;0;38;100
neos-5108386-kalang;0;621.655661;44.224657;2;15048;5;15053;100
neos-5114902-kasavu;0;518;86.666667;2;7693;9;7702;100
neos-5115478-kaveri;0;0;0.529375;2;36;0;36;100
neos-5116085-kenana;0;452;75.333333;1;5554;3;5557;100
neos-5118834-korana;0;583.521384;84.694364;2;12284;5;12289;100
neos-5118851-kowhai;0;1134;4.25;2;3554;5;3559;100
neos-5123665-limmat;0;654.150497;46.028;2;22160;5;22165;100
neos-5125849-lopori;0;0;5.984639;1;34;0;34;100
neos-5129192-manaia;0;0;10;1;3064;12;3076;100
neos-5138690-middle;0;609.154239;78.594258;2;23926;5;23931;100
neos-5140963-mincio;0;8877;2.142857;1;1;0;1;100
neos-5149806-wieprz;0;45;8.017612;3;387;9;396;100
neos-5151569-mologa;0;686014018.99423;29.077013;2;3047;2;3049;100
neos-5178119-nalagi;0;8.569859;22.862578;2;86;0;86;100
neos-5182409-nasivi;0;0;19.823533;1;7;0;7;100
neos-5188808-nattai;0;0;12.650607;1;455;0;455;100
neos-5189128-totara;0;330131.390743;21.863581;1;887;2;889;100
neos-5192052-neckar;0;-11980000;0.4;2;0;0;0;100
neos-5193246-nerang;0;0;411.508334;1;262;0;262;100
neos-5195221-niemur;0;0;330.12264;1;390;0;390;100
neos-5196530-nuhaka;0;0;423.701932;1;230;0;230;100
neos-520729;0;-1389625;6.812619;1;448;1;449;100
neos-5221106-oparau;0;0;33.949758;1;573;2;575;100
neos-525149;0;60;40.416667;1;32;0;32;100
neos-5260764-orauea;0;58748.022532;8.725559;1;71;0;71;100
neos-5261882-treska;0;26047.998;6.157765;1;6;0;6;100
neos-5266653-tugela;0;21659.678723;20.155553;1;126;1;127;100
neos-555001;0;962625;32.414286;1;5;0;5;100
neos-555343;0;1346700;157.193056;4;8;0;8;100
neos-555424;0;1286800;144.027778;1;33;0;33;100
neos-555884;0;1112400;165.15;1;37;0;37;100
neos-565672;0;55015.268433;57.351362;4;16593;19;16612;100
neos-574665;0;5932913.752734;8.390264;3;5;0;5;100
neos-578379;0;0;99.662118;1;1977;1;1978;100
neos-585192;0;384.328979;0.43313;2;10;0;10;100
neos-585467;0;347.224531;0.316538;2;7;0;7;100
neos-595904;0;61213.47108;16.893904;2;67;0;67;100
neos-619167;0;1.481241;35.779031;1;93;0;93;100
neos-631517;0;7085534.224616;53.184659;2;9;0;9;100
neos-631710;0;286;225.464535;2;944;17;961;100
neos-633273;0;6996841097.9978;0;1;145;0;145;0
neos-662469;0;184342.98072;94.063832;1;429;1;430;100
neos-686190;0;5134.81383;17.515957;1;36;0;36;100
neos-691058;0;263.4;89.042857;1;147;0;147;100
neos-693347;0;234;81.08699;1;690;0;690;100
neos-738098;0;-1099;191.756045;1;213;0;213;100
neos-777800;0;-80;72.94847;1;61;0;61;100
neos-780889;0;3421500;0;1;351;5;356;0
neos-787933;0;30;0;1;1;0;1;0
neos-799711;0;-11228065.153797;80.726082;1;692;0;692;100
neos-799716;0;4932670.661692;20.807498;1;49;0;49;100
neos-807639;0;332.924117;12.512286;1;6;0;6;100
neos-820879;0;24874.267857;63.03;1;96;0;96;100
neos-824661;0;55;94.965217;2;249;1;250;100
neos-824695;0;43;61.571429;2;93;0;93;100
neos-826224;0;124;43.333333;2;190;2;192;100
neos-826650;0;32;154.916667;2;43;0;43;100
neos-826694;0;72;221.85119;2;113;1;114;100
neos-826812;0;69.011;175.56136;3;113;1;114;100
neos-826841;0;32.0082;127.466667;2;38;0;38;100
neos-827015;0;2.098071;332.649497;1;1732;3;1735;100
neos-827175;0;115.00152;111.833333;2;147;1;148;100
neos-829552;0;2.098071;248.920991;1;1458;1;1459;100
neos-831188;0;1.76772;87.466667;1;56;0;56;100
neos-847302;0;0;46.994734;1;48;0;48;100
neos-848198;0;168977;0;2;158;0;158;100
neos-848589;0;0;1;1;1121;1;1122;100
neos-849702;0;0;85.488277;1;21;0;21;100
neos-850681;0;2087;51.8;1;92;0;92;100
neos-860300;0;2035.362225;9;1;38;0;38;100
neos-872648;0;52.570282;0;2;970;8;978;8.15
neos-873061;0;135.208828;0;2;1193;8;1201;18.96
neos-876808;0;169615.062608;275.4;2;2750;2;2752;100
neos-885086;0;-243;18.235808;2;201;0;201;100
neos-885524;0;12397.479;5.525486;3;64;2;66;100
neos-911880;0;23.26;17.096042;1;2;0;2;100
neos-911970;0;23.26;17.457173;1;2;0;2;100
neos-913984;0;1000;35.192618;1;163;3;166;100
neos-914441;0;5660364.28377;87.286515;1;2271;0;2271;100
neos-916792;0;26.283217;17.068306;2;111;0;111;100
neos-932721;0;513000;0;2;53;0;53;100
neos-932816;0;513000;0;2;142;0;142;100
neos-933562;0;0;82.687196;1;29;0;29;100
neos-933638;0;472008;0;2;194;1;195;100
neos-933966;0;448020;0;2;135;1;136;100
neos-934278;0;448010;0;2;321;1;322;100
neos-935234;0;436011;0;2;354;1;355;100
neos-935627;0;23250;0;2;378;1;379;100
neos-935769;0;23430;0;2;357;1;358;100
neos-937511;0;52640;0;2;407;1;408;100
neos-937815;0;53890;0;2;449;1;450;100
neos-941262;0;51923;0;2;366;1;367;100
neos-941313;0;9361;268.471014;1;555;6;561;100
neos-942830;0;12;69.105641;2;35;0;35;100
neos-948126;0;52602;0;2;426;1;427;100
neos-948346;0;-194.1;16.214139;6;474;24;498;100
neos-950242;0;2;42;2;116;1;117;100
neos-953928;0;-8.906667;12.942467;4;165;5;170;100
neos-954925;0;-156.787389;21.891636;4;375;16;391;100
neos-956971;0;-97.788318;24.467911;4;563;17;580;100
neos-957143;0;-185.847699;34.060881;5;619;18;637;100
neos-957323;0;-218.785116;18.5;3;347;10;357;100
neos-957389;0;1.5;23.833333;1;84;1;85;100
neos-960392;0;-238;301.558442;1;308;3;311;100
neos-983171;0;52403;0;2;424;1;425;100
neos-984165;0;51812;0;2;424;1;425;100
neos13;0;-126.178378;41.501658;2;196;0;196;100
neos15;0;143201.24291;0;2;2;0;2;77.67
neos16;0;429;13.190476;3;5;0;5;100
neos17;0;0.222688;0;2;7;0;7;48.46
neos18;0;12;47.166667;5;80;0;80;100
neos2;0;-4407.097239;5.158588;1;5;0;5;100
neos22;0;792540;11.064286;2;33;0;33;100
neos5;0;17.25;0;2;1;0;1;15
neos6;0;114.038055;32.275044;6;332;8;340;100
neos8;0;-3309.5;20.75;3;34;0;34;100
neos808444;0;0;225.341563;1;300;1;301;100
neos9;0;780;44.25;1;329;0;329;100
net12;0;47.514236;134.516319;3;1238;1;1239;100
netdiversion;0;453.8;766.6;2;7884;11;7895;100
newdano;0;11.724138;8.447296;1;2;0;2;100
nexp-150-20-1-5;0;74;0;3;33;0;33;12.12
nexp-150-20-8-5;0;552;0;3;73;2;75;100
nexp-50-20-1-1;0;35;0;2;1;0;1;20.69
nexp-50-20-4-2;0;120;0;2;2;0;2;69.01
nh97_potential;0;1462;74.9;2;6;0;6;100
nh97_tension;0;1429;76.466667;2;2;0;2;100
nj1;0;0;607;1;447;1;448;100
nj2;0;0;607;1;606;1;607;100
nj3;0;0;607;1;1523;1;1524;100
nobel-eu-DBE;0;7363863;1.290278;2;73;0;73;100
noswot;0;-39.920111;4.557455;3;1;0;1;100
ns1111636;0;96.25;17.588542;1;241;1;242;100
ns1116954;0;0;154.22732;1;680;1;681;100
ns1208400;0;0;103.355904;1;36;0;36;100
ns1430538;0;73.621609;10.144494;1;406;0;406;100
ns1456591;0;361.939022;19;1;107;0;107;100
ns1606230;0;13.225;183.303928;1;1930;0;1930;100
ns1631475;0;94800;643.196596;2;1245;2;1247;100
ns1679495;0;3355407.151677;106.229642;2;47503;10;47513;100
ns1685374;0;-51.800913;96.218654;1;2285;1;2286;100
ns1688347;0;2.259259;29.881974;1;264;0;264;100
ns1690781;0;-1022.227789;60.056795;2;87;0;87;100
ns1696083;0;2.038462;48.811865;1;465;1;466;100
ns1758913;0;-1473.311978;85.63534;1;8176;5;8181;100
ns1760995;0;-1349.487943;142;1;15288;7;15295;100
ns1778858;0;-22635740;227.465047;2;276;0;276;100
ns1828997;0;0;75;1;1025;1;1026;100
ns1830653;0;7083;57.878444;1;77;0;77;100
ns1849932;0;546;5.620915;1;1047;6;1053;100
ns1853823;0;1172000;1345.731857;2;42932;23;42955;100
ns1854840;0;1664000;1124.615817;2;8700;15;8715;100
ns1856153;0;0;202.811888;2;211;1;212;100
ns1904248;0;0;476.666667;3;2345;8;2353;100
ns1905797;0;11.75098;32.426504;1;237;1;238;100
ns1905800;0;6.4366;26.487503;1;79;0;79;100
ns1952667;0;0;9.316422;1;186;1;187;100
ns2017839;0;77026841466348.5;1.620352;2;6094;0;6094;100
ns2034125;0;24740;384.382319;2;2752;0;2752;100
ns2071214;0;0;42.334331;1;77;0;77;100
ns2081729;0;4.6;0.2205;2;2;0;2;100
ns2122698;0;62785.622771;196.156523;1;385;1;386;100
ns2124243;0;53998.333333;198.222222;1;251;1;252;100
ns2137859;0;24629;56.954851;1;124;0;124;100
ns4-pr3;0;711323;0;2;140;0;140;0
ns4-pr6;0;395464.5;0;2;36;0;36;100
ns4-pr9;0;497175;0;2;76;0;76;0
ns894236;0;18;109.321441;2;225;0;225;100
ns894244;0;16;176.636636;2;546;1;547;100
ns894786;0;14;98.226662;2;547;2;549;100
ns894788;0;7;55.330051;2;89;0;89;100
ns903616;0;22;175.549922;2;471;1;472;100
nsa;0;91.855632;7.418401;2;7;0;7;100
nsr8k;0;17500809.511815;639.895001;1;8828;2;8830;100
nsrand-ipx;0;68640;0;3;50;1;51;34.06
nu120-pr12;0;197775;4.8;2;39;0;39;100
nu120-pr3;0;511253.75;28.016727;2;105;0;105;100
nu120-pr9;0;334880;15.75;2;72;0;72;100
nu25-pr12;0;297882.5;4.233333;2;46;0;46;100
nu4-pr9;0;497175;9.713333;2;74;0;74;100
nu60-pr9;0;386150;12.15;2;76;0;76;100
nucorsav;0;29.0461;79.666667;1;69221;131;69352;100
nursesched-medium-hint03;0;33.468485;463.947617;1;1119;3;1122;100
nursesched-medium04;0;316;243.5;2;770;5;775;100
nursesched-sprint-hidden09;0;516.944444;178.989683;2;303;2;305;100
nursesched-sprint-late03;0;34.254806;182.557279;1;310;1;311;100
nursesched-sprint02;0;134.416667;117.833333;2;201;2;203;100
nw04;0;16310.666667;2;1;167;3;170;100
ofi;0;6135598681.44905;1321.86757;196;3437;96;3533;100
ofi2;0;6128453035.1601;1604.443623;184;6279;153;6432;100
oocsp-racks030e6cci;0;0;530.191752;15;154;9;163;100
opm2-z10-s2;0;-21344;0;5;6756;7;6763;36.9
opm2-z10-s4;0;-20011;0;5;7743;7;7750;39.85
opm2-z11-s8;0;-24077;0;5;11838;9;11847;44.63
opm2-z12-s14;0;-38546;0;5;23497;12;23509;40.04
opm2-z12-s7;0;-33919;0;5;25411;12;25423;48.23
opm2-z12-s8;0;-35083;0;6;28308;15;28323;40.07
opm2-z6-s1;0;-2356;0;3;261;0;261;62.01
opm2-z7-s2;0;-7132;0;4;512;1;513;30.62
opm2-z7-s8;0;-6856;0;4;723;1;724;39.01
opm2-z8-s0;0;-8004;0;3;1322;2;1324;49.26
opt1217;0;-20.02139;8.759358;1;2;0;2;100
osorio-cta;0;0;0.013388;1;49;0;49;100
p0201;0;7155;10.9;1;1;0;1;100
p100x588b;0;58977;0;2;1;0;1;23.18
p200x1188c;0;15747;0;2;2;0;2;4.44
p2756;0;2706;24.070313;2;4;0;4;100
p500x2988;0;72594;0;2;32;0;32;1.06
p500x2988c;0;17212;0;2;29;0;29;13.13
p500x2988d;0;6;0;2;28;0;28;0
p6b;0;-53;0;3;48;0;48;15.87
p80x400b;0;45896;0;2;1;0;1;15.7
pb-fit2d;0;-22363.768555;843.273209;1;6613;11;6624;100
pb-gfrd-pnc;0;8321.694589;42.993642;1;116;0;116;100
pb-grow22;0;-449654.852582;117.814534;1;424;1;425;100
pb-market-split8-70-4;0;0;1.843507;1;0;0;0;100
pb-simp-nonunif;0;9.5;316.333333;3;2470;8;2478;100
peg-solitaire-a3;0;1;284.160673;1;332;0;332;100
pg;0;-11098.657382;17.215049;2;4;0;4;100
pg5_34;0;-16012.248077;18.476238;2;5;0;5;100
physiciansched3-3;0;2590923.193775;699.205074;3;16611;4;16615;100
physiciansched3-4;0;1459296.261635;504.324571;3;10081;4;10085;100
physiciansched5-3;0;20464;133.462963;2;861;1;862;100
physiciansched6-1;0;11546.864508;412.159264;16;624;12;636;100
physiciansched6-2;0;47675.160783;435.646407;4;370;1;371;100
pigeon-08;0;-8000;4.485714;1;1;0;1;100
pigeon-10;0;-10000;8.022222;1;2;0;2;100
pigeon-11;0;-11000;9.02;1;2;0;2;100
pigeon-12;0;-12000;10.018182;1;3;0;3;100
pigeon-13;0;-13000;11.016667;1;3;0;3;100
pigeon-16;0;-16000;34.984242;1;4;0;4;100
pigeon-19;0;-19000;17.011111;1;6;0;6;100
pigeon-20;0;-20000;26.250718;1;6;0;6;100
piperout-03;0;69590.490975;267.052209;27;267;8;275;100
piperout-08;0;99228.924471;296.271739;11;256;4;260;100
piperout-27;0;7146.876623;508.355093;59;348;23;371;100
piperout-d20;0;25601.416667;437.748324;2;696;1;697;100
piperout-d27;0;7199.340391;682.880995;2;824;1;825;100
pk1;0;0;2.782038;1;0;0;0;100
polygonpack3-15;0;-114051612.16952;43.997815;3;1067;5;1072;100
polygonpack4-10;0;-93676953.4701;19.422012;3;364;2;366;100
polygonpack4-15;0;-114052801.79086;41.081462;3;1151;6;1157;100
polygonpack4-7;0;-75324958.8742;9.351513;3;194;1;195;100
polygonpack5-15;0;-66029981.13096;32.423595;3;1255;6;1261;100
pp08a;0;15000;0;2;0;0;0;100
pp08aCUTS;0;16630.402442;0;2;2;0;2;100
probportfolio;0;7.321966;24.067729;1;3;0;3;100
prod1;0;-55;3.767946;2;2;0;2;100
prod2;0;-59;4.56658;2;5;0;5;100
proteindesign121hz512p19;0;3197.772133;54.952462;1;5486;61;5547;100
proteindesign121hz512p9;0;1423.904449;59.959446;1;196;4;200;100
proteindesign121pgb11p9;0;1173.710433;48.788284;1;178;3;181;100
proteindesign122trx11p8;0;1720.461105;42.058897;1;221;4;225;100
protfold;0;0;35;2;23;0;23;100
pw-myciel4;0;4;93.66498;4;7;0;7;100
pythago7824;0;0;580.777778;6;835;2;837;100
pythago7825;0;0;586.777778;8;747;3;750;100
qap10;0;332.566228;55;1;343;0;343;100
qiu;0;1805.177158;0;2;6;0;6;100
qnet1;0;89045.94;7.221868;2;18;0;18;100
qnet1_o;0;93221.72;0;2;4;0;4;100
queens-30;0;-30;0;3;184;1;185;25
r4l4-02-tree-bounds-50;0;512370030;648.05;3;42;0;42;100
r50x360;0;2016;0;2;1;0;1;21.96
r80x800;0;5520;0;2;2;0;2;3.53
radiationm18-12-05;0;17561.35368;198.621204;2;75;0;75;100
radiationm40-10-02;0;155317.684921;719.665741;2;301;2;303;100
rail01;0;-90.767086;1608.708333;1;13788;4;13792;100
rail02;0;-206.09211;2201;1;121084;10;121094;100
rail03;0;-919.222126;7597.965972;1;184275;28;184303;100
rail507;0;207;0;3;256;5;261;18.97
railway_8_1_0;0;397;47.625401;3;6;0;6;100
ramos3;0;440;0;3;1402;0;1402;100
ran12x21;0;4080;0;2;0;0;0;11.35
ran13x13;0;3521;0;2;0;0;0;8.27
ran14x18-disj-8;0;12170.996653;0;2;16;0;16;100
ran14x18;0;4265;0;2;0;0;0;14.9
ran16x16;0;4333;0;2;0;0;0;13.34
rd-rplusc-21;0;100;4.45958;1;291;0;291;100
reblock115;0;-37981832.798944;238.100873;1;249;0;249;100
reblock166;0;-640892721.079106;86.859092;6;321;1;322;100
reblock354;0;-39586262.751951;411.245436;1;949;0;949;100
reblock420;0;-558825455.521724;213.947318;7;1526;3;1529;100
reblock67;0;-36575497.117631;131.415935;1;40;0;40;100
rfds-4-days;0;-1158940.978167;68.309524;1;18155;9;18164;100
rlp1;0;13.244444;9.961905;1;1;0;1;100
rmatr100-p10;0;360.593308;9.692735;1;251;0;251;100
rmatr100-p5;0;762.040054;5;1;412;0;412;100
rmatr200-p10;0;1550.620783;10;1;11935;0;11935;100
rmatr200-p20;0;688.357943;19.982266;1;4002;0;4002;100
rmatr200-p5;0;3283.653831;5;1;12179;0;12179;100
rmine10;0;-1926.86382;886.708002;1;3090;1;3091;100
rmine11;0;-2522.047107;1304.350285;1;8239;1;8240;100
rmine13;0;-3504.619914;1108.274293;2;24272;5;24277;100
rmine14;0;-4310.694704;2228.265999;1;114109;3;114112;100
rmine15;0;-5042.482963;4267.046917;1;207778;5;207783;100
rmine6;0;-462.305727;106.725097;1;125;0;125;100
rocI-3-11;0;-110705;58.061873;15;9;0;9;100
rocI-4-11;0;-11110705;73.94925;17;37;1;38;100
rocII-10-11;0;-11.946851;225.450859;1;556;1;557;100
rocII-4-11;0;-11.867128;49.198977;2;47;0;47;100
rocII-5-11;0;-11.893702;59.199453;2;73;0;73;100
rocII-7-11;0;-11.924073;130.743159;2;220;1;221;100
rocII-8-11;0;-11.933564;156.556814;2;263;1;264;100
rocII-9-11;0;-11.940946;191.769497;1;447;0;447;100
rococoB10-011000;0;51207;10.950589;5;144;0;144;100
rococoC10-001000;0;23730;0;6;23;0;23;100
rococoC11-010100;0;143170;22.416868;2;156;1;157;100
rococoC11-011100;0;139407;14.937663;2;121;0;121;100
rococoC12-010001;0;117774;9.895179;2;196;1;197;100
rococoC12-111000;0;27337.357381;31.14727;1;228;0;228;100
roi2alpha3n4;0;-78.888089;8;2;637;8;645;100
roi5alpha10n8;0;-84.342241;16;2;1883;25;1908;100
roll3000;0;11939.645814;52.881579;2;22;0;22;100
rout;0;981.864286;10.233819;1;1;0;1;100
rpp22falsei;0;0;74.127711;3;64;1;65;100
rvb-sub;0;11.206514;4.857143;1;626;4;630;100
s100;0;-0.170525;28.899744;1;21450;16;21466;100
s1234;0;0.361925;1.572096;4;1765;1;1766;100
s250r10;0;-0.165732;41.814334;2;8043;25;8068;100
s55;0;-22.151773;60.323192;1;1415;3;1418;100
satellites1-25;0;-20;105.238724;1;776;0;776;100
satellites2-25;0;-29;479.882873;1;32299;2;32301;100
satellites2-40;0;-29;351.367725;1;32819;2;32821;100
satellites2-60-fs;0;-24.082986;445.03808;2;3867;2;3869;100
satellites2-60;0;-29;351.367725;1;32317;2;32319;100
satellites3-25;0;-38;750.22887;1;238998;5;239003;100
satellites3-40-fs;0;-32.574097;833.681612;2;27170;6;27176;100
satellites3-40;0;-38;724.976718;1;255716;5;255721;100
savsched1;0;12859.406667;0;3;62869;45;62914;100
scpj4scip;0;183;0;3;1285;24;1309;41.86
scpk4;0;389;0;3;2858;25;2883;21.18
scpl4;0;360;0;3;5048;49;5097;36.88
scpm1;0;774;0;3;45144;124;45268;37.97
scpn2;0;741;0;3;71532;240;71772;38.76
sct1;0;-186.838854;85.284884;2;938;1;939;100
sct2;0;-42.788075;14.732262;2;48;0;48;100
sct31;0;177.483592;23.157091;2;247;0;247;100
sct32;0;51.266438;45.043874;2;567;1;568;100
sct5;0;-227.069807;28.088069;2;476;2;478;100
seqsolve1;0;4770.293168;265.188388;24;5299;129;5428;100
seqsolve2short4288;0;20.396875;318.804378;4;6908;25;6933;100
seqsolve3short4288excess384;0;-43472.799518;407.473201;8;11440;45;11485;100
set1ch;0;107691.5;0;2;1;0;1;97.46
set3-09;0;1263.077974;13.704533;2;10;0;10;100
set3-10;0;788.890655;13.9535;2;9;0;9;100
set3-15;0;8364.040745;17.366709;2;15;0;15;100
set3-16;0;9916.808562;19.040932;2;14;0;14;100
set3-20;0;10347.381087;16.724301;2;11;0;11;100
seymour-disj-10;0;331.000001;0;4;1790;2;1792;15.33
seymour;0;452;0;3;219;0;219;6.86
seymour1;0;419.891318;0;3;226;0;226;2.22
shiftreg1-4;0;131.656032;154.59375;1;38;0;38;100
shiftreg2-7;0;206.733052;125.34269;1;106;0;106;100
shiftreg5-1;0;520.839888;536.473506;1;355;0;355;100
shipsched;0;0;8.077417;4;78;1;79;100
shipschedule3shipsi;0;-265650;344.868882;12;56;2;58;100
shipschedule6shipsmixi;0;-301650;708.087219;10;90;3;93;100
shipschedule8shipsmixuci;0;-401100;525.089709;11;89;5;94;100
shs1014;0;22137.410363;320.475;1;36607;17;36624;100
shs1042;0;10404.662711;568.78197;1;35174;22;35196;100
siena1;0;10163179.229002;146.859338;1;1625;1;1626;100
sing11;0;18640171.224643;243.132649;1;6843;4;6847;100
sing161;0;19071259.113926;685.480441;1;72849;19;72868;100
sing17;0;35483848.876513;472.456436;1;26691;11;26702;100
sing2;0;17150914.71694;256.737979;1;1760;1;1761;100
sing245;0;25024015.754083;395.965975;1;12927;6;12933;100
sing326;0;7717674.801189;172.968798;1;2514;2;2516;100
sing359;0;22534478.962498;889.129081;1;88946;20;88966;100
sing44;0;8102513.2194;139.469372;1;3099;2;3101;100
sing5;0;18418516.013137;236.754039;1;3073;4;3077;100
snip10x10-35r1budget17;0;30;3.224794;2;1467;0;1467;100
snp-02-004-104;0;567161691.779774;7.604965;5;5934;0;5934;100
snp-04-052-052;0;746313354.490274;733.799382;6;4564;4;4568;100
snp-06-004-052;0;1831976376.52261;31.156229;2;8430;0;8430;100
snp-10-004-052;0;5961214167.8233;42.379535;6;20179;2;20181;100
snp-10-052-052;0;6009206679.3366;1683.882989;6;22056;8;22064;100
sorrell3;0;-13;0;3;371;0;371;18.75
sorrell4;0;-18;0;3;1059;2;1061;25
sorrell7;0;-141;0;3;14318;0;14318;28.06
sorrell8;0;-269;0;3;194;0;194;23.14
sp150x300d;0;71;0;2;0;0;0;2.9
sp97ar;0;815120355.519999;2.342794;4;416;7;423;100
sp97ic;0;578703486.755542;0.975543;3;357;5;362;100
sp98ar;0;648426163.072905;1.440725;4;571;7;578;100
sp98ic;0;605964163.117924;3.283712;5;390;12;402;100
sp98ir;0;271833089.651983;6.757325;5;56;2;58;100
splice1k1;0;-3.068619;1.426914;2;34352;18;34370;100
splice1k1i;0;-1646.777979;134.969052;1;13794;3;13797;100
square23;0;8.333333;12.444444;1;93;1;94;100
square31;0;8.5;13.75;1;488;5;493;100
square37;0;8.666667;13.666667;1;1117;10;1127;100
square41;0;8.839612;15.068891;1;2560;16;2576;100
square47;0;8.755814;15.976744;1;8224;28;8252;100
stoch-vrpvrp-s5v2c8vrp-v2c8i;0;0;87.482236;2;12;0;12;100
stockholm;0;166;0;2;478;0;478;32.8
stp3d;0;564.338735;444.504657;2;24004;12;24016;100
sts405;0;357;0;2;547;2;549;0
sts729;0;665;0;2;3209;4;3213;0
supportcase1;0;20078;0.020832;2;239;5;244;100
supportcase10;0;3.383924;971.624635;2;8753;4;8757;100
supportcase11;0;-14.281996;0;1;3;0;3;0
supportcase12;0;-7559.533054;68.69255;1;1675;0;1675;100
supportcase14;0;272;7.333333;1;4;0;4;100
supportcase16;0;272;7.333333;1;2;0;2;100
supportcase17;0;0;20.311619;2;7;0;7;100
supportcase18;0;87;9.141806;2;47;0;47;100
supportcase19;0;12677206;370.390975;1;26876;63;26939;100
supportcase2;0;0;4.75;1;8203;49;8252;100
supportcase20;0;108889;0;2;15;0;15;100
supportcase23;0;-12952;617.629502;1;1762;0;1762;100
supportcase25;0;0.036932;10.888511;1;94;0;94;100
supportcase26;0;1288.102161;0.009948;2;1;0;1;100
supportcase27i;0;0;80.548714;2;6;0;6;100
supportcase3;0;0;403.28288;3;235;0;235;100
supportcase30;0;0;102.85702;1;74;0;74;100
supportcase31;0;79524.18;4;2;1855;57;1912;100
supportcase33;0;-465;28.823216;2;141;0;141;100
supportcase34;0;72.664116;173.934717;1;468;1;469;100
supportcase35;0;174371;0;2;92;0;92;100
supportcase37;0;-5803.552159;23.221484;2;948;0;948;100
supportcase39;0;-1062330.369524;22.808785;5;90;6;96;100
supportcase4;0;0;202.915359;3;145;0;145;100
supportcase40;0;22536.483379;19;1;241;0;241;100
supportcase41;0;28;42.562945;2;804;0;804;100
supportcase42;0;7.343539;48.081295;1;1503;2;1505;100
supportcase43;0;0;48.147044;2;51641;3;51644;100
supportcase6;0;45090.732163;29.123967;1;1867;9;1876;100
supportcase7;0;-2396.218213;53.14731;2;1532;0;1532;100
swath;0;334.496858;2.2;1;42;0;42;100
swath1;0;334.496858;0.6;1;33;0;33;100
swath2;0;334.496858;0.7;1;33;0;33;100
swath3;0;334.496858;0.8;1;32;0;32;100
t1717;0;134531.021428;79.098998;1;198;1;199;100
t1722;0;98815.407611;52.399108;1;117;0;117;100
ta1-UUM;0;3693674.556772;4.303412;1;4;0;4;100
ta2-UUE;0;41427354.755773;0.680983;2;151;0;151;100
tanglegram1;0;0;46;1;2;0;2;100
tanglegram2;0;1;26.5;1;2;0;2;100
tanglegram4;0;4;71;1;4;0;4;100
tanglegram6;0;0;33.5;1;1;0;1;100
tbfp-bigm;0;-178.153988;30;1;158;0;158;100
tbfp-network;0;23.261535;31;1;829;3;832;100
Test3;0;2671255.210245;12.061384;1;101;0;101;100
thor50dday;0;203930;0;2;265;4;269;100
timtab1;0;1219177.333333;17.766667;2;1;0;1;100
timtab1CUTS;0;613590.095426;34.399586;2;3;0;3;100
timtab2;0;1602354.333333;29.2;2;1;0;1;100
tokyometro;0;4661.136055;270.699215;3;70;0;70;100
toll-like;0;28;229;1;33;0;33;100
tpl-tub-ss16;0;8128588.328716;1889.575939;3;85928;143;86071;100
tpl-tub-ws1617;0;10755112.807538;2191.381057;3;100901;175;101076;100
tr12-30;0;188435.464884;3.580258;2;2;0;2;100
traininstance2;0;0;8.034883;2;40;0;40;100
traininstance6;0;0;3.486662;2;27;0;27;100
transportmoment;0;-55084931301.156;426.403696;2;172;0;172;100
trento1;0;5182758.848056;77.237488;1;595;0;595;100
triptim1;0;22.9271;1744.894737;3;7342;8;7350;100
triptim2;0;11.889797;542.834787;3;10141;8;10149;100
triptim3;0;14.144151;636.713323;3;10766;8;10774;100
triptim4;0;9.5521;369.397727;3;10407;8;10415;100
triptim7;0;3088.288157;498.350855;2;12015;6;12021;100
triptim8;0;3074.310409;495.273425;2;12660;5;12665;100
tw-myciel4;0;22;72.075704;6;177;1;178;100
uc-case11;0;611621.305979;114.829952;1;2470;0;2470;100
uc-case3;0;7181.432113;95.258578;3;1908;1;1909;100
uccase10;0;38995.965187;400.440843;1;2678;2;2680;100
uccase12;0;11507.474829;29.321333;3;2231;3;2234;100
uccase7;0;26527.823515;162.338874;1;3536;0;3536;100
uccase8;0;11142.163196;63.982247;1;1697;0;1697;100
uccase9;0;10819.582996;76.02121;1;941;0;941;100
uct-subprob;0;242;58.243175;1;57;0;57;100
umts;0;43380098.519492;76.628947;2;18;0;18;100
unitcal_7;0;19450489.742819;144.660904;6;835;1;836;100
usAbbrv-8-25_70;0;95;103.341847;3;29;0;29;100
usafa;0;178.602081;3104.483345;2;47817;28;47845;100
v150d30-2hopcds;0;52;0;3;108;1;109;26.83
van;0;3.717453;12.910186;1;7981;0;7981;100
var-smallemery-m6j6;0;-156.056268;89.220998;2;884;4;888;100
vpm2;0;15.721505;3.393512;2;0;0;0;100
vpphard;0;0;131.849958;1;79;1;80;100
vpphard2;0;0;239.681095;1;86;0;86;100
wachplan;0;-9;58.858491;1;10;0;10;100
wnq-n100-mw99-14;0;224.318143;77.196581;2;120;0;120;100
xmas10-2;0;-537.008669;157.129457;1;238;0;238;100
xmas10;0;-537.008669;157.3184;1;193;0;193;100
z26;0;-982;0;3;13020;9;13029;17.27
zeil;0;813.510308;818.61566;1;88713;7;88720;100
zib54-UUE;0;19164366;0;2;51;0;51;85.45
