Instance;Seed;Cost;Fractionality;Rounds;LPtime(ms);ZItime(ms);SumLPZI(ms)
10teams;1206151;917.000000;36.457830;1;31;0;31
22433;1206151;21552.708079;24.962328;5;5;0;5
23588;1206151;8342.863244;17.617619;4;3;0;3
2club200v15p5scn;1206151;-96.055556;38.611111;7;134;3;137
30n20b8;1206151;5530.000000;16.175931;2;94;0;94
30_70_45_05_100;1206151;97.000000;-0.000000;6;916;2;918
30_70_45_095_100;1206151;59.000000;-0.000000;6;847;2;849
30_70_45_095_98;1206151;309.000000;0.000000;7;790;3;793
50v-10;1206151;1493601.476062;-0.000000;2;4;0;4
a1c1s1;1206151;20912.873333;0.041667;2;33;0;33
a2c1s1;1206151;20866.082500;0.000000;2;34;0;34
ab51-40-100;1206151;-6524184260.000002;-0.000000;3;875;1;876
ab67-40-100;1206151;-7141459514.000005;-0.000000;3;2616;1;2617
ab69-40-100;1206151;-7136789852.999997;-0.000000;3;2173;1;2174
ab71-20-100;1206151;-6522821227.000000;-0.000000;3;222;0;222
ab72-40-100;1206151;-7018756084.000008;-0.000000;3;786;1;787
academictimetablebig;1206151;32.000000;1997.079231;2;3197;6;3203
academictimetablesmall;1206151;0.000000;324.856010;2;243;1;244
acc-tight2;1206151;0.000000;129.034401;1;34;0;34
acc-tight4;1206151;0.000000;135.271717;1;57;0;57
acc-tight5;1206151;0.000000;121.269585;1;252;0;252
acc-tight6;1206151;0.000000;123.251301;1;249;0;249
adult-max5features;1206151;0.081316;0.266955;1;900;2;902
adult-regularized;1206151;0.077684;0.234052;1;1977;1;1978
aflow30a;1206151;983.167425;6.510845;1;4;0;4
aflow40b;1206151;1005.664817;8.247724;1;19;0;19
air03;1206151;338864.250000;11.875000;1;69;0;69
air04;1206151;55535.436388;52.288553;1;225;0;225
air05;1206151;25877.609268;46.215654;1;169;0;169
aligninq;1206151;2755.000000;40.921868;7;18;0;18
allcolor10;1206151;6.000000;749.769481;2;145;1;146
allcolor58;1206151;42.000000;3883.602450;1;1211;4;1215
amaze22012-03-15i;1206151;0.000000;0.000000;1;46;1;47
amaze22012-06-28i;1206151;0.000000;0.000000;1;23;0;23
amaze22012-07-04i;1206151;0.000000;0.000000;1;28;0;28
app1-1;1206151;-2.000000;0.179678;3;57;0;57
app1-2;1206151;-23.000000;0.000001;2;3840;0;3840
app2-1;1206151;19298.500000;0.000000;2;32;0;32
app2-2;1206151;219402.500000;0.000000;3;1;0;1
app3;1206151;5627412.287938;3.142492;1;38;0;38
arki001;1206151;7579599.807787;17.164714;1;33;0;33
assign1-10-4;1206151;353.992926;52.000000;1;36;0;36
assign1-5-8;1206151;183.362555;24.000000;1;2;0;2
atlanta-ip;1206151;81.243206;325.689509;3;4477;2;4479
atm20-100;1206151;2141734.684878;124.301066;2;99;0;99
australia-abs-cta;1206151;0.000000;39.202778;1;86;0;86
b-ball;1206151;-1.818182;4.818182;1;0;0;0
b1c1s1;1206151;69966.450000;0.000000;2;33;0;33
b2c1s1;1206151;70651.010000;0.000000;2;37;0;37
bab1;1206151;-286923.824223;50.520000;1;287;1;288
bab2;1206151;-350926.440227;560.525267;2;8775;4;8779
bab3;1206151;-579370.271196;518.325237;2;33344;12;33356
bab5;1206151;-111134.599976;185.900250;2;530;0;530
bab6;1206151;-224575.783183;667.210836;2;5864;3;5867
bc;1206151;13.063318;0.063318;2;99;0;99
bc1;1206151;6.455580;0.016336;2;107;0;107
beasleyC1;1206151;102.000000;0.000000;2;2;0;2
beasleyC2;1206151;232.000000;0.000000;2;2;0;2
beasleyC3;1206151;958.000000;-0.000000;2;3;0;3
beavma;1206151;407840.400000;0.000000;3;1;0;1
berlin;1206151;1741.000000;0.000000;2;27;0;27
berlin_5_8_0;1206151;52.000000;70.733830;3;5;0;5
bg512142;1206151;323992.007013;52.989642;3;27;0;27
biella1;1206151;3060037.430763;98.771008;1;248;0;248
bienst1;1206151;11.724138;4.390524;1;2;0;2
bienst2;1206151;11.724138;5.390524;1;2;0;2
binkar10_1;1206151;6637.188027;9.084811;1;7;0;7
blend2;1206151;7.489992;0.492283;2;0;0;0
bley_xl1;1206151;265.699568;343.861165;6;21954;5;21959
bley_xs1;1206151;213538830.272187;107.270480;3;153;0;153
bley_xs1noM;1206151;251120149.512445;78.388210;8;128;0;128
bley_xs2;1206151;48593009.277766;66.021410;2;20;0;20
blp-ar98;1206151;14303.194003;9.189386;9;102;1;103
blp-ic97;1206151;6123.238237;3.473359;16;95;1;96
blp-ic98;1206151;14141.050706;0.100000;4;146;0;146
blp-ir98;1206151;5639.818879;2.497817;2;43;0;43
bmocbd;1206151;-32041010095048.539062;0.000000;1;730;7;737
bmocbd2;1206151;-31953009810558.203125;0.000000;1;768;6;774
bmocbd3;1206151;45423160355.817528;0.000000;2;16465;9;16474
bmoipr2;1206151;-46628940.711141;0.184434;3;85;0;85
bnatt350;1206151;0.000000;93.793362;6;67;0;67
bnatt400;1206151;0.000000;109.069591;9;79;1;80
bppc4-08;1206151;51.590000;9.776528;1;15;0;15
bppc6-02;1206151;108.340000;11.886994;1;141;0;141
bppc6-06;1206151;200.633333;14.947367;1;179;0;179
bppc8-02;1206151;486.500000;3.204377;1;1;0;1
bppc8-09;1206151;444.436047;5.981230;1;4;0;4
brasil;1206151;31819.000000;0.000000;2;27;0;27
brazil3;1206151;2.000000;656.675844;1;951;0;951
breastcancer-regularized;1206151;0.000460;0.002809;1;8;0;8
bts4-cta;1206151;33524.637606;1130.000000;1;641;0;641
buildingenergy;1206151;33246.215059;1468.850000;2;16091;2;16093
cap6000;1206151;-2444651.000000;0.000000;3;41;0;41
cbs-cta;1206151;0.000000;27.746030;1;110;0;110
cdc7-4-3-2;1206151;-231.000000;-0.000000;3;37354;4;37358
chromaticindex1024-7;1206151;4.000000;16002.682953;2;2384;8;2392
chromaticindex128-5;1206151;4.000000;2021.163699;2;144;0;144
chromaticindex256-8;1206151;4.000000;4069.477083;2;371;2;373
chromaticindex32-8;1206151;4.000000;504.887500;2;17;0;17
chromaticindex512-7;1206151;4.000000;8183.527137;2;1023;3;1026
ci-s4;1206151;4.963809;19.526141;2;70;0;70
circ10-3;1206151;140.000000;155.071429;1;184;0;184
cmflsp40-24-10-7;1206151;52605868.952858;70.700930;3;376;0;376
cmflsp40-36-2-10;1206151;72898024.959478;295.649246;3;785;0;785
cmflsp50-24-10-4;1206151;64492612.641644;81.236085;3;337;0;337
cmflsp50-24-8-8;1206151;59814378.749021;131.869460;3;326;0;326
cmflsp60-36-2-6;1206151;97887903.946142;370.689759;3;1751;0;1751
CMS750_4;1206151;250.000000;258.584847;3;130;0;130
co-100;1206151;1250429.774879;9.799423;2;263;1;264
cod105;1206151;-8.000000;0.000000;3;489;1;490
comp07-2idx;1206151;0.000000;139.650000;2;1322;0;1322
comp08-2idx;1206151;0.000000;189.588538;3;164;0;164
comp12-2idx;1206151;16.000000;251.466598;3;1233;1;1234
comp16-3idx;1206151;4.000000;720.391848;1;8517;1;8518
comp21-2idx;1206151;0.000000;197.950000;2;892;1;893
control30-3-2-3;1206151;-20763026.787568;27.970540;1;5;0;5
core2536-691;1206151;803.000000;-0.000000;3;1510;3;1513
core2586-950;1206151;1162.000000;-0.000000;3;989;2;991
core4284-1064;1206151;1300.000000;-0.000000;3;5429;4;5433
core4872-1529;1206151;1844.000000;-0.000000;3;2850;4;2854
cost266-UUE;1206151;42001606.280000;-0.000000;2;64;0;64
cov1075;1206151;35.000000;0.000000;2;5;0;5
cryptanalysiskb128n5obj16;1206151;0.000000;7174.215397;2;828;5;833
csched007;1206151;269.251587;22.185714;1;40;0;40
csched008;1206151;171.000000;19.560203;1;10;0;10
csched010;1206151;332.422727;19.770202;1;36;0;36
cvrpa-n64k9vrpi;1206151;0.000000;206.143617;1;441;1;442
cvrpb-n45k5vrpi;1206151;0.000000;154.740458;1;583;0;583
cvrpp-n16k8vrpi;1206151;0.000000;50.204545;1;34;0;34
cvrpsimple2i;1206151;0.000000;19.850000;1;2;0;2
cvs08r139-94;1206151;-24.000000;-0.000000;3;14;0;14
cvs16r106-72;1206151;-10.000000;-0.000000;3;32;0;32
cvs16r128-89;1206151;-11.000000;-0.000000;3;37;0;37
cvs16r70-62;1206151;-5.000000;0.000000;3;31;0;31
cvs16r89-60;1206151;-7.000000;0.000000;3;30;0;30
d10200;1206151;12425.583005;34.236879;1;49;0;49
d20200;1206151;12229.625788;62.339279;1;339;0;339
dale-cta;1206151;0.000000;0.004764;1;306;0;306
dano3mip;1206151;576.231620;15.294513;1;1891;0;1891
dano3_3;1206151;576.231620;1.932181;1;1641;0;1641
dano3_5;1206151;576.231620;2.871834;1;1683;0;1683
danoint;1206151;62.637280;5.819184;1;12;0;12
dc1c;1206151;1754946.863638;139.834191;1;287;0;287
dc1l;1206151;203554787.784329;-0.000000;3;1327;13;1340
dcmulti;1206151;184858.396836;12.823814;3;3;0;3
decomp1;1206151;-120.000000;98.000000;1;49;0;49
decomp2;1206151;-160.000000;93.138889;1;56;0;56
dfn-bwin-DBE;1206151;797567.400000;0.000000;2;34;0;34
dfn-gwin-UUM;1206151;27467.257235;5.653537;1;1;0;1
dg012142;1206151;5895516.340434;39.442147;5;199;0;199
diameterc-mstc-v20a190d5i;1206151;291.000000;56.700000;1;34;0;34
diameterc-msts-v40a100d5i;1206151;324.000000;100.121212;1;35;0;35
disctom;1206151;-5000.000000;51.166667;1;229;0;229
disktom;1206151;-5000.000000;51.166667;1;208;0;208
dolom1;1206151;6556066.068315;110.606017;1;508;0;508
drayage-100-12;1206151;21458.311901;45.375525;1;69;0;69
drayage-100-23;1206151;11714.141979;44.659861;1;158;0;158
drayage-25-23;1206151;11714.141979;44.421956;1;158;0;158
drayage-25-27;1206151;26785.797043;41.335416;1;61;0;61
drayage-25-32;1206151;32519.997253;41.203921;1;69;0;69
ds-big;1206151;86.820068;30.669231;1;8589;4;8593
ds;1206151;57.234565;33.463549;1;1005;2;1007
dws008-01;1206151;708.876687;16.484655;2;57;0;57
dws008-03;1206151;717.896796;9.217365;2;140;0;140
dws012-01;1206151;3450.401707;26.235704;2;128;0;128
dws012-02;1206151;1584.690892;16.166549;2;221;1;222
dws012-03;1206151;1998.123968;18.170643;2;295;1;296
eil33-2;1206151;811.278996;3.615630;1;35;0;35
eilA101-2;1206151;803.373888;7.408683;1;919;1;920
eilB101;1206151;1075.247691;12.807028;1;20;0;20
eilC76-2;1206151;725.754458;7.780208;1;279;0;279
ej;1206151;1.000000;0.243844;1;0;0;0
elitserienhandball11i;1206151;0.000000;1421.352265;1;250;0;250
elitserienhandball13i;1206151;0.000000;1357.692232;1;295;0;295
elitserienhandball14i;1206151;0.000000;1543.757700;1;258;1;259
elitserienhandball3i;1206151;0.000000;1525.315516;1;255;0;255
enlight13;1206151;0.000000;0.500000;1;0;0;0
enlight15;1206151;0.000000;0.500000;1;0;0;0
enlight8;1206151;0.000000;0.500000;1;0;0;0
enlight_hard;1206151;0.000000;14.500000;1;0;0;0
eva1aprime5x5opt;1206151;-497.247729;0.959853;1;346;0;346
eva1aprime6x6opt;1206151;-495.492430;9.408398;1;1647;0;1647
ex10;1206151;100.000000;100.000000;1;17322;1;17323
ex1010-pi;1206151;314.000000;0.000000;3;674;3;677
ex9;1206151;81.000000;81.000000;1;1740;1;1741
exp-1-500-5-5;1206151;97666.305541;4.045842;2;2;0;2
f2000;1206151;1383.000000;1280.000000;2;3483;0;3483
f2gap201600;1206151;76429.862296;1.402159;1;3;0;3
f2gap401600;1206151;82274.237434;1.190020;1;4;0;4
f2gap40400;1206151;20650.898154;3.253580;1;1;0;1
f2gap801600;1206151;86570.120867;5.266841;1;4;0;4
fast0507;1206151;221.000000;-0.000000;3;540;9;549
fastxgemm-n2r6s0t2;1206151;27.000000;9.000000;1;28;0;28
fastxgemm-n2r7s4t1;1206151;27.000000;9.000000;1;37;0;37
fastxgemm-n3r21s3t6;1206151;84.000000;27.000000;1;2359;0;2359
fastxgemm-n3r22s4t6;1206151;84.000000;27.000000;1;2647;0;2647
fastxgemm-n3r23s5t6;1206151;84.000000;27.000000;1;2680;0;2680
fhnw-binpack4-48;1206151;0.000000;333.285714;2;136;0;136
fhnw-binpack4-58;1206151;0.000000;467.321429;2;131;1;132
fhnw-binpack4-77;1206151;0.000000;207.310714;2;129;0;129
fhnw-binschedule0;1206151;12632.888779;685.581929;3;12653;14;12667
fhnw-binschedule2;1206151;1706.886254;154.751416;3;192;1;193
fhnw-schedule-paira100;1206151;-36.643681;5.147307;2;131;0;131
fhnw-schedule-paira200;1206151;-73.826479;8.938667;2;264;2;266
fhnw-schedule-paira400;1206151;-146.941079;19.264310;2;1142;10;1152
fhnw-schedule-pairb200;1206151;-73.826479;516.184695;2;1098;2;1100
fhnw-schedule-pairb400;1206151;-146.941079;2338.646383;2;7809;12;7821
fhnw-sq2;1206151;0.000000;15.527645;1;4;0;4
fiball;1206151;137.069168;68.996028;1;125;0;125
fiber;1206151;1023943.760000;9.839127;2;3;0;3
fillomino7x7-0i;1206151;0.000000;0.000000;1;28;0;28
fixnet6;1206151;12170.000000;-0.000000;2;1;0;1
fjspeasy01i;1206151;216.000000;0.000000;1;37;0;37
flugpl;1206151;1167185.725592;3.538918;1;0;0;0
g200x740;1206151;45614.000000;-0.000000;2;3;0;3
g200x740i;1206151;44069.000000;-0.000000;2;3;0;3
gasprod1-1;1206151;4861.104633;51.656628;7885;821;2837;3658
gasprod1-2;1206151;1691.141291;51.497411;6853;572;862;1434
gasprod1-3;1206151;3682.336923;49.221179;8368;576;1084;1660
gasprod2-1;1206151;1306101.609201;404.201103;19;1797;8;1805
gasprod2-2;1206151;1330631.091637;502.800224;36;1773;16;1789
gen-ip002;1206151;-511.036897;0.000000;3;0;0;0
gen-ip016;1206151;-9505.628173;1.906914;1;0;0;0
gen-ip021;1206151;6642.052620;2.217259;4;0;0;0
gen-ip036;1206151;-2162.833562;0.000000;3;0;0;0
gen-ip054;1206151;8365.610388;1.135203;5;0;0;0
gen;1206151;112130.040664;7.929263;1;3;0;3
genus-g31-8;1206151;-27.000000;112.333333;1;1060;0;1060
genus-g61-25;1206151;-58.000000;262.979034;1;851;0;851
genus-sym-g31-8;1206151;-27.000000;154.805251;2;4365;1;4366
genus-sym-g62-2;1206151;-54.000000;255.080518;2;21820;2;21822
genus-sym-grafo5708-48;1206151;-27.000000;115.165439;1;1244;0;1244
ger50-17-ptp-pop-3t;1206151;3466.324873;45.213645;1;97;0;97
ger50-17-ptp-pop-6t;1206151;6804.447088;50.477969;1;91;0;91
ger50-17-trans-dfn-3t;1206151;3453.475245;37.741927;1;145;0;145
ger50-17-trans-pop-3t;1206151;3456.252922;49.487013;1;156;0;156
ger50_17_trans;1206151;6850.628623;48.226110;1;139;0;139
germanrr;1206151;46445702.956442;53.468182;2;632;0;632
germany50-DBM;1206151;438028.000000;23.400000;1;145;0;145
germany50-UUM;1206151;597932.500000;24.400000;1;33;0;33
gesa2-o;1206151;25748173.191117;13.380406;2;4;0;4
gesa2;1206151;25477017.874283;13.267370;2;6;0;6
gfd-schedulen180f7d50m30k18-16i;1206151;18.000000;108.385679;1;5863;39;5902
gfd-schedulen180f7d50m30k18;1206151;1.000000;5019.413851;2;3492;14;3506
gfd-schedulen25f5d20m10k3i;1206151;3.000000;13.619895;1;65;0;65
gfd-schedulen55f2d50m30k3i;1206151;3.000000;27.695911;1;149;1;150
ghoulomb4-9-10i;1206151;9.000000;0.000000;1;65;1;66
glass-sc;1206151;23.000000;0.000000;3;134;1;135
glass4;1206151;800002400.000000;2.059524;1;1;0;1
gmu-35-40;1206151;-2400283.756506;1.911023;2;9;0;9
gmu-35-50;1206151;-2606307.146543;3.420099;2;26;0;26
gmut-75-50;1206151;-14182312.661731;4.988967;1;583;2;585
gmut-76-40;1206151;-14171086.316075;9.054451;1;203;1;204
gmut-76-50;1206151;-14173884.188063;4.201959;1;512;1;513
gmut-77-40;1206151;-14173396.636852;2.973250;1;247;0;247
go19;1206151;96.000000;-0.000000;3;4;0;4
gr4x6;1206151;229.050000;-0.000000;2;0;0;0
graph20-20-1rand;1206151;-37.000000;48.000000;1;40;0;40
graph20-80-1rand;1206151;-117.000000;142.000000;1;1517;1;1518
graph40-20-1rand;1206151;-157.000000;185.500000;1;4391;2;4393
graph40-40-1rand;1206151;-300.000000;341.969290;1;91419;9;91428
graphdraw-domain;1206151;12672.000000;21.071817;1;2;0;2
graphdraw-gemcutter;1206151;4310.000000;15.521554;1;1;0;1
graphdraw-grafo2;1206151;35762.000000;368.152985;1;758;1;759
graphdraw-mainerd;1206151;30496.000000;97.975651;1;89;0;89
graphdraw-opmanager;1206151;54717.000000;207.745488;1;413;0;413
gsvm2rl11;1206151;35640.343493;0.000000;2;384;0;384
gsvm2rl12;1206151;50.000000;-0.000000;2;494;0;494
gsvm2rl3;1206151;0.600000;-0.000000;2;3;0;3
gsvm2rl5;1206151;10.000000;-0.000000;2;8;0;8
gsvm2rl9;1206151;16356.825869;0.000000;2;58;0;58
gt2;1206151;13460.233074;0.728107;1;0;0;0
h50x2450;1206151;11147.731511;3.696751;1;27;0;27
h80x6320;1206151;3700.000000;0.000000;1;27;0;27
h80x6320d;1206151;5325.160104;2.515625;1;39;0;39
hanoi5;1206151;1926.000000;332.000000;4;159;1;160
haprp;1206151;3665963.213506;96.940858;1;5;0;5
harp2;1206151;-74353341.502300;5.485338;1;6;0;6
hgms-det;1206151;-53824.391476;32.676364;1;206;0;206
hgms30;1206151;-53349.215497;60.694272;1;8965;0;8965
hgms62;1206151;-53416.649907;61.317531;1;26516;0;26516
hypothyroid-k1;1206151;-2902.852586;39.591978;1;7903;2;7905
ic97_potential;1206151;4089.000000;54.966667;2;4;0;4
ic97_tension;1206151;3911.000000;15.366667;2;2;0;2
icir97_potential;1206151;6612.000000;166.866667;2;39;0;39
icir97_tension;1206151;6302.000000;97.366667;2;4;0;4
iis-100-0-cov;1206151;41.000000;0.000000;3;100;0;100
iis-bupa-cov;1206151;49.000000;-0.000000;3;162;0;162
iis-glass-cov;1206151;28.000000;0.000000;3;127;1;128
iis-hc-cov;1206151;22.000000;0.000000;3;203;3;206
iis-pima-cov;1206151;41.000000;-0.000000;3;263;1;264
irp;1206151;12123.530222;6.000000;1;91;0;91
istanbul-no-cutoff;1206151;51.110000;3.607411;1;474;0;474
ivu06-big;1206151;135.427718;95.799872;1;56192;46;56238
ivu06;1206151;135.901353;97.120377;1;16336;16;16352
ivu52;1206151;480.250439;81.742183;1;7142;3;7145
ivu59;1206151;884.456993;122.893682;1;107201;55;107256
janos-us-DDM;1206151;1488134.750000;22.375000;1;4;0;4
k16x240;1206151;11359.000000;0.000000;2;0;0;0
k16x240b;1206151;12874.000000;0.000000;2;0;0;0
k1mushroom;1206151;-4165.061224;43.877551;1;16374;7;16381
k1mushroomi;1206151;-4208.000000;0.000000;1;182;6;188
khb05250;1206151;126785464.000000;0.000000;2;1;0;1
l2p12;1206151;2.000000;1091.539196;1;340;0;340
l2p1i;1206151;1.000000;333.207461;1;824;8;832
l2p2i;1206151;1.000000;616.416460;1;63;1;64
lectsched-1-obj;1206151;0.000000;5.975758;2;253;3;256
lectsched-1;1206151;0.000000;3.151515;2;212;3;215
lectsched-2;1206151;0.000000;17.149242;5;121;3;124
lectsched-3;1206151;0.000000;21.203788;6;232;5;237
lectsched-4-obj;1206151;0.000000;12.853788;6;72;1;73
lectsched-5-obj;1206151;0.000000;4.117424;2;217;2;219
leo1;1206151;1181219706.240000;-0.000000;3;85;1;86
leo2;1206151;1344214233.440000;0.000000;3;184;2;186
liu;1206151;346.000000;11.003653;2;7;0;7
loopha13;1206151;6.279000;1.102160;2;233;0;233
lotsize;1206151;1335747.052789;7.405615;2;7;0;7
lr1dr02vc05v8a-t360;1206151;120706.326475;174.298112;1;1041;0;1041
lr1dr04vc05v17a-t360;1206151;247111.692480;335.090553;1;1974;1;1975
lr1dr12vc10v70b-t360;1206151;983950.247945;1069.593454;1;46746;4;46750
lr2-22dr3-333vc4v17a-t60;1206151;-72838.215835;239.748662;2;36310;3;36313
lrn;1206151;42701141.648089;65.099086;2;522;0;522
m100n500k4r1;1206151;-17.000000;-0.000000;3;9;0;9
macrophage;1206151;0.000000;339.000000;1;32;0;32
mad;1206151;0.000000;3.254396;1;2;0;2
manna81;1206151;-11868.000000;0.000000;3;38;0;38
map06;1206151;-406.181173;7.868443;1;2371;1;2372
map10;1206151;-602.176181;11.248146;1;2695;0;2695
map14;1206151;-778.549324;11.962355;1;2181;1;2182
map14860-20;1206151;-998.836419;10.400693;1;2471;0;2471
map16715-04;1206151;-296.267898;4.997036;1;2297;1;2298
map18;1206151;-932.782685;11.173489;1;2358;0;2358
map20;1206151;-998.836419;10.400693;1;2475;0;2475
mappingmesh3x3mpeg2i;1206151;87.555556;87.202393;1;40;0;40
mario-t-hard5i;1206151;-4482.000000;20.339623;1;1622;1;1623
markshare1;1206151;230.000000;0.000000;2;0;0;0
markshare2;1206151;454.000000;-0.000000;2;0;0;0
markshare_4_0;1206151;226.000000;0.000000;2;0;0;0
markshare_5_0;1206151;337.000000;0.000000;2;0;0;0
mas74;1206151;10482.795280;3.103514;1;1;0;1
mas76;1206151;38893.903641;2.555097;1;1;0;1
maxgasflow;1206151;-70929535.900000;662.357640;2;57;0;57
mc11;1206151;13509.000000;-0.000000;2;30;0;30
mc7;1206151;5796.000000;-0.000000;2;28;0;28
mc8;1206151;1929.000000;-0.000000;2;32;0;32
mcsched;1206151;193774.753707;340.221655;1;125;0;125
methanosarcina;1206151;0.000000;313.000000;1;110;0;110
mik-250-1-100-1;1206151;-0.000000;0.000000;2;2;0;2
mik-250-20-75-1;1206151;-0.000000;0.000000;2;3;0;3
mik-250-20-75-2;1206151;-0.000000;-0.000000;2;3;0;3
mik-250-20-75-3;1206151;-0.000000;-0.000000;2;3;0;3
mik-250-20-75-4;1206151;-0.000000;-0.000000;2;3;0;3
mik-250-20-75-5;1206151;0.000000;-0.000000;2;3;0;3
milo-v12-6-r1-58-1;1206151;410986.648167;129.905800;1;96;0;96
milo-v12-6-r1-75-1;1206151;669700.757896;208.836475;1;106;0;106
milo-v12-6-r2-40-1;1206151;205532.322265;97.329375;1;56;0;56
milo-v13-4-3d-3-0;1206151;23359.288017;1.476277;1;12;0;12
milo-v13-4-3d-4-0;1206151;34031.171805;2.550972;1;36;0;36
mine-166-5;1206151;-821763677.673139;187.331384;1;208;0;208
mine-90-10;1206151;-887165318.510226;202.375368;1;166;0;166
mining;1206151;-880498833.080716;8459.469134;117;125223;1616;126839
minutedispatchstrategy;1206151;1898.391429;412.137934;2;1359;1;1360
misc07;1206151;1415.000000;8.000000;1;2;0;2
mitre;1206151;114740.518481;224.156743;1;117;0;117
mkc;1206151;-581.850000;16.208843;3;33;0;33
mkc1;1206151;-611.850000;3.942199;3;34;0;34
mod010;1206151;6532.083333;14.166667;1;14;0;14
modglob;1206151;20786787.016883;-0.000000;2;1;0;1
moj-mining;1206151;-1520532907.350177;566.626558;2;47991;0;47991
momentum1;1206151;134660.011921;48.045264;2;975;0;975
momentum2;1206151;61266.821316;84.616225;3;751;1;752
momentum3;1206151;107721.824270;144.721031;3;8459;0;8459
mrcpspj30-15-5i;1206151;23.000000;189.992887;1;42;0;42
mrcpspj30-17-10i;1206151;25.000000;28.677778;1;41;0;41
mrcpspj30-53-3i;1206151;30.000000;43.135185;1;55;0;55
msc98-ip;1206151;19520966.151663;393.288169;2;2780;0;2780
mspp16;1206151;341.000000;1.241379;1;27926;0;27926
mspsphard01i;1206151;16.000000;0.000000;1;45;0;45
mspsphard03i;1206151;20.000000;0.000000;1;89;1;90
mtest4ma;1206151;60342.000000;0.000000;2;2;0;2
mushroom-best;1206151;0.000013;0.020200;1;574;0;574
mzzv11;1206151;-22556.460829;174.328454;2;416;0;416
mzzv42z;1206151;-18842.814586;198.473995;2;297;0;297
n13-3;1206151;14401970.000000;-0.000000;2;25;0;25
n15-3;1206151;71710891.000000;0.000000;2;3414;0;3414
n2seq36f;1206151;71600.000000;-0.000000;3;34;1;35
n2seq36q;1206151;119003.593822;43.392098;3;164;0;164
n3-3;1206151;24303430.000000;-0.000000;2;153;0;153
n3700;1206151;1342560.000000;0.000000;2;28;0;28
n3705;1206151;1342540.000000;0.000000;2;31;0;31
n3707;1206151;1301218.000000;0.000000;2;31;0;31
n3709;1206151;1324904.000000;-0.000000;2;29;0;29
n370a;1206151;1353042.000000;-0.000000;2;29;0;29
n370b;1206151;1373791.000000;-0.000000;2;31;0;31
n3div36;1206151;174200.000000;-0.000000;3;154;4;158
n3seq24;1206151;209033.068485;51.670786;3;3016;4;3020
n4-3;1206151;13501875.000000;-0.000000;2;56;0;56
n5-3;1206151;12301325.000000;-0.000000;2;16;0;16
n6-3;1206151;16502900.000000;-0.000000;2;36;0;36
n7-3;1206151;14704310.000000;-0.000000;2;41;0;41
n9-3;1206151;20703625.000000;-0.000000;2;145;0;145
nag;1206151;465.000000;13.770256;3;46;0;46
neos-1061020;1206151;-145860.370608;500.756757;1;881;0;881
neos-1067731;1206151;669053.000000;81.272727;1;597;0;597
neos-1109824;1206151;278.000000;22.000000;1;62;0;62
neos-1112782;1206151;22000000110147.347656;0.000000;2;19;0;19
neos-1112787;1206151;19500000125389.667969;0.000000;2;21;0;21
neos-1122047;1206151;161.000000;0.495966;2;494;0;494
neos-1171448;1206151;-309.000000;0.936995;2;81;0;81
neos-1171692;1206151;-273.000000;3.730892;2;43;0;43
neos-1171737;1206151;-195.000000;8.004699;2;43;0;43
neos-1225589;1206151;5000000000.000000;-0.000000;2;1;0;1
neos-1311124;1206151;-182.000000;5.000000;2;3;0;3
neos-1324574;1206151;4.500000;144.000000;1;39;0;39
neos-1330346;1206151;4.500000;76.500000;1;118;0;118
neos-1337307;1206151;-201272.000000;272.493985;2;53;0;53
neos-1354092;1206151;46.000000;238.398385;2;1054;0;1054
neos-1367061;1206151;31320456.264497;3.750000;2;1847;0;1847
neos-1396125;1206151;3000.053717;12.531496;2;7;0;7
neos-1420546;1206151;22124.400000;103.140678;1;385;0;385
neos-1420790;1206151;2942.750002;75.132359;1;56;0;56
neos-1423785;1206151;-1816.666667;311.971400;1;262;0;262
neos-1425699;1206151;3175204364.635297;5.264952;1;0;0;0
neos-1426635;1206151;-178.000000;6.429182;2;3;0;3
neos-1426662;1206151;-52.000000;10.501303;2;5;0;5
neos-1429212;1206151;30.000000;713.975748;1;5703;2;5705
neos-1430701;1206151;-78.000000;6.669599;2;2;0;2
neos-1436709;1206151;-129.000000;3.502607;2;3;0;3
neos-1440225;1206151;36.000000;33.503789;1;93;0;93
neos-1440460;1206151;-180.000000;4.859750;2;2;0;2
neos-1442119;1206151;-182.000000;2.580471;2;3;0;3
neos-1442657;1206151;-156.000000;4.002933;2;2;0;2
neos-1445532;1206151;-22877.000000;8.217460;2;90;0;90
neos-1445738;1206151;-24232.548846;16.301135;1;144;0;144
neos-1445743;1206151;-24579.832968;16.920281;1;141;0;141
neos-1445765;1206151;-24699.197660;17.625849;1;151;0;151
neos-1456979;1206151;154.000000;8.434222;1;43;0;43
neos-1516309;1206151;34769.833333;9.166667;2;28;0;28
neos-1582420;1206151;88.398466;56.693409;5;78;0;78
neos-1593097;1206151;4424.000000;55.795872;1;110;0;110
neos-1599274;1206151;32194.742857;6.464286;3;36;0;36
neos-1601936;1206151;1.000000;155.387702;1;803;0;803
neos-1603965;1206151;619244367.662955;0.000913;1;640;0;640
neos-1605061;1206151;6.150735;159.498166;1;2454;0;2454
neos-1605075;1206151;3.214461;176.495942;1;2092;0;2092
neos-1616732;1206151;174.000000;0.000000;3;6;0;6
neos-1620770;1206151;22.000000;35.000000;2;42;0;42
neos-2294525-abba;1206151;156.177251;16.071056;1;89;0;89
neos-2328163-agri;1206151;26069.000000;54.900000;1;73;0;73
neos-2624317-amur;1206151;0.000000;33.918936;1;3;0;3
neos-2629914-sudost;1206151;39622.000000;7.942933;1;236;0;236
neos-2652786-brda;1206151;0.000000;19.477348;2;2;0;2
neos-2657525-crna;1206151;0.000000;28.234944;2;2;0;2
neos-2669500-cust;1206151;2221.900000;230.198620;2;998;6;1004
neos-2746589-doon;1206151;1985.750000;129.965898;2;305;1;306
neos-2974461-ibar;1206151;473452396.770997;3364.000000;2;209626;17;209643
neos-2978193-inde;1206151;-2.418518;7.400000;1;57;0;57
neos-2978205-isar;1206151;-12.415307;29.800000;1;200;0;200
neos-2987202-jeir;1206151;-1847551552.236608;1035.632796;2;66432;1;66433
neos-2987310-joes;1206151;-610797465.676974;19.875000;2;1668;0;1668
neos-2991472-kalu;1206151;459.673619;4.824670;13792;4304;3668;7972
neos-3004026-krka;1206151;0.000000;832.000000;1;53;0;53
neos-3009394-lami;1206151;0.642857;216.114286;2;4;0;4
neos-3024952-loue;1206151;22882.000000;103.300000;1;232;0;232
neos-3025225-shelon;1206151;0.052574;323.690533;1;103980;10;103990
neos-3046601-motu;1206151;185.000000;0.449200;1;1;0;1
neos-3046615-murg;1206151;192.000000;0.345800;1;1;0;1
neos-3048764-nadi;1206151;-3883988306.366695;0.000000;2;63;1;64
neos-3065804-namu;1206151;0.000000;0.000000;1;217;0;217
neos-3068746-nene;1206151;77427529.530929;55.412658;2;136;0;136
neos-3072252-nete;1206151;10593526.000000;1.938794;2;1;0;1
neos-3075395-nile;1206151;54.924462;0.000480;1;171;0;171
neos-3083784-nive;1206151;0.000000;12.000000;1;29;0;29
neos-3083819-nubu;1206151;6290575.552807;13.541087;1;47;0;47
neos-3116779-oban;1206151;0.000000;0.000000;1;22;0;22
neos-3118745-obra;1206151;357.000000;-0.000000;2;3;0;3
neos-3148108-pahi;1206151;0.000000;0.000000;1;266;1;267
neos-3209462-rhin;1206151;0.000000;49.451220;2;3989;1;3990
neos-3209519-ruhr;1206151;332.850000;25.900482;1;60;0;60
neos-3214367-sovi;1206151;87802.732596;99.258257;1;2145;0;2145
neos-3216931-puriri;1206151;58817.353066;51.622705;1;1112;0;1112
neos-3226448-wkra;1206151;0.000000;512.043709;1;836;0;836
neos-3237086-abava;1206151;0.000000;96.000000;1;260;1;261
neos-3322547-alsek;1206151;616.000000;115.178534;2;10573;28;10601
neos-3352863-ancoa;1206151;495300.000000;-0.000000;2;769;6;775
neos-3354841-apure;1206151;48447.926267;3.552995;1;3196;1;3197
neos-3355120-tarago;1206151;-20453473.616781;80.899969;1;670;0;670
neos-3355323-arnon;1206151;0.000000;21.818182;4;90;2;92
neos-3372571-onahau;1206151;0.576990;8.695953;2;1685;0;1685
neos-3373491-avoca;1206151;21687686014.015358;26.555947;1;7;0;7
neos-3381206-awhea;1206151;432.000000;61.334767;2;5;0;5
neos-3402294-bobin;1206151;0.000000;35.009213;1;1124;2;1126
neos-3426085-ticino;1206151;235.000000;41.787470;3;42;0;42
neos-3426132-dieze;1206151;427.000000;103.670666;2;79;0;79
neos-3437289-erdre;1206151;0.000000;0.000000;1;95;1;96
neos-3530903-gauja;1206151;170.000000;33.253136;3;5;0;5
neos-3530905-gaula;1206151;153.000000;29.042208;2;5;0;5
neos-3555904-turama;1206151;-41.450000;29.464286;1;887;0;887
neos-3572885-glina;1206151;0.000000;0.000000;1;404;3;407
neos-3581454-haast;1206151;1640.000000;52.000000;1;109;0;109
neos-3592146-hawea;1206151;7237144.855333;13.694653;1;47;0;47
neos-3594536-henty;1206151;383205.000000;2496.000000;1;155;1;156
neos-3603137-hoteo;1206151;0.000000;34.208333;3;49;0;49
neos-3610040-iskar;1206151;45.000000;0.000000;2;2;0;2
neos-3610051-istra;1206151;64.000000;0.000000;2;9;0;9
neos-3610173-itata;1206151;180.000000;-0.000000;2;6;0;6
neos-3611447-jijia;1206151;129.000000;-0.000000;2;3;0;3
neos-3611689-kaihu;1206151;151.000000;-0.000000;2;3;0;3
neos-3615091-sutlej;1206151;-1506391.117177;170.000000;1;1737;4;1741
neos-3627168-kasai;1206151;1020229.400000;0.000000;2;3;0;3
neos-3634244-kauru;1206151;0.000000;152.720000;1;4450;7;4457
neos-3636886-kereu;1206151;4092.957540;0.000020;2;53;0;53
neos-3656078-kumeu;1206151;-18774.700000;144.152983;2;203;0;203
neos-3660371-kurow;1206151;286.534383;18.305351;1;39;0;39
neos-3661949-lesse;1206151;688975700.000000;0.000260;2;55;0;55
neos-3665875-lesum;1206151;248.325000;39.496094;4;64;0;64
neos-3682128-sandon;1206151;79915933.274829;141.641588;2;266;0;266
neos-3691541-lonja;1206151;-0.079271;1.110009;2;43;0;43
neos-3695882-vesdre;1206151;-145935.214286;38.625310;1;557;0;557
neos-3696678-lyvia;1206151;4.906890;306.477181;2;53;0;53
neos-3699377-maori;1206151;135877.224265;88.272067;2;98;0;98
neos-3703351-marne;1206151;317056.210386;66.756370;2;55;0;55
neos-3740487-motru;1206151;152.145486;83.106404;2;42766;13;42779
neos-3754480-nidda;1206151;-1216923.270104;12.186832;1;3;0;3
neos-3755335-nizao;1206151;50.030157;72.893283;2;572;0;572
neos-3759587-noosa;1206151;48.334468;3.376667;2;355;0;355
neos-3761878-oglio;1206151;422769.022545;76.021852;2;47;0;47
neos-3762025-ognon;1206151;603955.746492;55.414542;2;36;0;36
neos-4165869-wannon;1206151;282.410166;67.168679;3;606;1;607
neos-4230265-orari;1206151;10055874880.871296;2982.245145;241;4393;114;4507
neos-4260495-otere;1206151;3336.109119;251.271690;2;747;6;753
neos-4285819-pedja;1206151;9.198014;17.924816;2;122836;51;122887
neos-4290317-perth;1206151;6352398.055740;0.000000;2;630;1;631
neos-4292145-piako;1206151;203075008.660562;3215.980526;241;3471;128;3599
neos-4295773-pissa;1206151;0.000000;3220.505376;1;5272;2;5274
neos-4300652-rahue;1206151;0.000000;49.000000;2;729;0;729
neos-4306827-ravan;1206151;-35696.901913;2144.305389;5;814;13;827
neos-4321076-ruwer;1206151;1880.558333;39.333333;1;15618;1;15619
neos-4322846-ryton;1206151;0.419848;26.000000;1;554;2;556
neos-4332801-seret;1206151;222328.384492;6070.103294;3;112987;1158;114145
neos-4332810-sesia;1206151;-33931.341204;4092.283880;13;114850;3537;118387
neos-4333464-siret;1206151;24.731464;0.125000;2;26;0;26
neos-4333596-skien;1206151;-14653956.914930;0.180763;1;10;0;10
neos-4335793-snake;1206151;0.000000;300.868689;2;1020;1;1021
neos-4338804-snowy;1206151;1447.000000;0.330000;3;4;0;4
neos-4343293-stony;1206151;51.627360;0.500000;2;70;0;70
neos-4355351-swalm;1206151;33.822611;0.094819;2;210;0;210
neos-4358725-tagus;1206151;6199.400001;198.323744;73;628;12;640
neos-4359986-taipa;1206151;0.296593;39.062139;1;1085;1;1086
neos-4360552-sangro;1206151;-29.500000;557.645354;1;13256;0;13256
neos-4387871-tavua;1206151;36.445048;0.200000;2;40;0;40
neos-4391920-timok;1206151;0.000009;37.747142;1;6996;1;6997
neos-4393408-tinui;1206151;340.267489;0.200000;2;42;0;42
neos-4408804-prosna;1206151;914.483516;66.321429;1;2903;1;2904
neos-4409277-trave;1206151;0.000000;347.723278;1;2023;0;2023
neos-4413714-turia;1206151;43.474651;371.333441;1;1875;5;1880
neos-4532248-waihi;1206151;0.000000;26.333333;1;757;1;758
neos-4533806-waima;1206151;3063.318841;99.000000;1;1055;2;1057
neos-4545615-waita;1206151;3606.594190;108.263827;1;14676;15;14691
neos-4555749-wards;1206151;3026.812121;68.666667;1;900;2;902
neos-4562542-watut;1206151;3743.304348;85.428571;1;3427;3;3430
neos-4647027-thurso;1206151;26911.641616;127.083433;1;2486;0;2486
neos-4647030-tutaki;1206151;26911.641616;130.175014;1;2775;0;2775
neos-4647032-veleka;1206151;26587.908699;174.815461;1;3920;0;3920
neos-4650160-yukon;1206151;-22688.547680;228.864000;1;5;0;5
neos-4722843-widden;1206151;1841.255082;1452.768981;2;418;2;420
neos-4724674-aorere;1206151;3758.753179;59.078997;3;490;3;493
neos-4736745-arroux;1206151;653873224.676537;1.560199;2;47;0;47
neos-4738912-atrato;1206151;617323325.173629;52.400465;2;45;0;45
neos-4754521-awarau;1206151;0.000000;0.000000;1;1172;6;1178
neos-4760493-puerua;1206151;1908.243695;237.071976;1;33801;1;33802
neos-476283;1206151;406.244708;4.622056;2;4466;0;4466
neos-4763324-toguru;1206151;1120.986062;232.945926;1;39426;1;39427
neos-4797081-pakoka;1206151;0.000000;827.858104;1;5378;0;5378
neos-4805882-barwon;1206151;1676.929283;206.756435;2;190;0;190
neos-480878;1206151;515.138796;1.008444;2;15;0;15
neos-4954274-beardy;1206151;18659.208282;301.285291;2;935;0;935
neos-4954672-berkel;1206151;3733961.000000;4.007059;2;3;0;3
neos-4966258-blicks;1206151;354.545455;450.828848;3;1391;2;1393
neos-4971100-bodrog;1206151;0.000000;-0.000000;2;66;0;66
neos-4972437-bojana;1206151;355.557128;31.979415;2;8627;1;8628
neos-4972461-bolong;1206151;465.045599;50.250248;2;4848;1;4849
neos-4976951-bunnoo;1206151;375.694372;25.259996;2;7039;1;7040
neos-4984115-canche;1206151;-10414620.716097;6.967648;1;18361;0;18361
neos-498623;1206151;16.000000;44.057510;1;118;0;118
neos-5013590-toitoi;1206151;1064.447092;169.000000;1;13312;0;13312
neos-5018451-chiese;1206151;-149772385.216405;18.530618;1;63874;0;63874
neos-503737;1206151;50.000000;47.555718;1;33;0;33
neos-5041822-cockle;1206151;5696053.417116;2.418448;3;2792;10;2802
neos-5044663-wairoa;1206151;4653100.000000;541.481293;1;21776;1;21777
neos-5045105-creuse;1206151;19.066670;21.458183;1;74;0;74
neos-5049753-cuanza;1206151;464.000000;69.600000;3;2573;1;2574
neos-5051588-culgoa;1206151;128.750000;31.449091;1;97;0;97
neos-5052403-cygnet;1206151;232.147435;87.133886;8;37352;9;37361
neos-506422;1206151;0.000000;6.900000;1;40;0;40
neos-506428;1206151;145945.000000;95.648936;1;541;0;541
neos-5075914-elvire;1206151;277.341888;3.120913;2;49;0;49
neos-5076235-embley;1206151;1930.000000;0.115385;2;796;0;796
neos-5078479-escaut;1206151;7280.474567;0.467977;2;44;0;44
neos-5079731-flyers;1206151;2004.000000;1.087912;2;954;0;954
neos-5083528-gimone;1206151;0.000000;20.875000;1;241;1;242
neos-5093327-huahum;1206151;3934.000000;1.841667;2;749;0;749
neos-5100895-inster;1206151;2084.000000;3.582418;2;549;0;549
neos-5102383-irwell;1206151;1740.000000;2.483516;2;999;0;999
neos-5104907-jarama;1206151;639.917149;50.953837;2;9243;1;9244
neos-5106984-jizera;1206151;721.000000;3.500000;2;3738;2;3740
neos-5107597-kakapo;1206151;0.000000;0.591250;2;40;0;40
neos-5108386-kalang;1206151;620.501637;57.690941;2;13662;2;13664
neos-5114902-kasavu;1206151;518.000000;138.000000;3;9702;3;9705
neos-5115478-kaveri;1206151;0.000000;0.529375;2;45;0;45
neos-5116085-kenana;1206151;452.000000;142.000000;3;5799;2;5801
neos-5118834-korana;1206151;569.216333;123.504863;2;12422;2;12424
neos-5118851-kowhai;1206151;1134.000000;5.880000;2;5495;2;5497
neos-5123665-limmat;1206151;652.427430;71.017903;2;16966;2;16968
neos-5125849-lopori;1206151;0.000000;51.956886;1;39;0;39
neos-5129192-manaia;1206151;0.000000;3.769231;1;4196;5;4201
neos-5138690-middle;1206151;605.364996;106.306535;2;15340;2;15342
neos-5140963-mincio;1206151;8877.000000;2.142857;1;1;0;1
neos-5149806-wieprz;1206151;0.027694;5.514108;5;441;6;447
neos-5151569-mologa;1206151;686023627.750363;27.702234;2;2106;1;2107
neos-5178119-nalagi;1206151;8.569859;18.661577;2;81;0;81
neos-5182409-nasivi;1206151;0.000000;18.212177;1;8;0;8
neos-5188808-nattai;1206151;0.000000;13.024442;1;379;0;379
neos-5189128-totara;1206151;330131.390743;21.863581;1;926;0;926
neos-5192052-neckar;1206151;-11980000.000000;0.333333;3;0;0;0
neos-5193246-nerang;1206151;0.000000;792.331614;1;849;0;849
neos-5195221-niemur;1206151;0.000000;700.447361;1;846;0;846
neos-5196530-nuhaka;1206151;0.000000;750.534707;1;631;0;631
neos-520729;1206151;-1391291.666667;8.760000;1;528;0;528
neos-5221106-oparau;1206151;0.000000;61.698592;1;268;0;268
neos-5223573-tarwin;1206151;0.105800;0.258185;1;15059;1;15060
neos-5251015-ogosta;1206151;0.105800;0.226665;1;12247;0;12247
neos-525149;1206151;60.000000;3.500000;1;252;0;252
neos-5260764-orauea;1206151;58748.022532;10.633838;1;66;0;66
neos-5261882-treska;1206151;22721.328000;6.436135;1;13;0;13
neos-5266653-tugela;1206151;20969.906674;15.508215;1;138;0;138
neos-5273874-yomtsa;1206151;0.000000;0.215200;1;14774;0;14774
neos-555001;1206151;910619.201473;185.329242;1;34;0;34
neos-555343;1206151;1241512.549440;273.503416;1;38;0;38
neos-555424;1206151;1196312.549440;237.883186;1;36;0;36
neos-555884;1206151;1026121.836055;271.320900;1;37;0;37
neos-565672;1206151;43884.639336;66.477422;3;16048;7;16055
neos-574665;1206151;4948073.456141;10.746401;1;35;0;35
neos-578379;1206151;0.000000;134.758643;1;1350;0;1350
neos-585192;1206151;-1999690.155301;98.986683;2;167;0;167
neos-585467;1206151;-1999711.795869;82.239088;2;22;0;22
neos-595904;1206151;61134.474995;16.114622;2;65;0;65
neos-619167;1206151;1.481241;34.850492;1;95;0;95
neos-631517;1206151;6494999.999936;60.866544;1;8;0;8
neos-631710;1206151;544.000000;293.451970;2;6504;7;6511
neos-633273;1206151;4678552871.152559;377.739286;1;175;0;175
neos-662469;1206151;184340.629649;96.375734;1;481;0;481
neos-686190;1206151;5134.813830;17.515957;1;102;0;102
neos-691058;1206151;234.000000;83.065598;1;183;0;183
neos-693347;1206151;234.000000;75.573465;1;619;0;619
neos-738098;1206151;-1099.000000;225.695149;1;123;0;123
neos-777800;1206151;-80.000000;68.220262;1;43;0;43
neos-780889;1206151;3421500.000000;0.000000;1;600;9;609
neos-787933;1206151;300.000000;-0.000000;2;219;13;232
neos-799711;1206151;-11228065.153797;0.981255;1;1256;0;1256
neos-799716;1206151;4932670.661692;0.616814;1;125;0;125
neos-807639;1206151;492.688889;1.370370;2;10;0;10
neos-820879;1206151;24874.267857;62.867619;1;117;0;117
neos-824661;1206151;65.000000;60.642857;2;276;0;276
neos-824695;1206151;62.000000;33.800000;2;104;0;104
neos-826224;1206151;153.000000;70.000000;2;209;1;210
neos-826650;1206151;32.000000;109.347222;2;45;0;45
neos-826694;1206151;84.000000;92.333333;2;92;0;92
neos-826812;1206151;86.011000;151.137255;2;108;0;108
neos-826841;1206151;32.008200;110.679849;2;55;0;55
neos-827015;1206151;2.098071;332.649497;1;1862;2;1864
neos-827175;1206151;121.001520;83.555556;2;155;0;155
neos-829552;1206151;2.098071;250.649497;1;1639;0;1639
neos-831188;1206151;1.767720;215.733333;1;63;0;63
neos-847302;1206151;0.000000;49.875712;1;62;0;62
neos-848198;1206151;168781.000000;-0.000000;2;138;0;138
neos-848589;1206151;0.000000;0.075873;1;1402;1;1403
neos-849702;1206151;0.000000;87.382423;1;18;0;18
neos-850681;1206151;2087.000000;60.770833;1;106;0;106
neos-860300;1206151;1666.068586;9.000000;1;58;0;58
neos-872648;1206151;52.672838;0.000000;2;1154;5;1159
neos-873061;1206151;152.431558;-0.000000;2;1174;5;1179
neos-876808;1206151;10030.533833;259.649605;2;6073;2;6075
neos-885086;1206151;-243.000000;13.945733;2;180;0;180
neos-885524;1206151;11771.555290;9.581376;2;144;2;146
neos-911880;1206151;23.260000;17.986476;1;2;0;2
neos-911970;1206151;23.260000;14.456206;1;2;0;2
neos-913984;1206151;1000.000000;33.522949;1;171;1;172
neos-914441;1206151;5660364.283770;78.177859;1;1614;0;1614
neos-916792;1206151;26.203596;16.256328;2;83;0;83
neos-932721;1206151;513000.000000;-0.000000;4;104;2;106
neos-932816;1206151;513000.000000;0.000000;3;209;6;215
neos-933562;1206151;0.000000;237.810567;1;52;0;52
neos-933638;1206151;460014.000000;-0.000000;3;220;4;224
neos-933966;1206151;424032.000000;0.000000;3;153;4;157
neos-934278;1206151;446011.000000;-0.000000;3;303;2;305
neos-935234;1206151;420082.000000;-0.000000;3;329;1;330
neos-935627;1206151;23250.000000;-0.000000;3;369;1;370
neos-935769;1206151;23430.000000;-0.000000;3;402;1;403
neos-937511;1206151;52640.000000;-0.000000;3;423;1;424
neos-937815;1206151;53700.000000;-0.000000;3;488;1;489
neos-941262;1206151;51543.000000;0.000000;3;348;1;349
neos-941313;1206151;9361.000000;325.995652;1;611;4;615
neos-942830;1206151;12.000000;68.941632;1;34;0;34
neos-948126;1206151;51842.000000;-0.000000;3;410;1;411
neos-948346;1206151;-76.259687;4.145726;4;520;4;524
neos-950242;1206151;2.000000;94.000000;2;112;0;112
neos-953928;1206151;-97.806667;0.000000;4;224;4;228
neos-954925;1206151;-216.766667;-0.000000;5;1067;22;1089
neos-956971;1206151;-71.740000;2.884533;3;834;3;837
neos-957143;1206151;-175.669492;48.100823;4;521;3;524
neos-957323;1206151;-192.816464;25.331104;3;359;2;361
neos-957389;1206151;1.500000;30.754586;1;109;0;109
neos-960392;1206151;-238.000000;303.359003;1;275;1;276
neos-983171;1206151;52602.000000;0.000000;3;455;1;456
neos-984165;1206151;52002.000000;0.000000;3;511;1;512
neos13;1206151;-126.178378;42.160092;2;242;0;242
neos15;1206151;144796.909577;0.000000;2;1;0;1
neos16;1206151;429.000000;13.142857;2;3;0;3
neos17;1206151;0.222688;0.000000;2;7;0;7
neos18;1206151;11.000000;59.000000;3;69;0;69
neos2;1206151;-4717.666848;6.724359;1;8;0;8
neos22;1206151;413700.000000;227.000000;1;33;0;33
neos5;1206151;17.250000;0.000000;2;1;0;1
neos6;1206151;116.604289;27.902196;4;106;1;107
neos8;1206151;-2885.143864;22.041691;3;826;1;827
neos808444;1206151;0.000000;221.165702;1;227;0;227
neos9;1206151;780.000000;44.250000;1;333;0;333
net12;1206151;47.514236;132.660069;3;1306;0;1306
netdiversion;1206151;454.400000;774.400000;3;9617;5;9622
newdano;1206151;11.724138;8.447296;1;2;0;2
nexp-150-20-1-5;1206151;84.000000;0.000000;2;40;0;40
nexp-150-20-8-5;1206151;656.000000;-0.000000;2;81;1;82
nexp-50-20-1-1;1206151;34.000000;-0.000000;2;1;0;1
nexp-50-20-4-2;1206151;120.000000;0.000000;2;3;0;3
nh97_potential;1206151;1461.000000;72.750000;2;5;0;5
nh97_tension;1206151;1438.000000;81.583333;2;2;0;2
nj1;1206151;0.000000;607.000000;1;533;1;534
nj2;1206151;0.000000;607.000000;1;644;1;645
nj3;1206151;0.000000;607.000000;1;67723;1;67724
nobel-eu-DBE;1206151;7662120.000000;-0.000000;2;90;0;90
noswot;1206151;-9.000000;0.000000;2;0;0;0
ns1111636;1206151;96.250000;19.250000;1;607;1;608
ns1116954;1206151;0.000000;144.400486;1;845;0;845
ns1208400;1206151;0.000000;89.166140;1;64;0;64
ns1430538;1206151;73.621609;10.155449;1;555;0;555
ns1456591;1206151;361.939022;19.000000;1;112;0;112
ns1606230;1206151;13.225000;182.603065;1;1796;0;1796
ns1631475;1206151;817.193748;716.662243;1;1313;0;1313
ns1663818;1206151;1.000000;9.141146;1;6003;3;6006
ns1679495;1206151;3337055.001914;100.246101;2;48823;2;48825
ns1685374;1206151;-51.800913;96.218654;1;53621;1;53622
ns1688347;1206151;2.000000;5.051506;1;57;0;57
ns1690781;1206151;-1022.785697;17.664172;2;180;0;180
ns1696083;1206151;2.000000;13.475541;1;147;0;147
ns1758913;1206151;-1501.183256;124.830251;1;7230;0;7230
ns1760995;1206151;-1379.173237;142.000000;1;21452;1;21453
ns1778858;1206151;-22635740.000000;227.465047;2;306;0;306
ns1828997;1206151;0.000000;75.000000;2;1108;1;1109
ns1830653;1206151;6153.000000;57.880312;1;143;0;143
ns1849932;1206151;546.000000;6.131653;1;1038;2;1040
ns1853823;1206151;1172000.000000;1386.000000;2;52911;10;52921
ns1854840;1206151;143199999999.999939;1139.473260;2;7156;7;7163
ns1856153;1206151;0.000000;254.167528;1;147;0;147
ns1904248;1206151;0.000000;854.146124;14;2822;19;2841
ns1905797;1206151;11.750980;19.650000;1;213;0;213
ns1905800;1206151;6.436600;16.364665;1;50;0;50
ns1952667;1206151;0.000000;10.112982;1;208;0;208
ns2017839;1206151;77026281754033.437500;1.017799;2;8104;0;8104
ns2034125;1206151;0.000000;796.623735;2;1917;0;1917
ns2071214;1206151;0.000000;60.238929;1;76;0;76
ns2081729;1206151;4.600000;0.852000;2;3;0;3
ns2122698;1206151;62785.622771;194.641858;1;559;0;559
ns2124243;1206151;53998.333333;195.416667;1;470;1;471
ns2137859;1206151;24629.000000;42.075016;1;768;2;770
ns4-pr3;1206151;36073.000000;12.000000;1;99;0;99
ns4-pr6;1206151;29145.750000;8.875000;1;30;0;30
ns4-pr9;1206151;35175.000000;10.000000;1;76;0;76
ns894236;1206151;18.000000;199.238568;2;374;0;374
ns894244;1206151;16.000000;340.564115;2;1219;0;1219
ns894786;1206151;14.000000;210.712983;2;1320;0;1320
ns894788;1206151;7.000000;91.946694;2;160;0;160
ns903616;1206151;22.000000;385.201946;2;1028;0;1028
nsa;1206151;91.447940;7.482504;1;6;0;6
nsr8k;1206151;17500809.511815;639.929911;1;8105;1;8106
nsrand-ipx;1206151;646400.000000;0.000000;2;60;1;61
nu120-pr12;1206151;38070.000000;13.695833;1;40;0;40
nu120-pr3;1206151;21306.442308;42.751022;1;117;0;117
nu120-pr9;1206151;19062.500000;28.652083;1;84;0;84
nu25-pr12;1206151;52757.500000;11.900000;1;45;0;45
nu4-pr9;1206151;35175.000000;22.513333;1;76;0;76
nu60-pr9;1206151;22850.000000;28.383333;1;83;0;83
nucorsav;1206151;29.046100;81.032136;2;81290;8;81298
nursesched-medium-hint03;1206151;33.468485;460.316255;1;1162;0;1162
nursesched-medium04;1206151;411.000000;279.979978;2;766;1;767
nursesched-sprint-hidden09;1206151;580.911765;177.875000;2;318;0;318
nursesched-sprint-late03;1206151;34.254806;178.177416;1;353;0;353
nursesched-sprint02;1206151;129.416667;125.437500;2;227;0;227
nw04;1206151;16310.666667;2.000000;1;257;1;258
ofi;1206151;6131846109.620631;1781.999298;135;9541;98;9639
ofi2;1206151;6124829152.731160;3158.688481;133;7200;133;7333
oocsp-racks030e6cci;1206151;0.000000;0.000000;1;213;3;216
opm2-z10-s2;1206151;-19912.000000;0.000000;5;24328;10;24338
opm2-z10-s4;1206151;-17801.000000;-0.000000;5;24276;10;24286
opm2-z11-s8;1206151;-24071.000000;0.000000;5;50062;13;50075
opm2-z12-s14;1206151;-37765.000000;-0.000000;6;121035;22;121057
opm2-z12-s7;1206151;-38383.000000;-0.000000;5;110634;18;110652
opm2-z12-s8;1206151;-34399.000000;-0.000000;6;109491;24;109515
opm2-z6-s1;1206151;-2356.000000;-0.000000;3;321;0;321
opm2-z7-s2;1206151;-7107.000000;-0.000000;5;844;2;846
opm2-z7-s8;1206151;-6856.000000;-0.000000;5;804;2;806
opm2-z8-s0;1206151;-7776.000000;-0.000000;4;3850;3;3853
opt1217;1206151;-20.021390;8.225490;1;1;0;1
osorio-cta;1206151;0.000000;0.000035;1;54;0;54
p0201;1206151;6875.000000;20.000000;1;1;0;1
p100x588b;1206151;58977.000000;0.000000;2;1;0;1
p200x1188c;1206151;15747.000000;0.000000;2;2;0;2
p2756;1206151;2763.000000;2.212891;2;5;0;5
p500x2988;1206151;72594.000000;0.000000;2;28;0;28
p500x2988c;1206151;17212.000000;-0.000000;2;25;0;25
p500x2988d;1206151;6.000000;0.000000;2;25;0;25
p6b;1206151;-53.000000;0.000000;3;33;0;33
p80x400b;1206151;45896.000000;-0.000000;2;1;0;1
pb-fit2d;1206151;-22372.476239;842.898884;1;7293;4;7297
pb-gfrd-pnc;1206151;8316.011268;30.700616;1;151;1;152
pb-grow22;1206151;-449681.200587;122.632175;1;454;0;454
pb-market-split8-70-4;1206151;0.000000;2.197219;1;0;0;0
pb-simp-nonunif;1206151;6.000000;513.500000;2;3992;21;4013
peg-solitaire-a3;1206151;1.000000;289.311002;1;385;0;385
pg;1206151;-11098.657382;17.215049;2;5;0;5
pg5_34;1206151;-16012.248077;18.476238;2;7;0;7
physiciansched3-3;1206151;2432694.766159;1299.771515;17;61316;31;61347
physiciansched3-4;1206151;1124678.224456;1152.371387;12;35147;18;35165
physiciansched5-3;1206151;5180.000000;1064.207020;3;1301;1;1302
physiciansched6-1;1206151;7500.000000;756.571528;2;809;5;814
physiciansched6-2;1206151;43012.500000;757.225000;2;668;5;673
pigeon-08;1206151;-8000.000000;8.259740;1;2;0;2
pigeon-10;1206151;-10000.000000;13.559596;1;2;0;2
pigeon-11;1206151;-11000.000000;16.690909;1;3;0;3
pigeon-12;1206151;-12000.000000;21.818182;1;3;0;3
pigeon-13;1206151;-13000.000000;24.000000;1;4;0;4
pigeon-16;1206151;-16000.000000;74.018182;1;5;0;5
pigeon-19;1206151;-19000.000000;59.036364;1;31;0;31
pigeon-20;1206151;-20000.000000;62.509091;1;33;0;33
piperout-03;1206151;68814.997590;435.327133;6;396;2;398
piperout-08;1206151;99128.924471;558.342366;32;416;9;425
piperout-27;1206151;6970.000000;1154.464464;12;587;7;594
piperout-d20;1206151;25533.842105;676.796097;2;1211;1;1212
piperout-d27;1206151;7083.116279;1022.542306;2;1546;1;1547
pk1;1206151;0.000000;2.794444;1;0;0;0
polygonpack3-15;1206151;-96519350.409320;30.691342;3;1494;1;1495
polygonpack4-10;1206151;-93676953.470100;20.423850;3;446;0;446
polygonpack4-15;1206151;-114052801.790860;40.321265;3;1476;1;1477
polygonpack4-7;1206151;-75324958.874200;9.351219;3;228;0;228
polygonpack5-15;1206151;-42382234.503540;24.151449;3;1845;1;1846
pp08a;1206151;15000.000000;-0.000000;2;0;0;0
pp08aCUTS;1206151;16630.402442;0.000000;2;2;0;2
probportfolio;1206151;5.000000;15.184084;2;3;0;3
prod1;1206151;-100.000000;6.724950;2;1;0;1
prod2;1206151;-100.000000;4.433874;2;1;0;1
proteindesign121hz512p19;1206151;3197.772133;67.382130;1;18400;57;18457
proteindesign121hz512p9;1206151;1423.904449;61.920249;1;723;4;727
proteindesign121pgb11p9;1206151;1173.710433;49.777201;1;566;2;568
proteindesign122trx11p8;1206151;1720.461105;46.268597;1;513;2;515
protfold;1206151;0.000000;35.000000;2;17;0;17
pw-myciel4;1206151;0.000000;65.596829;6;34;0;34
pythago7824;1206151;0.000000;580.777778;6;763;2;765
pythago7825;1206151;0.000000;586.777778;8;837;2;839
qap10;1206151;332.566228;55.000000;1;359;0;359
qiu;1206151;1805.177143;0.000000;2;4;0;4
qnet1;1206151;98035.870000;7.221868;2;14;0;14
qnet1_o;1206151;96705.120000;-0.000000;2;5;0;5
queens-30;1206151;-30.000000;0.000000;3;200;2;202
r4l4-02-tree-bounds-50;1206151;510876207.000000;651.016667;2;49;0;49
r50x360;1206151;2016.000000;-0.000000;2;1;0;1
r80x800;1206151;5520.000000;-0.000000;2;1;0;1
radiationm18-12-05;1206151;17554.500000;196.038066;1;195;0;195
radiationm40-10-02;1206151;155306.700000;933.533000;1;1197;4;1201
rail01;1206151;-92.087300;2555.823708;1;10738;3;10741
rail02;1206151;-206.610200;3001.898333;1;128937;8;128945
rail03;1206151;-920.273762;12426.061971;1;169240;23;169263
rail507;1206151;216.000000;-0.000000;3;678;8;686
railway_8_1_0;1206151;397.000000;64.534158;3;10;0;10
ramos3;1206151;440.000000;-0.000000;3;1399;0;1399
ran12x21;1206151;4080.000000;0.000000;2;0;0;0
ran13x13;1206151;3521.000000;0.000000;2;0;0;0
ran14x18-disj-8;1206151;12451.012696;0.000000;2;20;0;20
ran14x18;1206151;4265.000000;0.000000;2;0;0;0
ran16x16;1206151;4333.000000;0.000000;2;0;0;0
rd-rplusc-21;1206151;100.000000;4.122769;1;521;0;521
reblock115;1206151;-39365983.337347;271.565472;1;204;0;204
reblock166;1206151;-886882876.965829;382.279623;1;512;0;512
reblock354;1206151;-39640995.765204;569.832903;3;848;0;848
reblock420;1206151;-886535897.522137;986.979676;1;2376;0;2376
reblock67;1206151;-39339910.923037;159.950504;1;52;0;52
rfds-4-days;1206151;-1158940.978167;54.113757;1;65086;8;65094
rlp1;1206151;13.244444;9.961905;1;1;0;1
rmatr100-p10;1206151;360.593308;9.692735;1;230;0;230
rmatr100-p5;1206151;762.040054;5.000000;1;551;0;551
rmatr200-p10;1206151;1550.620783;10.000000;1;10651;0;10651
rmatr200-p20;1206151;688.357943;19.982266;1;4066;0;4066
rmatr200-p5;1206151;3283.653831;5.000000;1;11271;0;11271
rmine10;1206151;-1926.821009;886.351115;2;4095;1;4096
rmine11;1206151;-2500.979506;1242.124910;263;12160;168;12328
rmine13;1206151;-3504.619914;1108.274293;2;40846;2;40848
rmine14;1206151;-4303.775099;2185.336180;6151;97123;8582;105705
rmine15;1206151;-5041.160176;4256.942532;4;177927;10;177937
rmine6;1206151;-437.471884;60.131684;5;128;0;128
rocI-3-11;1206151;-111086.671772;559.283036;1;48;0;48
rocI-4-11;1206151;-11111086.671772;810.679039;1;63;0;63
rocII-10-11;1206151;-11.974865;306.103805;1;506;0;506
rocII-4-11;1206151;-11.937162;82.500000;1;140;0;140
rocII-5-11;1206151;-11.949730;122.235744;1;185;0;185
rocII-7-11;1206151;-11.964093;207.332190;1;350;0;350
rocII-8-11;1206151;-11.968581;244.702313;1;433;0;433
rocII-9-11;1206151;-11.972072;276.465408;1;468;0;468
rococoB10-011000;1206151;8350.199468;49.840978;1;120;0;120
rococoC10-001000;1206151;7515.271029;14.886765;1;58;0;58
rococoC11-010100;1206151;8773.206543;49.895810;1;159;0;159
rococoC11-011100;1206151;9024.205406;56.603390;1;127;0;127
rococoC12-010001;1206151;26787.292147;50.829414;1;211;0;211
rococoC12-111000;1206151;27337.357381;53.501346;1;323;0;323
roi2alpha3n4;1206151;-80.526722;7.807845;2;716;0;716
roi5alpha10n8;1206151;-87.787142;16.000000;2;2154;3;2157
roll3000;1206151;11097.127677;46.776510;3;37;0;37
rout;1206151;981.864286;9.898077;1;2;0;2
rpp22falsei;1206151;0.000000;0.000000;1;38;0;38
rvb-sub;1206151;11.206514;4.571429;1;649;0;649
s100;1206151;-0.171097;43.263533;1;26371;8;26379
s1234;1206151;0.361925;1.578294;6;1878;1;1879
s250r10;1206151;-0.166732;112.777088;2;10517;8;10525
s55;1206151;-22.151773;0.000000;1;1745;9;1754
s82;1206151;-33.833613;638.111555;2;204816;52;204868
satellites1-25;1206151;-20.000000;46.054099;1;133;0;133
satellites2-25;1206151;-30.000000;232.549845;1;4558;0;4558
satellites2-40;1206151;-30.000000;128.145498;1;16192;1;16193
satellites2-60-fs;1206151;-30.000000;502.252135;1;2853;1;2854
satellites2-60;1206151;-30.000000;313.609113;1;17446;1;17447
satellites3-25;1206151;-39.000000;981.495523;1;205696;2;205698
satellites3-40-fs;1206151;-39.000000;956.482639;1;30041;3;30044
satellites3-40;1206151;-39.000000;963.650088;1;211022;2;211024
savsched1;1206151;22586.498620;0.000000;2;120136;28;120164
scpj4scip;1206151;183.000000;-0.000000;3;1210;26;1236
scpk4;1206151;389.000000;0.000000;3;2590;25;2615
scpl4;1206151;360.000000;-0.000000;3;4836;43;4879
scpm1;1206151;774.000000;0.000000;3;45553;127;45680
scpn2;1206151;741.000000;-0.000000;3;72624;276;72900
sct1;1206151;-218.139003;91.325460;1;1413;0;1413
sct2;1206151;-231.116964;15.708827;1;65;0;65
sct31;1206151;-31.962662;31.547827;1;175;0;175
sct32;1206151;-62.990833;53.144038;1;646;0;646
sct5;1206151;-228.176552;31.924007;2;272;0;272
seqsolve1;1206151;4376.282987;371.073706;19;4044;36;4080
seqsolve2short4288;1206151;4.450000;440.788269;4;2757;11;2768
seqsolve3short4288excess384;1206151;-46401.234768;425.509375;7;12803;15;12818
set1ch;1206151;110241.500000;-0.000000;2;1;0;1
set3-09;1206151;1263.077974;49.748593;3;40;0;40
set3-10;1206151;788.890655;50.612990;3;57;0;57
set3-15;1206151;8364.040745;53.876403;3;43;0;43
set3-16;1206151;9916.808562;58.149187;3;42;0;42
set3-20;1206151;10347.381087;53.849605;3;42;0;42
seymour-disj-10;1206151;435.000001;0.000002;2;1691;0;1691
seymour;1206151;454.000000;-0.000000;3;198;0;198
seymour1;1206151;422.819841;-0.000000;3;213;0;213
shiftreg1-4;1206151;131.656032;300.178571;1;45;0;45
shiftreg2-7;1206151;206.733052;275.753282;1;68;0;68
shiftreg5-1;1206151;520.839888;632.617991;1;318;0;318
shipsched;1206151;0.000000;2.147365;5;135;1;136
shipschedule3shipsi;1206151;-265650.000000;0.000000;1;35;0;35
shipschedule6shipsmixi;1206151;-301650.000000;0.000000;1;52;1;53
shipschedule8shipsmixuci;1206151;-401100.000000;0.000000;1;77;1;78
shs1014;1206151;22137.410363;350.541667;1;175175;9;175184
shs1042;1206151;9455.525826;684.883411;1;67794;11;67805
siena1;1206151;10163179.229002;146.859338;1;1611;0;1611
sing11;1206151;18640171.224643;331.879469;1;8188;4;8192
sing161;1206151;19071259.113927;996.464534;1;64453;20;64473
sing17;1206151;35483848.876514;554.751047;1;30935;10;30945
sing2;1206151;17150914.716940;252.506822;1;1520;0;1520
sing245;1206151;25024015.754083;519.079791;1;12168;5;12173
sing326;1206151;7717674.801189;203.886687;1;2730;1;2731
sing359;1206151;22534478.962498;1259.613224;1;81039;16;81055
sing44;1206151;8102513.219400;177.330369;1;3017;1;3018
sing5;1206151;18418516.013137;272.410096;1;3625;3;3628
snip10x10-35r1budget17;1206151;30.000000;2.533333;1;475;0;475
snp-02-004-104;1206151;548044802.975090;10.217187;2;4025;0;4025
snp-04-052-052;1206151;728196432.049806;735.582559;2;3631;1;3632
snp-06-004-052;1206151;1787138156.580973;33.734354;2;6155;1;6156
snp-10-004-052;1206151;5842625068.205259;48.106063;2;15077;2;15079
snp-10-052-052;1206151;5842626434.046261;1694.316668;2;16129;3;16132
sorrell3;1206151;-11.000000;0.000000;3;662;9;671
sorrell4;1206151;-16.000000;0.000000;3;2877;30;2907
sorrell7;1206151;-138.000000;0.000000;3;367;4;371
sorrell8;1206151;-259.000000;0.000000;3;77;1;78
sp150x300d;1206151;71.000000;0.000000;2;0;0;0
sp97ar;1206151;972940668.520160;1.064266;3;604;0;604
sp97ic;1206151;693946430.807546;1.277104;3;454;0;454
sp98ar;1206151;708064186.862341;1.533328;16;613;2;615
sp98ic;1206151;749699665.216431;1.781976;4;363;0;363
sp98ir;1206151;270542181.322102;8.206982;4;60;0;60
splice1k1;1206151;-1646.777979;8.512635;1;18183;7;18190
splice1k1i;1206151;-1654.000000;0.000000;1;196;6;202
square23;1206151;8.333333;12.444444;1;137;0;137
square31;1206151;8.500000;13.750000;1;913;0;913
square37;1206151;8.666667;15.000000;1;2612;1;2613
square41;1206151;8.839612;15.068891;1;3856;1;3857
square47;1206151;8.755814;15.976744;1;6566;1;6567
stoch-vrpvrp-s5v2c8vrp-v2c8i;1206151;0.000000;119.181818;1;29;0;29
stockholm;1206151;173.000000;0.000000;2;479;0;479
stp3d;1206151;604.886283;537.229946;2;24698;7;24705
sts405;1206151;357.000000;0.000000;2;562;2;564
sts729;1206151;665.000000;0.000000;2;3520;5;3525
supportcase1;1206151;20078.000000;0.020624;2;315;3;318
supportcase10;1206151;3.383924;1850.997936;1;10086;2;10088
supportcase11;1206151;-25.979452;762069.000000;1;293301;321;293622
supportcase12;1206151;-7609.533054;55.569104;1;1552;1;1553
supportcase14;1206151;272.000000;9.894737;1;3;0;3
supportcase16;1206151;272.000000;9.000000;1;2;0;2
supportcase17;1206151;0.000000;88.929601;2;10;0;10
supportcase18;1206151;87.000000;9.141806;2;62;0;62
supportcase19;1206151;12677206.000000;370.390975;1;27454;28;27482
supportcase2;1206151;0.000000;7.750000;1;9354;0;9354
supportcase20;1206151;2442.144012;4.882860;1;18;0;18
supportcase23;1206151;-12952.000000;674.436182;1;1589;0;1589
supportcase25;1206151;0.036932;10.829622;1;97;0;97
supportcase26;1206151;1288.102161;0.009948;2;1;0;1
supportcase27i;1206151;0.000000;0.028235;1;2;0;2
supportcase3;1206151;0.000000;754.600046;3;216;0;216
supportcase30;1206151;0.000000;102.857020;1;59;0;59
supportcase31;1206151;-1120655.076000;0.000000;3;1788;57;1845
supportcase33;1206151;-468.462990;67.367519;2;463;0;463
supportcase34;1206151;72.664116;328.063419;1;1206;0;1206
supportcase35;1206151;77847.333333;96.000000;2;132;0;132
supportcase37;1206151;-5865.764096;28.093523;2;829;0;829
supportcase39;1206151;-1062330.369524;22.808785;5;102;1;103
supportcase4;1206151;0.000000;537.153071;3;199;0;199
supportcase40;1206151;22536.483379;19.000000;1;255;0;255
supportcase41;1206151;28.000000;24.340373;5;307;0;307
supportcase42;1206151;7.343539;48.081295;1;1589;0;1589
supportcase43;1206151;0.000000;48.147044;2;50483;3;50486
supportcase6;1206151;45090.732163;30.239669;1;1367;2;1369
supportcase7;1206151;-2396.218213;53.147310;2;1890;0;1890
swath;1206151;334.496858;2.200000;1;34;0;34
swath1;1206151;334.496858;0.600000;1;35;0;35
swath2;1206151;334.496858;0.700000;1;34;0;34
swath3;1206151;334.496858;0.800000;1;33;0;33
t1717;1206151;134531.021428;79.098998;1;276;1;277
t1722;1206151;98815.407611;52.399108;1;147;0;147
ta1-UUM;1206151;3693674.556772;4.190418;1;3;0;3
ta2-UUE;1206151;41427354.755773;0.680983;2;141;0;141
tanglegram1;1206151;0.000000;146.000000;1;246;1;247
tanglegram2;1206151;0.000000;74.000000;1;35;0;35
tanglegram4;1206151;0.000000;214.000000;1;838;1;839
tanglegram6;1206151;0.000000;100.000000;1;60;0;60
tbfp-bigm;1206151;-178.153988;30.000000;1;275;0;275
tbfp-network;1206151;23.261535;31.000000;1;825;1;826
Test3;1206151;2669532.692462;22.368722;2;251;0;251
thor50dday;1206151;204179.000000;-0.000000;2;253;3;256
timtab1;1206151;1234325.333333;18.450000;2;1;0;1
timtab1CUTS;1206151;613590.095426;35.885811;2;3;0;3
timtab2;1206151;1487304.333333;29.783333;2;1;0;1
tokyometro;1206151;11100.000000;251.050363;2;75;0;75
toll-like;1206151;0.000000;339.500000;1;37;0;37
tpl-tub-ss16;1206151;767142.064340;2148.906605;2;90940;24;90964
tpl-tub-ws1617;1206151;648834.718392;2262.455897;2;120014;29;120043
tr12-30;1206151;188435.464884;3.580258;2;1;0;1
traininstance2;1206151;0.000000;641.708827;2;57;0;57
traininstance6;1206151;0.000000;381.122112;2;43;0;43
transportmoment;1206151;-70929535815.380005;783.890174;2;203;0;203
trento1;1206151;5182758.848056;76.181959;1;590;0;590
triptim1;1206151;22.868087;2090.375000;1;9787;1;9788
triptim2;1206151;10.866359;807.547954;1;10174;1;10175
triptim3;1206151;13.511741;809.069096;1;11127;1;11128
triptim4;1206151;9.207022;595.626838;1;12241;1;12242
triptim7;1206151;2336.732602;612.910017;2;13168;2;13170
triptim8;1206151;2336.754853;584.347661;2;11851;2;11853
tw-myciel4;1206151;3.838028;125.987676;4;165;0;165
uc-case11;1206151;611267.013003;118.928617;1;2670;0;2670
uc-case3;1206151;7181.264177;95.341586;1;2004;0;2004
uccase10;1206151;38988.693469;403.985961;1;2597;0;2597
uccase12;1206151;11507.285324;38.320000;1;2125;0;2125
uccase7;1206151;26527.789654;162.379998;1;3472;0;3472
uccase8;1206151;11142.163196;63.982247;1;2753;0;2753
uccase9;1206151;10819.582997;76.021209;1;4253;0;4253
uct-subprob;1206151;242.000000;56.889019;1;43;0;43
umts;1206151;91618146.215272;77.667697;2;49;0;49
unitcal_7;1206151;19387754.848556;143.965819;2;824;0;824
usAbbrv-8-25_70;1206151;95.000000;138.115058;3;32;0;32
usafa;1206151;11.961749;2881.373487;2;51829;25;51854
v150d30-2hopcds;1206151;52.000000;-0.000000;3;107;1;108
van;1206151;1.723520;5.404444;1;2386;0;2386
var-smallemery-m6j6;1206151;-156.056268;90.190835;2;1243;0;1243
vpm2;1206151;13.372866;5.698001;2;1;0;1
vpphard;1206151;0.000000;125.275000;1;205;1;206
vpphard2;1206151;0.000000;224.687229;1;619;4;623
wachplan;1206151;-9.000000;69.499445;1;42;0;42
wnq-n100-mw99-14;1206151;198.078947;81.026316;3;4761;1;4762
xmas10-2;1206151;-548.904684;180.189643;1;228;0;228
xmas10;1206151;-449.397905;132.337672;7;192;0;192
z26;1206151;-971.000000;0.000000;3;2630;36;2666
zeil;1206151;813.510308;818.357568;2;86551;9;86560
zib54-UUE;1206151;19164366.000000;-0.000000;2;41;0;41
