Instance;Seed;Cost;Fractionality;Rounds;LPtime(ms);ZItime(ms);SumLPZI(ms)
10teams;1206151;917.000000;36.457830;1;28;0;28
22433;1206151;21552.708079;24.962328;5;6;0;6
23588;1206151;8342.863244;17.617619;4;3;0;3
2club200v15p5scn;1206151;-96.055556;38.611111;7;124;3;127
30n20b8;1206151;5530.000000;16.175931;2;84;0;84
30_70_45_05_100;1206151;112.000000;-0.000000;6;880;2;882
30_70_45_095_100;1206151;59.000000;-0.000000;6;888;2;890
30_70_45_095_98;1206151;438.000000;0.000000;7;874;3;877
50v-10;1206151;1493601.476062;-0.000000;2;4;0;4
a1c1s1;1206151;20912.873333;0.041667;2;32;0;32
a2c1s1;1206151;20866.082500;0.000000;2;35;0;35
ab51-40-100;1206151;-6525415131.000002;-0.000000;3;945;1;946
ab67-40-100;1206151;-7141459514.000005;-0.000000;3;2510;1;2511
ab69-40-100;1206151;-7136789852.999997;-0.000000;3;2222;1;2223
ab71-20-100;1206151;-6524437227.000000;-0.000000;3;1302;0;1302
ab72-40-100;1206151;-7018756084.000008;-0.000000;3;3339;1;3340
academictimetablebig;1206151;32.000000;1997.079231;2;3218;7;3225
academictimetablesmall;1206151;0.000000;324.856010;2;233;1;234
acc-tight2;1206151;0.000000;129.034401;1;35;0;35
acc-tight4;1206151;0.000000;135.271717;1;60;0;60
acc-tight5;1206151;0.000000;121.269585;1;269;0;269
acc-tight6;1206151;0.000000;123.251301;1;402;0;402
adult-max5features;1206151;0.081316;0.266955;1;930;2;932
adult-regularized;1206151;0.077684;0.234052;1;1965;1;1966
aflow30a;1206151;983.167425;6.510845;1;5;0;5
aflow40b;1206151;1005.664817;8.247724;1;24;0;24
air03;1206151;338864.250000;11.875000;1;72;0;72
air04;1206151;55535.436388;52.288553;1;267;0;267
air05;1206151;25877.609268;46.215654;1;179;0;179
aligninq;1206151;2755.000000;40.921868;7;17;0;17
allcolor10;1206151;6.000000;749.769481;2;178;1;179
allcolor58;1206151;42.000000;3883.602450;1;1257;4;1261
amaze22012-03-15i;1206151;0.000000;0.000000;1;41;1;42
amaze22012-06-28i;1206151;0.000000;0.000000;1;23;0;23
amaze22012-07-04i;1206151;0.000000;0.000000;1;27;0;27
app1-1;1206151;-2.000000;0.179678;3;58;0;58
app1-2;1206151;-23.000000;0.000001;2;4142;0;4142
app2-1;1206151;19298.500000;0.000000;2;36;0;36
app2-2;1206151;219402.500000;0.000000;3;1;0;1
app3;1206151;5627412.287938;3.142492;1;42;0;42
arki001;1206151;7579599.807787;17.164714;1;32;0;32
assign1-10-4;1206151;353.992926;52.000000;1;36;0;36
assign1-5-8;1206151;183.362555;24.000000;1;2;0;2
atlanta-ip;1206151;81.243206;325.689509;3;4501;3;4504
atm20-100;1206151;2141734.684878;124.301066;2;88;0;88
australia-abs-cta;1206151;0.000000;39.202778;1;84;0;84
b-ball;1206151;-1.818182;4.818182;1;0;0;0
b1c1s1;1206151;69966.450000;0.000000;2;33;0;33
b2c1s1;1206151;70651.010000;0.000000;2;35;0;35
bab1;1206151;-286923.824223;50.520000;1;274;1;275
bab2;1206151;-350926.440227;560.525267;2;8539;5;8544
bab3;1206151;-579370.271196;518.325237;2;33006;12;33018
bab5;1206151;-111134.599976;185.900250;2;519;0;519
bab6;1206151;-224575.783183;667.210836;2;6123;3;6126
bc;1206151;13.063318;0.063318;2;108;0;108
bc1;1206151;6.455580;0.016336;2;101;0;101
beasleyC1;1206151;102.000000;0.000000;2;2;0;2
beasleyC2;1206151;232.000000;0.000000;2;2;0;2
beasleyC3;1206151;958.000000;-0.000000;2;3;0;3
beavma;1206151;407840.400000;0.000000;3;1;0;1
berlin;1206151;1741.000000;0.000000;2;27;0;27
berlin_5_8_0;1206151;52.000000;70.733830;3;5;0;5
bg512142;1206151;323992.007013;52.989642;3;27;0;27
biella1;1206151;3060037.430763;98.771008;1;251;0;251
bienst1;1206151;11.724138;4.390524;1;2;0;2
bienst2;1206151;11.724138;5.390524;1;2;0;2
binkar10_1;1206151;6637.188027;9.084811;1;7;0;7
blend2;1206151;7.489992;0.492283;2;0;0;0
bley_xl1;1206151;265.699568;343.861165;6;22087;5;22092
bley_xs1;1206151;213538830.272187;107.270480;3;146;0;146
bley_xs1noM;1206151;260783449.512445;78.388210;8;118;0;118
bley_xs2;1206151;48593009.277766;66.021410;2;19;0;19
blp-ar98;1206151;14303.194003;9.189386;9;100;1;101
blp-ic97;1206151;6123.238237;3.473359;16;79;1;80
blp-ic98;1206151;14141.050706;0.100000;4;133;1;134
blp-ir98;1206151;5639.818879;2.497817;2;41;0;41
bmocbd;1206151;-32041010095048.539062;0.000000;1;704;6;710
bmocbd2;1206151;-31953009810558.203125;0.000000;1;677;6;683
bmocbd3;1206151;45423160355.815491;0.000000;3;16344;15;16359
bmoipr2;1206151;-46628940.711141;0.184434;3;81;1;82
bnatt350;1206151;0.000000;93.793362;6;64;0;64
bnatt400;1206151;0.000000;109.069591;9;76;1;77
bppc4-08;1206151;51.590000;9.776528;1;17;0;17
bppc6-02;1206151;108.340000;11.886994;1;144;0;144
bppc6-06;1206151;200.633333;14.947367;1;169;0;169
bppc8-02;1206151;486.500000;3.204377;1;1;0;1
bppc8-09;1206151;444.436047;5.981230;1;5;0;5
brasil;1206151;31819.000000;0.000000;2;27;0;27
brazil3;1206151;2.000000;656.675844;1;979;0;979
breastcancer-regularized;1206151;0.000460;0.002809;1;8;0;8
bts4-cta;1206151;33524.637606;1130.000000;1;596;0;596
buildingenergy;1206151;33246.215059;1468.850000;2;15895;3;15898
cap6000;1206151;-2444651.000000;0.000000;3;44;0;44
cbs-cta;1206151;0.000000;27.746030;1;109;0;109
cdc7-4-3-2;1206151;-232.000000;-0.000000;3;36339;4;36343
chromaticindex1024-7;1206151;4.000000;16002.682953;2;2357;8;2365
chromaticindex128-5;1206151;4.000000;2021.163699;2;137;1;138
chromaticindex256-8;1206151;4.000000;4069.477083;2;376;2;378
chromaticindex32-8;1206151;4.000000;504.887500;2;17;0;17
chromaticindex512-7;1206151;4.000000;8183.527137;2;1094;3;1097
ci-s4;1206151;4.963809;19.526141;2;65;0;65
circ10-3;1206151;140.000000;155.071429;1;173;0;173
cmflsp40-24-10-7;1206151;52605868.952858;70.700930;3;354;0;354
cmflsp40-36-2-10;1206151;72898024.959478;295.649246;3;773;0;773
cmflsp50-24-10-4;1206151;64492612.641644;81.236085;3;352;0;352
cmflsp50-24-8-8;1206151;59814378.749021;131.869460;3;342;0;342
cmflsp60-36-2-6;1206151;97887903.946142;370.689759;3;1646;0;1646
CMS750_4;1206151;250.000000;258.584847;3;116;0;116
co-100;1206151;1250429.774879;9.799423;2;264;1;265
cod105;1206151;-8.000000;0.000000;3;481;1;482
comp07-2idx;1206151;0.000000;139.650000;2;1296;0;1296
comp08-2idx;1206151;0.000000;189.588538;3;158;1;159
comp12-2idx;1206151;16.000000;251.466598;3;1363;1;1364
comp16-3idx;1206151;4.000000;720.391848;1;8552;1;8553
comp21-2idx;1206151;0.000000;197.950000;2;820;0;820
control30-3-2-3;1206151;-20763026.787568;27.970540;1;5;0;5
core2536-691;1206151;796.000000;-0.000000;3;1470;3;1473
core2586-950;1206151;1150.000000;-0.000000;3;868;2;870
core4284-1064;1206151;1312.000000;-0.000000;3;4945;4;4949
core4872-1529;1206151;1869.000000;-0.000000;3;2813;4;2817
cost266-UUE;1206151;42001606.280000;-0.000000;2;86;0;86
cov1075;1206151;56.000000;0.000000;3;6;0;6
cryptanalysiskb128n5obj16;1206151;0.000000;7174.215397;2;829;5;834
csched007;1206151;269.251587;22.185714;1;38;0;38
csched008;1206151;171.000000;19.560203;1;10;0;10
csched010;1206151;332.422727;19.770202;1;36;0;36
cvrpa-n64k9vrpi;1206151;0.000000;206.143617;1;352;1;353
cvrpb-n45k5vrpi;1206151;0.000000;154.740458;1;149;0;149
cvrpp-n16k8vrpi;1206151;0.000000;50.204545;1;36;0;36
cvrpsimple2i;1206151;0.000000;19.850000;1;3;0;3
cvs08r139-94;1206151;-24.000000;-0.000000;3;16;0;16
cvs16r106-72;1206151;-10.000000;-0.000000;3;28;0;28
cvs16r128-89;1206151;-11.000000;-0.000000;3;35;0;35
cvs16r70-62;1206151;-5.000000;0.000000;3;28;0;28
cvs16r89-60;1206151;-7.000000;0.000000;3;28;0;28
d10200;1206151;12425.583005;34.236879;1;56;0;56
d20200;1206151;12229.625788;62.339279;1;324;0;324
dale-cta;1206151;0.000000;0.004764;1;323;0;323
dano3mip;1206151;576.231620;15.294513;1;1650;0;1650
dano3_3;1206151;576.231620;1.932181;1;1693;0;1693
dano3_5;1206151;576.231620;2.871834;1;1742;0;1742
danoint;1206151;62.637280;5.819184;1;12;0;12
dc1c;1206151;1754946.863638;139.834191;1;276;0;276
dc1l;1206151;522111659.267954;-0.000000;3;1143;11;1154
dcmulti;1206151;184858.396836;12.823814;3;3;0;3
decomp1;1206151;-120.000000;98.000000;1;47;0;47
decomp2;1206151;-160.000000;93.138889;1;53;0;53
dfn-bwin-DBE;1206151;797567.400000;0.000000;2;35;0;35
dfn-gwin-UUM;1206151;27467.257235;5.653537;1;1;0;1
dg012142;1206151;5895516.340434;39.442147;5;211;0;211
diameterc-mstc-v20a190d5i;1206151;291.000000;56.700000;1;34;0;34
diameterc-msts-v40a100d5i;1206151;324.000000;100.121212;1;35;0;35
disctom;1206151;-5000.000000;51.166667;1;231;0;231
disktom;1206151;-5000.000000;51.166667;1;206;0;206
dolom1;1206151;6556066.068315;110.606017;1;456;0;456
drayage-100-12;1206151;21458.311901;45.375525;1;63;0;63
drayage-100-23;1206151;11714.141979;44.659861;1;134;0;134
drayage-25-23;1206151;11714.141979;44.421956;1;143;0;143
drayage-25-27;1206151;26785.797043;41.335416;1;59;0;59
drayage-25-32;1206151;32519.997253;41.203921;1;65;0;65
ds-big;1206151;86.820068;30.669231;1;8049;3;8052
ds;1206151;57.234565;33.463549;1;1145;1;1146
dws008-01;1206151;708.876687;16.484655;2;65;0;65
dws008-03;1206151;717.896796;9.217365;2;147;0;147
dws012-01;1206151;3450.401707;26.235704;2;121;0;121
dws012-02;1206151;1584.690892;16.166549;2;214;0;214
dws012-03;1206151;1998.123968;18.170643;2;297;1;298
eil33-2;1206151;811.278996;3.615630;1;36;0;36
eilA101-2;1206151;803.373888;7.408683;1;903;1;904
eilB101;1206151;1075.247691;12.807028;1;22;0;22
eilC76-2;1206151;725.754458;7.780208;1;277;0;277
ej;1206151;1.000000;0.243844;1;0;0;0
elitserienhandball11i;1206151;0.000000;1421.352265;1;252;0;252
elitserienhandball13i;1206151;0.000000;1357.692232;1;253;0;253
elitserienhandball14i;1206151;0.000000;1543.757700;1;262;0;262
elitserienhandball3i;1206151;0.000000;1525.315516;1;251;1;252
enlight13;1206151;0.000000;0.500000;1;0;0;0
enlight15;1206151;0.000000;0.500000;1;0;0;0
enlight8;1206151;0.000000;0.500000;1;0;0;0
enlight_hard;1206151;0.000000;14.500000;1;0;0;0
eva1aprime5x5opt;1206151;-497.247729;0.959853;1;354;0;354
eva1aprime6x6opt;1206151;-495.492430;9.408398;1;1793;0;1793
ex10;1206151;100.000000;100.000000;1;17439;1;17440
ex1010-pi;1206151;304.000000;0.000000;3;715;3;718
ex9;1206151;81.000000;81.000000;1;1677;1;1678
exp-1-500-5-5;1206151;97666.305541;4.045842;2;2;0;2
f2000;1206151;1383.000000;1280.000000;2;3670;0;3670
f2gap201600;1206151;76429.862296;1.402159;1;3;0;3
f2gap401600;1206151;82274.237434;1.190020;1;4;0;4
f2gap40400;1206151;20650.898154;3.253580;1;1;0;1
f2gap801600;1206151;86570.120867;5.266841;1;5;0;5
fast0507;1206151;214.000000;-0.000000;3;570;9;579
fastxgemm-n2r6s0t2;1206151;27.000000;9.000000;1;34;0;34
fastxgemm-n2r7s4t1;1206151;27.000000;9.000000;1;35;0;35
fastxgemm-n3r21s3t6;1206151;84.000000;27.000000;1;2349;0;2349
fastxgemm-n3r22s4t6;1206151;84.000000;27.000000;1;2589;0;2589
fastxgemm-n3r23s5t6;1206151;84.000000;27.000000;1;2595;0;2595
fhnw-binpack4-48;1206151;0.000000;333.285714;2;129;0;129
fhnw-binpack4-58;1206151;0.000000;467.321429;2;136;0;136
fhnw-binpack4-77;1206151;0.000000;207.310714;2;110;0;110
fhnw-binschedule0;1206151;12632.888779;685.581929;3;11569;14;11583
fhnw-binschedule2;1206151;1706.886254;154.751416;3;194;1;195
fhnw-schedule-paira100;1206151;-36.643681;5.147307;2;140;0;140
fhnw-schedule-paira200;1206151;-73.826479;8.938667;2;270;3;273
fhnw-schedule-paira400;1206151;-146.941079;19.264310;2;1187;11;1198
fhnw-schedule-pairb200;1206151;-73.826479;516.184695;2;1130;3;1133
fhnw-schedule-pairb400;1206151;-146.941079;2338.646383;2;7527;12;7539
fhnw-sq2;1206151;0.000000;15.527645;1;4;0;4
fiball;1206151;137.069168;68.996028;1;126;0;126
fiber;1206151;1023943.760000;9.839127;2;3;0;3
fillomino7x7-0i;1206151;0.000000;0.000000;1;33;0;33
fixnet6;1206151;12170.000000;-0.000000;2;1;0;1
fjspeasy01i;1206151;216.000000;0.000000;1;42;0;42
flugpl;1206151;1167185.725592;3.538918;1;0;0;0
g200x740;1206151;45614.000000;-0.000000;2;2;0;2
g200x740i;1206151;44069.000000;-0.000000;2;2;0;2
gasprod1-1;1206151;4861.104633;51.656628;7885;802;2702;3504
gasprod1-2;1206151;1691.141291;51.497411;6853;562;811;1373
gasprod1-3;1206151;3682.336923;49.221179;8368;555;1065;1620
gasprod2-1;1206151;1306101.609201;404.201103;19;1765;7;1772
gasprod2-2;1206151;1330631.091637;502.800224;36;1878;16;1894
gen-ip002;1206151;-511.036897;0.000000;3;0;0;0
gen-ip016;1206151;-9505.628173;1.906914;1;0;0;0
gen-ip021;1206151;6642.052620;2.217259;4;0;0;0
gen-ip036;1206151;-2162.833562;0.000000;3;0;0;0
gen-ip054;1206151;8365.610388;1.135203;5;0;0;0
gen;1206151;112130.040664;7.929263;1;3;0;3
genus-g31-8;1206151;-27.000000;112.333333;1;990;0;990
genus-g61-25;1206151;-58.000000;262.979034;1;864;0;864
genus-sym-g31-8;1206151;-27.000000;154.805251;2;3976;0;3976
genus-sym-g62-2;1206151;-54.000000;255.080518;2;21815;2;21817
genus-sym-grafo5708-48;1206151;-27.000000;115.165439;1;1213;0;1213
ger50-17-ptp-pop-3t;1206151;3466.324873;45.213645;1;114;0;114
ger50-17-ptp-pop-6t;1206151;6804.447088;50.477969;1;113;0;113
ger50-17-trans-dfn-3t;1206151;3453.475245;37.741927;1;151;0;151
ger50-17-trans-pop-3t;1206151;3456.252922;49.487013;1;157;0;157
ger50_17_trans;1206151;6850.628623;48.226110;1;135;0;135
germanrr;1206151;46445702.956442;53.468182;2;603;0;603
germany50-DBM;1206151;438028.000000;23.400000;1;134;0;134
germany50-UUM;1206151;597932.500000;24.400000;1;32;0;32
gesa2-o;1206151;25748173.191117;13.380406;2;4;0;4
gesa2;1206151;25477017.874283;13.267370;2;6;0;6
gfd-schedulen180f7d50m30k18-16i;1206151;18.000000;108.385679;1;5607;39;5646
gfd-schedulen180f7d50m30k18;1206151;1.000000;5019.413851;2;3476;12;3488
gfd-schedulen25f5d20m10k3i;1206151;3.000000;13.619895;1;70;1;71
gfd-schedulen55f2d50m30k3i;1206151;3.000000;27.695911;1;157;1;158
ghoulomb4-9-10i;1206151;9.000000;0.000000;1;63;1;64
glass-sc;1206151;29.000000;0.000000;3;129;1;130
glass4;1206151;800002400.000000;2.059524;1;1;0;1
gmu-35-40;1206151;-2400283.756506;1.911023;2;9;0;9
gmu-35-50;1206151;-2606307.146543;3.420099;2;19;0;19
gmut-75-50;1206151;-14182312.661731;4.988967;1;612;1;613
gmut-76-40;1206151;-14171086.316075;9.054451;1;217;0;217
gmut-76-50;1206151;-14173884.188063;4.201959;1;463;2;465
gmut-77-40;1206151;-14173396.636852;2.973250;1;241;0;241
go19;1206151;95.000000;-0.000000;3;4;0;4
gr4x6;1206151;229.050000;-0.000000;2;0;0;0
graph20-20-1rand;1206151;-37.000000;48.000000;1;40;0;40
graph20-80-1rand;1206151;-117.000000;142.000000;1;1561;1;1562
graph40-20-1rand;1206151;-157.000000;185.500000;1;4311;2;4313
graph40-40-1rand;1206151;-300.000000;341.969290;1;104394;8;104402
graphdraw-domain;1206151;12672.000000;21.071817;1;2;0;2
graphdraw-gemcutter;1206151;4310.000000;15.521554;1;1;0;1
graphdraw-grafo2;1206151;35762.000000;368.152985;1;769;1;770
graphdraw-mainerd;1206151;30496.000000;97.975651;1;82;0;82
graphdraw-opmanager;1206151;54717.000000;207.745488;1;400;0;400
gsvm2rl11;1206151;35640.343493;0.000000;3;371;0;371
gsvm2rl12;1206151;50.000000;-0.000000;3;532;0;532
gsvm2rl3;1206151;0.600000;-0.000000;3;5;0;5
gsvm2rl5;1206151;10.000000;-0.000000;3;8;0;8
gsvm2rl9;1206151;16356.825869;0.000000;3;67;0;67
gt2;1206151;13460.233074;0.728107;1;0;0;0
h50x2450;1206151;11147.731511;3.696751;1;29;0;29
h80x6320;1206151;3700.000000;0.000000;1;26;0;26
h80x6320d;1206151;5325.160104;2.515625;1;42;0;42
hanoi5;1206151;1926.000000;332.000000;4;160;0;160
haprp;1206151;3665963.213506;96.940858;1;4;0;4
harp2;1206151;-74353341.502300;5.485338;1;6;0;6
hgms-det;1206151;-53824.391476;32.676364;1;229;0;229
hgms30;1206151;-53349.215497;60.694272;1;8846;0;8846
hgms62;1206151;-53416.649907;61.317531;1;26178;0;26178
hypothyroid-k1;1206151;-2902.852586;39.591978;1;7276;2;7278
ic97_potential;1206151;4089.000000;54.966667;2;3;0;3
ic97_tension;1206151;3911.000000;15.366667;2;2;0;2
icir97_potential;1206151;6612.000000;166.866667;2;40;0;40
icir97_tension;1206151;6302.000000;97.366667;2;3;0;3
iis-100-0-cov;1206151;35.000000;0.000000;3;95;0;95
iis-bupa-cov;1206151;46.000000;-0.000000;3;145;0;145
iis-glass-cov;1206151;26.000000;0.000000;3;111;1;112
iis-hc-cov;1206151;22.000000;0.000000;3;164;3;167
iis-pima-cov;1206151;39.000000;-0.000000;3;207;1;208
irp;1206151;12123.530222;6.000000;1;79;0;79
istanbul-no-cutoff;1206151;51.110000;3.607411;1;430;0;430
ivu06-big;1206151;135.427718;95.799872;1;56015;43;56058
ivu06;1206151;135.901353;97.120377;1;15464;16;15480
ivu52;1206151;480.250439;81.742183;1;6930;3;6933
ivu59;1206151;884.456993;122.893682;1;108616;58;108674
janos-us-DDM;1206151;1488134.750000;22.375000;1;9;0;9
k16x240;1206151;11359.000000;0.000000;2;0;0;0
k16x240b;1206151;12874.000000;0.000000;2;0;0;0
k1mushroom;1206151;-4165.061224;43.877551;1;16653;7;16660
k1mushroomi;1206151;-4208.000000;0.000000;1;179;6;185
khb05250;1206151;126785464.000000;0.000000;2;1;0;1
l2p12;1206151;2.000000;1091.539196;1;343;0;343
l2p1i;1206151;1.000000;333.207461;1;783;6;789
l2p2i;1206151;1.000000;616.416460;1;70;1;71
lectsched-1-obj;1206151;0.000000;5.975758;2;247;2;249
lectsched-1;1206151;0.000000;3.151515;2;194;2;196
lectsched-2;1206151;0.000000;17.149242;5;110;2;112
lectsched-3;1206151;0.000000;21.203788;6;218;4;222
lectsched-4-obj;1206151;0.000000;12.853788;6;71;1;72
lectsched-5-obj;1206151;0.000000;4.117424;2;212;2;214
leo1;1206151;1181219706.240000;-0.000000;3;79;1;80
leo2;1206151;1344214233.440000;0.000000;3;165;2;167
liu;1206151;346.000000;11.003653;2;5;0;5
loopha13;1206151;6.279000;1.102160;2;195;0;195
lotsize;1206151;1335747.052789;7.405615;2;5;0;5
lr1dr02vc05v8a-t360;1206151;120706.326475;174.298112;1;941;0;941
lr1dr04vc05v17a-t360;1206151;247111.692480;335.090553;1;1701;0;1701
lr1dr12vc10v70b-t360;1206151;983950.247945;1069.593454;1;47958;5;47963
lr2-22dr3-333vc4v17a-t60;1206151;-72838.215835;239.748662;2;41336;3;41339
lrn;1206151;42701141.648089;65.099086;2;483;0;483
m100n500k4r1;1206151;-20.000000;-0.000000;3;7;0;7
macrophage;1206151;0.000000;339.000000;1;31;0;31
mad;1206151;0.000000;3.254396;1;1;0;1
manna81;1206151;-10107.000000;0.000000;3;38;0;38
map06;1206151;-406.181173;7.868443;1;2373;1;2374
map10;1206151;-602.176181;11.248146;1;2753;1;2754
map14;1206151;-778.549324;11.962355;1;2167;0;2167
map14860-20;1206151;-998.836419;10.400693;1;2568;0;2568
map16715-04;1206151;-296.267898;4.997036;1;2802;1;2803
map18;1206151;-932.782685;11.173489;1;2271;0;2271
map20;1206151;-998.836419;10.400693;1;2477;0;2477
mappingmesh3x3mpeg2i;1206151;87.555556;87.202393;1;30;0;30
mario-t-hard5i;1206151;-4482.000000;20.339623;1;1377;1;1378
markshare1;1206151;230.000000;0.000000;2;0;0;0
markshare2;1206151;454.000000;-0.000000;2;0;0;0
markshare_4_0;1206151;226.000000;0.000000;2;0;0;0
markshare_5_0;1206151;337.000000;0.000000;2;0;0;0
mas74;1206151;10482.795280;3.103514;1;1;0;1
mas76;1206151;38893.903641;2.555097;1;1;0;1
maxgasflow;1206151;-70929535.900000;662.357640;2;57;0;57
mc11;1206151;13509.000000;-0.000000;2;28;0;28
mc7;1206151;5796.000000;-0.000000;2;32;0;32
mc8;1206151;1929.000000;-0.000000;2;30;0;30
mcsched;1206151;193774.753707;340.221655;1;126;0;126
methanosarcina;1206151;0.000000;313.000000;1;105;0;105
mik-250-1-100-1;1206151;-0.000000;0.000000;2;2;0;2
mik-250-20-75-1;1206151;-0.000000;0.000000;2;3;0;3
mik-250-20-75-2;1206151;-0.000000;-0.000000;2;3;0;3
mik-250-20-75-3;1206151;-0.000000;-0.000000;2;6;0;6
mik-250-20-75-4;1206151;-0.000000;-0.000000;2;4;0;4
mik-250-20-75-5;1206151;0.000000;-0.000000;2;3;0;3
milo-v12-6-r1-58-1;1206151;410986.648167;129.905800;1;95;0;95
milo-v12-6-r1-75-1;1206151;669700.757896;208.836475;1;124;0;124
milo-v12-6-r2-40-1;1206151;205532.322265;97.329375;1;61;0;61
milo-v13-4-3d-3-0;1206151;23359.288017;1.476277;1;12;0;12
milo-v13-4-3d-4-0;1206151;34031.171805;2.550972;1;23;0;23
mine-166-5;1206151;-821763677.673139;187.331384;1;218;0;218
mine-90-10;1206151;-887165318.510226;202.375368;1;165;0;165
mining;1206151;-880002941.351456;8441.692935;19530;125150;239301;364451
minutedispatchstrategy;1206151;1898.391429;412.137934;2;1127;1;1128
misc07;1206151;1415.000000;8.000000;1;2;0;2
mitre;1206151;114740.518481;224.156743;1;117;0;117
mkc;1206151;-581.850000;16.208843;3;32;0;32
mkc1;1206151;-611.850000;3.942199;3;34;0;34
mod010;1206151;6532.083333;14.166667;1;14;0;14
modglob;1206151;20786787.016883;-0.000000;2;2;0;2
moj-mining;1206151;-1520532907.350177;566.626558;2;44298;0;44298
momentum1;1206151;134660.011921;48.045264;2;1008;0;1008
momentum2;1206151;61266.821316;84.616225;3;721;1;722
momentum3;1206151;107721.824270;144.721031;3;8522;0;8522
mrcpspj30-15-5i;1206151;23.000000;189.992887;1;39;0;39
mrcpspj30-17-10i;1206151;25.000000;28.677778;1;42;0;42
mrcpspj30-53-3i;1206151;30.000000;43.135185;1;54;0;54
msc98-ip;1206151;19520966.151663;393.288169;2;2768;1;2769
mspp16;1206151;341.000000;1.241379;1;27814;0;27814
mspsphard01i;1206151;16.000000;0.000000;1;45;0;45
mspsphard03i;1206151;20.000000;0.000000;1;86;1;87
mtest4ma;1206151;60342.000000;0.000000;2;2;0;2
mushroom-best;1206151;0.000013;0.020200;1;482;0;482
mzzv11;1206151;-22556.460829;174.328454;2;428;0;428
mzzv42z;1206151;-18842.814586;198.473995;2;308;0;308
n13-3;1206151;14401970.000000;-0.000000;2;27;0;27
n15-3;1206151;71710891.000000;0.000000;2;3300;0;3300
n2seq36f;1206151;70600.000000;-0.000000;3;34;1;35
n2seq36q;1206151;121803.593822;43.392098;3;162;0;162
n3-3;1206151;24303430.000000;-0.000000;2;146;0;146
n3700;1206151;1342560.000000;0.000000;2;27;0;27
n3705;1206151;1342540.000000;0.000000;2;30;0;30
n3707;1206151;1301218.000000;0.000000;2;31;0;31
n3709;1206151;1324904.000000;-0.000000;2;31;0;31
n370a;1206151;1353042.000000;-0.000000;2;30;0;30
n370b;1206151;1373791.000000;-0.000000;2;29;0;29
n3div36;1206151;201600.000000;-0.000000;3;141;4;145
n3seq24;1206151;224833.068485;51.670786;3;2968;4;2972
n4-3;1206151;13501875.000000;-0.000000;2;53;0;53
n5-3;1206151;12301325.000000;-0.000000;2;15;0;15
n6-3;1206151;16502900.000000;-0.000000;2;39;0;39
n7-3;1206151;14704310.000000;-0.000000;2;46;0;46
n9-3;1206151;20703625.000000;-0.000000;2;138;0;138
nag;1206151;465.000000;13.770256;3;46;0;46
neos-1061020;1206151;-145860.370608;500.756757;1;844;0;844
neos-1067731;1206151;669053.000000;81.272727;1;524;0;524
neos-1109824;1206151;278.000000;22.000000;1;58;0;58
neos-1112782;1206151;22000000110147.347656;0.000000;2;23;0;23
neos-1112787;1206151;19500000125389.667969;0.000000;2;24;0;24
neos-1122047;1206151;161.000000;0.495966;2;559;0;559
neos-1171448;1206151;-309.000000;0.936995;2;87;0;87
neos-1171692;1206151;-273.000000;3.730892;2;41;0;41
neos-1171737;1206151;-195.000000;8.004699;2;46;0;46
neos-1225589;1206151;5000000000.000000;-0.000000;2;1;0;1
neos-1311124;1206151;-182.000000;5.000000;2;3;0;3
neos-1324574;1206151;4.500000;144.000000;1;37;0;37
neos-1330346;1206151;4.500000;76.500000;1;120;0;120
neos-1337307;1206151;-201272.000000;272.493985;2;55;0;55
neos-1354092;1206151;46.000000;238.398385;2;1056;0;1056
neos-1367061;1206151;31320456.264497;3.750000;2;1848;0;1848
neos-1396125;1206151;3000.053717;12.531496;2;7;0;7
neos-1420546;1206151;22124.400000;103.140678;1;399;0;399
neos-1420790;1206151;2942.750002;75.132359;1;51;0;51
neos-1423785;1206151;-1816.666667;311.971400;1;239;0;239
neos-1425699;1206151;3175204364.635297;5.264952;1;0;0;0
neos-1426635;1206151;-178.000000;6.429182;2;2;0;2
neos-1426662;1206151;-52.000000;10.501303;2;4;0;4
neos-1429212;1206151;30.000000;713.975748;1;5505;3;5508
neos-1430701;1206151;-78.000000;6.669599;2;2;0;2
neos-1436709;1206151;-129.000000;3.502607;2;3;0;3
neos-1440225;1206151;36.000000;33.503789;1;102;0;102
neos-1440460;1206151;-180.000000;4.859750;2;2;0;2
neos-1442119;1206151;-182.000000;2.580471;2;3;0;3
neos-1442657;1206151;-156.000000;4.002933;2;2;0;2
neos-1445532;1206151;-22877.000000;8.217460;2;84;0;84
neos-1445738;1206151;-24232.548846;16.301135;1;155;0;155
neos-1445743;1206151;-24579.832968;16.920281;1;146;0;146
neos-1445765;1206151;-24699.197660;17.625849;1;152;0;152
neos-1456979;1206151;154.000000;8.434222;1;41;0;41
neos-1516309;1206151;34769.833333;9.166667;2;32;0;32
neos-1582420;1206151;88.398466;56.693409;5;89;0;89
neos-1593097;1206151;4424.000000;55.795872;1;107;0;107
neos-1599274;1206151;32194.742857;6.464286;3;46;0;46
neos-1601936;1206151;1.000000;155.387702;1;747;0;747
neos-1603965;1206151;619244367.662955;0.000913;1;601;0;601
neos-1605061;1206151;6.150735;159.498166;1;2345;0;2345
neos-1605075;1206151;3.214461;176.495942;1;2069;0;2069
neos-1616732;1206151;173.000000;0.000000;3;5;0;5
neos-1620770;1206151;22.000000;35.000000;2;40;0;40
neos-2294525-abba;1206151;156.177251;16.071056;1;81;0;81
neos-2328163-agri;1206151;26069.000000;54.900000;1;63;0;63
neos-2624317-amur;1206151;0.000000;33.918936;1;2;0;2
neos-2629914-sudost;1206151;39622.000000;7.942933;1;212;0;212
neos-2652786-brda;1206151;0.000000;19.477348;2;1;0;1
neos-2657525-crna;1206151;0.000000;28.234944;2;1;0;1
neos-2669500-cust;1206151;2221.900000;230.198620;2;909;3;912
neos-2746589-doon;1206151;1985.750000;129.965898;2;303;1;304
neos-2974461-ibar;1206151;473452396.770997;3364.000000;2;205263;17;205280
neos-2978193-inde;1206151;-2.418518;7.400000;1;70;0;70
neos-2978205-isar;1206151;-12.415307;29.800000;1;216;0;216
neos-2987202-jeir;1206151;-1847551552.236608;1035.632796;2;65245;1;65246
neos-2987310-joes;1206151;-610797465.676974;19.875000;2;1754;0;1754
neos-2991472-kalu;1206151;459.673619;4.824670;13792;4311;3888;8199
neos-3004026-krka;1206151;0.000000;832.000000;1;54;0;54
neos-3009394-lami;1206151;0.642857;216.114286;2;4;0;4
neos-3024952-loue;1206151;22882.000000;103.300000;1;226;0;226
neos-3025225-shelon;1206151;0.052574;323.690533;1;103037;11;103048
neos-3046601-motu;1206151;185.000000;0.449200;1;1;0;1
neos-3046615-murg;1206151;192.000000;0.345800;1;0;0;0
neos-3048764-nadi;1206151;-3883988306.366695;0.000000;2;65;0;65
neos-3065804-namu;1206151;0.000000;0.000000;1;193;0;193
neos-3068746-nene;1206151;77427529.530929;55.412658;2;136;0;136
neos-3072252-nete;1206151;10593526.000000;1.938794;2;1;0;1
neos-3075395-nile;1206151;54.924462;0.000480;1;172;0;172
neos-3083784-nive;1206151;0.000000;12.000000;1;25;0;25
neos-3083819-nubu;1206151;6290575.552807;13.541087;1;49;0;49
neos-3116779-oban;1206151;0.000000;0.000000;1;24;0;24
neos-3118745-obra;1206151;357.000000;-0.000000;2;3;0;3
neos-3148108-pahi;1206151;0.000000;0.000000;1;242;2;244
neos-3209462-rhin;1206151;0.000000;49.451220;2;4345;1;4346
neos-3209519-ruhr;1206151;332.850000;25.900482;1;68;0;68
neos-3214367-sovi;1206151;87802.732596;99.258257;1;2907;0;2907
neos-3216931-puriri;1206151;58817.353066;51.622705;1;1235;0;1235
neos-3226448-wkra;1206151;0.000000;512.043709;1;1021;0;1021
neos-3237086-abava;1206151;0.000000;96.000000;1;345;1;346
neos-3322547-alsek;1206151;616.000000;115.178534;2;11181;32;11213
neos-3352863-ancoa;1206151;495300.000000;-0.000000;2;799;5;804
neos-3354841-apure;1206151;48447.926267;3.552995;1;3041;2;3043
neos-3355120-tarago;1206151;-20453473.616781;80.899969;1;659;0;659
neos-3355323-arnon;1206151;0.000000;21.818182;4;78;2;80
neos-3372571-onahau;1206151;0.576990;8.695953;2;1606;0;1606
neos-3373491-avoca;1206151;21687686014.015358;26.555947;1;7;0;7
neos-3381206-awhea;1206151;432.000000;61.334767;2;5;0;5
neos-3402294-bobin;1206151;0.000000;35.009213;1;1044;2;1046
neos-3426085-ticino;1206151;235.000000;41.787470;3;31;0;31
neos-3426132-dieze;1206151;427.000000;103.670666;2;67;0;67
neos-3437289-erdre;1206151;0.000000;0.000000;1;87;1;88
neos-3530903-gauja;1206151;170.000000;33.253136;3;4;0;4
neos-3530905-gaula;1206151;153.000000;29.042208;2;4;0;4
neos-3555904-turama;1206151;-41.450000;29.464286;1;811;0;811
neos-3572885-glina;1206151;0.000000;0.000000;1;378;2;380
neos-3581454-haast;1206151;1640.000000;52.000000;1;105;0;105
neos-3592146-hawea;1206151;7237144.855333;13.694653;1;45;0;45
neos-3594536-henty;1206151;383205.000000;2496.000000;1;147;1;148
neos-3603137-hoteo;1206151;0.000000;34.208333;3;45;0;45
neos-3610040-iskar;1206151;45.000000;0.000000;2;2;0;2
neos-3610051-istra;1206151;64.000000;0.000000;2;9;0;9
neos-3610173-itata;1206151;180.000000;-0.000000;2;6;0;6
neos-3611447-jijia;1206151;129.000000;-0.000000;2;3;0;3
neos-3611689-kaihu;1206151;151.000000;-0.000000;2;3;0;3
neos-3615091-sutlej;1206151;-1506391.117177;170.000000;1;1674;4;1678
neos-3627168-kasai;1206151;1020229.400000;0.000000;2;3;0;3
neos-3634244-kauru;1206151;0.000000;152.720000;1;4405;7;4412
neos-3636886-kereu;1206151;4092.957540;0.000020;2;58;0;58
neos-3656078-kumeu;1206151;-18774.700000;144.152983;2;228;1;229
neos-3660371-kurow;1206151;286.534383;18.305351;1;42;0;42
neos-3661949-lesse;1206151;688975700.000000;0.000260;2;60;0;60
neos-3665875-lesum;1206151;248.325000;39.496094;4;73;0;73
neos-3682128-sandon;1206151;79915933.274829;141.641588;2;299;0;299
neos-3691541-lonja;1206151;-0.079271;1.110009;2;54;0;54
neos-3695882-vesdre;1206151;-145935.214286;38.625310;1;524;0;524
neos-3696678-lyvia;1206151;4.906890;306.477181;2;54;0;54
neos-3699377-maori;1206151;135877.224265;88.272067;2;112;0;112
neos-3703351-marne;1206151;317056.210386;66.756370;2;67;0;67
neos-3740487-motru;1206151;152.145486;83.106404;2;41362;12;41374
neos-3754480-nidda;1206151;-1216923.270104;12.186832;1;6;0;6
neos-3755335-nizao;1206151;50.030157;72.893283;2;533;0;533
neos-3759587-noosa;1206151;48.334468;3.376667;2;337;0;337
neos-3761878-oglio;1206151;422769.022545;76.021852;2;44;0;44
neos-3762025-ognon;1206151;603955.746492;55.414542;2;37;0;37
neos-4165869-wannon;1206151;282.410166;67.168679;3;598;2;600
neos-4230265-orari;1206151;10055874880.871296;2982.245145;241;4379;109;4488
neos-4260495-otere;1206151;3336.109119;251.271690;2;803;6;809
neos-4285819-pedja;1206151;9.198014;17.924816;2;126315;47;126362
neos-4290317-perth;1206151;6352398.055740;0.000000;2;835;1;836
neos-4292145-piako;1206151;203075008.660562;3215.980526;241;3372;128;3500
neos-4295773-pissa;1206151;0.000000;3220.505376;1;5371;2;5373
neos-4300652-rahue;1206151;0.000000;49.000000;2;762;1;763
neos-4306827-ravan;1206151;-35696.901913;2144.305389;5;842;15;857
neos-4321076-ruwer;1206151;1880.558333;39.333333;1;16294;1;16295
neos-4322846-ryton;1206151;0.419848;26.000000;1;536;2;538
neos-4332801-seret;1206151;222328.384492;6070.103294;3;129505;1151;130656
neos-4332810-sesia;1206151;-33931.341204;4092.283880;13;140781;3415;144196
neos-4333464-siret;1206151;24.731464;0.125000;2;63;0;63
neos-4333596-skien;1206151;-14653956.914930;0.180763;1;15;0;15
neos-4335793-snake;1206151;0.000000;300.868689;2;1152;1;1153
neos-4338804-snowy;1206151;1447.000000;0.330000;3;6;0;6
neos-4343293-stony;1206151;51.627360;0.500000;2;70;0;70
neos-4355351-swalm;1206151;33.822611;0.094819;2;184;0;184
neos-4358725-tagus;1206151;6199.400001;198.323744;73;612;15;627
neos-4359986-taipa;1206151;0.296593;39.062139;1;1081;1;1082
neos-4360552-sangro;1206151;-29.500000;557.645354;1;12995;0;12995
neos-4387871-tavua;1206151;36.445048;0.200000;2;42;0;42
neos-4391920-timok;1206151;0.000009;37.747142;1;7046;1;7047
neos-4393408-tinui;1206151;340.267489;0.200000;2;40;0;40
neos-4408804-prosna;1206151;914.483516;66.321429;1;2972;1;2973
neos-4409277-trave;1206151;0.000000;347.723278;1;2068;0;2068
neos-4413714-turia;1206151;43.474651;371.333441;1;1877;5;1882
neos-4532248-waihi;1206151;0.000000;26.333333;1;706;1;707
neos-4533806-waima;1206151;3063.318841;99.000000;1;1072;2;1074
neos-4545615-waita;1206151;3606.594190;108.263827;1;16069;15;16084
neos-4555749-wards;1206151;3026.812121;68.666667;1;867;2;869
neos-4562542-watut;1206151;3743.304348;85.428571;1;3368;2;3370
neos-4647027-thurso;1206151;26911.641616;127.083433;1;2486;0;2486
neos-4647030-tutaki;1206151;26911.641616;130.175014;1;2745;0;2745
neos-4647032-veleka;1206151;26587.908699;174.815461;1;3905;0;3905
neos-4650160-yukon;1206151;-22688.547680;228.864000;1;5;0;5
neos-4722843-widden;1206151;1841.255082;1452.768981;2;418;2;420
neos-4724674-aorere;1206151;3758.753179;59.078997;3;476;3;479
neos-4736745-arroux;1206151;653873224.676537;1.560199;2;42;0;42
neos-4738912-atrato;1206151;617323325.173629;52.400465;2;42;0;42
neos-4754521-awarau;1206151;0.000000;0.000000;1;1163;6;1169
neos-4760493-puerua;1206151;1908.243695;237.071976;1;32938;1;32939
neos-476283;1206151;406.244708;4.622056;2;4298;0;4298
neos-4763324-toguru;1206151;1120.986062;232.945926;1;32944;1;32945
neos-4797081-pakoka;1206151;0.000000;827.858104;1;5742;0;5742
neos-4805882-barwon;1206151;1676.929283;206.756435;2;217;0;217
neos-480878;1206151;515.138796;1.008444;2;17;0;17
neos-4954274-beardy;1206151;18659.208282;301.285291;2;1032;0;1032
neos-4954672-berkel;1206151;3733961.000000;4.007059;2;3;0;3
neos-4966258-blicks;1206151;354.545455;450.828848;3;1402;2;1404
neos-4971100-bodrog;1206151;0.000000;-0.000000;2;84;0;84
neos-4972437-bojana;1206151;355.557128;31.979415;2;8506;2;8508
neos-4972461-bolong;1206151;465.045599;50.250248;2;4808;1;4809
neos-4976951-bunnoo;1206151;375.694372;25.259996;2;6974;1;6975
neos-4984115-canche;1206151;-10414620.716097;6.967648;1;17610;0;17610
neos-498623;1206151;16.000000;44.057510;1;126;0;126
neos-5013590-toitoi;1206151;1064.447092;169.000000;1;13785;1;13786
neos-5018451-chiese;1206151;-149772385.216405;18.530618;1;64555;0;64555
neos-503737;1206151;50.000000;47.555718;1;31;0;31
neos-5041822-cockle;1206151;5696053.417116;2.418448;3;2675;10;2685
neos-5044663-wairoa;1206151;4653100.000000;541.481293;1;22800;1;22801
neos-5045105-creuse;1206151;19.066670;21.458183;1;92;0;92
neos-5049753-cuanza;1206151;464.000000;69.600000;3;2464;1;2465
neos-5051588-culgoa;1206151;128.750000;31.449091;1;101;0;101
neos-5052403-cygnet;1206151;234.147435;87.133886;8;36541;8;36549
neos-506422;1206151;0.000000;6.900000;1;36;0;36
neos-506428;1206151;145945.000000;95.648936;1;562;1;563
neos-5075914-elvire;1206151;277.341888;3.120913;2;52;0;52
neos-5076235-embley;1206151;1930.000000;0.115385;2;832;0;832
neos-5078479-escaut;1206151;7280.474567;0.467977;2;49;0;49
neos-5079731-flyers;1206151;2004.000000;1.087912;2;1010;0;1010
neos-5083528-gimone;1206151;0.000000;20.875000;1;278;1;279
neos-5093327-huahum;1206151;3934.000000;1.841667;2;857;0;857
neos-5100895-inster;1206151;2084.000000;3.582418;2;638;0;638
neos-5102383-irwell;1206151;1740.000000;2.483516;2;917;0;917
neos-5104907-jarama;1206151;639.917149;50.953837;2;9385;1;9386
neos-5106984-jizera;1206151;721.000000;3.500000;2;3645;2;3647
neos-5107597-kakapo;1206151;0.000000;0.591250;2;44;0;44
neos-5108386-kalang;1206151;620.501637;57.690941;2;13667;2;13669
neos-5114902-kasavu;1206151;518.000000;138.000000;3;9710;3;9713
neos-5115478-kaveri;1206151;0.000000;0.529375;2;43;0;43
neos-5116085-kenana;1206151;452.000000;142.000000;3;5536;2;5538
neos-5118834-korana;1206151;569.216333;123.504863;2;12274;2;12276
neos-5118851-kowhai;1206151;1134.000000;5.880000;2;5738;2;5740
neos-5123665-limmat;1206151;652.427430;71.017903;2;17052;3;17055
neos-5125849-lopori;1206151;0.000000;51.956886;1;41;0;41
neos-5129192-manaia;1206151;0.000000;3.769231;1;4109;5;4114
neos-5138690-middle;1206151;605.364996;106.306535;2;16135;2;16137
neos-5140963-mincio;1206151;8877.000000;2.142857;1;0;0;0
neos-5149806-wieprz;1206151;0.027694;5.514108;5;395;5;400
neos-5151569-mologa;1206151;686023627.750363;27.702234;2;2082;1;2083
neos-5178119-nalagi;1206151;8.569859;18.661577;2;70;0;70
neos-5182409-nasivi;1206151;0.000000;18.212177;1;7;0;7
neos-5188808-nattai;1206151;0.000000;13.024442;1;366;0;366
neos-5189128-totara;1206151;330131.390743;21.863581;1;1000;0;1000
neos-5192052-neckar;1206151;-11980000.000000;0.333333;3;0;0;0
neos-5193246-nerang;1206151;0.000000;792.331614;1;804;0;804
neos-5195221-niemur;1206151;0.000000;700.447361;1;777;0;777
neos-5196530-nuhaka;1206151;0.000000;750.534707;1;596;0;596
neos-520729;1206151;-1391291.666667;8.760000;1;542;0;542
neos-5221106-oparau;1206151;0.000000;61.698592;1;269;0;269
neos-5223573-tarwin;1206151;0.105800;0.258185;1;15147;1;15148
neos-5251015-ogosta;1206151;0.105800;0.226665;1;12910;0;12910
neos-525149;1206151;60.000000;3.500000;1;305;0;305
neos-5260764-orauea;1206151;58748.022532;10.633838;1;64;0;64
neos-5261882-treska;1206151;22721.328000;6.436135;1;14;0;14
neos-5266653-tugela;1206151;20969.906674;15.508215;1;147;0;147
neos-5273874-yomtsa;1206151;0.000000;0.215200;1;14570;0;14570
neos-555001;1206151;910619.201473;185.329242;1;42;0;42
neos-555343;1206151;1241512.549440;273.503416;1;40;0;40
neos-555424;1206151;1196312.549440;237.883186;1;39;0;39
neos-555884;1206151;1026121.836055;271.320900;1;43;0;43
neos-565672;1206151;43884.639336;66.477422;3;15713;6;15719
neos-574665;1206151;4948073.456141;10.746401;1;39;0;39
neos-578379;1206151;0.000000;134.758643;1;1164;0;1164
neos-585192;1206151;-1999690.155301;98.986683;2;163;0;163
neos-585467;1206151;-1999711.795869;82.239088;2;22;0;22
neos-595904;1206151;61134.474995;16.114622;2;67;0;67
neos-619167;1206151;1.481241;34.850492;1;102;0;102
neos-631517;1206151;6494999.999936;60.866544;1;8;0;8
neos-631710;1206151;544.000000;293.451970;2;6328;7;6335
neos-633273;1206151;4678552871.152559;377.739286;1;185;0;185
neos-662469;1206151;184340.629649;96.375734;1;426;0;426
neos-686190;1206151;5134.813830;17.515957;1;103;0;103
neos-691058;1206151;234.000000;83.065598;1;179;0;179
neos-693347;1206151;234.000000;75.573465;1;629;0;629
neos-738098;1206151;-1099.000000;225.695149;1;159;0;159
neos-777800;1206151;-80.000000;68.220262;1;54;0;54
neos-780889;1206151;3421500.000000;0.000000;1;625;9;634
neos-787933;1206151;300.000000;-0.000000;2;229;12;241
neos-799711;1206151;-11228065.153797;0.981255;1;1088;0;1088
neos-799716;1206151;4932670.661692;0.616814;1;122;0;122
neos-807639;1206151;492.688889;1.370370;2;10;0;10
neos-820879;1206151;24874.267857;62.867619;1;99;0;99
neos-824661;1206151;65.000000;60.642857;2;300;0;300
neos-824695;1206151;63.000000;33.800000;2;103;0;103
neos-826224;1206151;153.000000;70.000000;2;220;1;221
neos-826650;1206151;32.000000;109.347222;2;46;0;46
neos-826694;1206151;84.000000;92.333333;2;98;0;98
neos-826812;1206151;86.011000;151.137255;2;112;0;112
neos-826841;1206151;32.008200;110.679849;2;45;0;45
neos-827015;1206151;2.098071;332.649497;1;1748;2;1750
neos-827175;1206151;121.001520;83.555556;2;199;0;199
neos-829552;1206151;2.098071;250.649497;1;1499;0;1499
neos-831188;1206151;1.767720;215.733333;1;53;0;53
neos-847302;1206151;0.000000;49.875712;1;61;0;61
neos-848198;1206151;168781.000000;-0.000000;2;143;0;143
neos-848589;1206151;0.000000;0.075873;1;1429;1;1430
neos-849702;1206151;0.000000;87.382423;1;19;0;19
neos-850681;1206151;2087.000000;60.770833;1;106;0;106
neos-860300;1206151;1666.068586;9.000000;1;53;0;53
neos-872648;1206151;52.672838;0.000000;2;1214;8;1222
neos-873061;1206151;152.431558;-0.000000;2;1151;5;1156
neos-876808;1206151;10030.533833;259.649605;2;6089;3;6092
neos-885086;1206151;-243.000000;13.945733;2;220;0;220
neos-885524;1206151;11771.555290;9.581376;2;179;2;181
neos-911880;1206151;23.260000;17.986476;1;3;0;3
neos-911970;1206151;23.260000;14.456206;1;3;0;3
neos-913984;1206151;1000.000000;33.522949;1;160;2;162
neos-914441;1206151;5660364.283770;78.177859;1;1801;0;1801
neos-916792;1206151;26.203596;16.256328;2;89;0;89
neos-932721;1206151;513000.000000;-0.000000;4;110;3;113
neos-932816;1206151;513000.000000;0.000000;3;226;8;234
neos-933562;1206151;0.000000;237.810567;1;65;0;65
neos-933638;1206151;331656.662576;-0.000000;3;247;5;252
neos-933966;1206151;337610.816425;0.000000;3;197;5;202
neos-934278;1206151;340538.344697;-0.000000;3;330;3;333
neos-935234;1206151;370343.764662;-0.000000;3;379;1;380
neos-935627;1206151;19302.297957;-0.000000;3;425;1;426
neos-935769;1206151;20652.761822;-0.000000;3;397;1;398
neos-937511;1206151;46758.007978;-0.000000;3;463;1;464
neos-937815;1206151;45496.732480;-0.000000;3;634;1;635
neos-941262;1206151;43855.974502;0.000000;3;420;1;421
neos-941313;1206151;9361.000000;325.995652;1;617;4;621
neos-942830;1206151;12.000000;68.941632;1;36;0;36
neos-948126;1206151;46137.445498;-0.000000;3;426;1;427
neos-948346;1206151;-1.600000;2.766667;4;494;3;497
neos-950242;1206151;2.000000;94.000000;2;126;0;126
neos-953928;1206151;-98.806667;0.000000;4;277;4;281
neos-954925;1206151;-228.766667;-0.000000;5;1053;20;1073
neos-956971;1206151;-2.740000;0.942917;3;698;2;700
neos-957143;1206151;-169.042606;46.981481;4;566;3;569
neos-957323;1206151;-178.832198;23.187291;3;343;2;345
neos-957389;1206151;1.500000;30.754586;1;106;0;106
neos-960392;1206151;-238.000000;303.359003;1;252;1;253
neos-983171;1206151;48618.004774;0.000000;3;401;1;402
neos-984165;1206151;44499.505200;0.000000;3;429;1;430
neos13;1206151;-126.178378;42.160092;2;226;0;226
neos15;1206151;144796.909577;0.000000;2;1;0;1
neos16;1206151;429.000000;13.142857;2;3;0;3
neos17;1206151;0.222688;0.000000;2;6;0;6
neos18;1206151;11.000000;59.000000;3;77;0;77
neos2;1206151;-4717.666848;6.724359;1;6;0;6
neos22;1206151;413700.000000;227.000000;1;31;0;31
neos5;1206151;17.250000;0.000000;3;1;0;1
neos6;1206151;110.989760;27.902196;4;110;0;110
neos8;1206151;-2885.143864;22.041691;3;770;1;771
neos808444;1206151;0.000000;221.165702;1;214;0;214
neos9;1206151;780.000000;44.250000;1;319;0;319
net12;1206151;47.514236;132.660069;3;1063;0;1063
netdiversion;1206151;454.400000;774.400000;3;9121;5;9126
newdano;1206151;11.724138;8.447296;1;2;0;2
nexp-150-20-1-5;1206151;84.000000;0.000000;2;51;0;51
nexp-150-20-8-5;1206151;656.000000;-0.000000;2;81;1;82
nexp-50-20-1-1;1206151;34.000000;-0.000000;2;0;0;0
nexp-50-20-4-2;1206151;120.000000;0.000000;2;2;0;2
nh97_potential;1206151;1461.000000;72.750000;2;5;0;5
nh97_tension;1206151;1438.000000;81.583333;2;2;0;2
nj1;1206151;0.000000;607.000000;1;530;1;531
nj2;1206151;0.000000;607.000000;1;653;1;654
nj3;1206151;0.000000;607.000000;1;67622;1;67623
nobel-eu-DBE;1206151;7662120.000000;-0.000000;2;81;0;81
noswot;1206151;-9.000000;0.000000;2;1;0;1
ns1111636;1206151;96.250000;19.250000;1;675;1;676
ns1116954;1206151;0.000000;144.400486;1;857;0;857
ns1208400;1206151;0.000000;89.166140;1;69;0;69
ns1430538;1206151;73.621609;10.155449;1;599;0;599
ns1456591;1206151;361.939022;19.000000;1;117;0;117
ns1606230;1206151;13.225000;182.603065;1;1813;0;1813
ns1631475;1206151;817.193748;716.662243;1;1282;1;1283
ns1663818;1206151;1.000000;9.141146;1;5880;3;5883
ns1679495;1206151;3337055.001914;100.246101;2;49827;2;49829
ns1685374;1206151;-51.800913;96.218654;1;52999;1;53000
ns1688347;1206151;2.000000;5.051506;1;60;0;60
ns1690781;1206151;-1022.785697;17.664172;2;221;0;221
ns1696083;1206151;2.000000;13.475541;1;141;0;141
ns1758913;1206151;-1501.183256;124.830251;1;7269;0;7269
ns1760995;1206151;-1379.173237;142.000000;1;21607;1;21608
ns1778858;1206151;-22635740.000000;227.465047;2;292;0;292
ns1828997;1206151;0.000000;75.000000;2;914;1;915
ns1830653;1206151;6153.000000;57.880312;1;132;0;132
ns1849932;1206151;546.000000;6.131653;1;1081;3;1084
ns1853823;1206151;1172000.000000;1386.000000;2;53067;13;53080
ns1854840;1206151;143199999999.999939;1139.473260;2;7078;8;7086
ns1856153;1206151;0.000000;254.167528;1;151;0;151
ns1904248;1206151;0.000000;854.146124;14;2714;16;2730
ns1905797;1206151;11.750980;19.650000;1;197;0;197
ns1905800;1206151;6.436600;16.364665;1;43;0;43
ns1952667;1206151;0.000000;10.112982;1;216;0;216
ns2017839;1206151;77026281754033.437500;1.017799;2;8115;0;8115
ns2034125;1206151;0.000000;796.623735;2;2078;0;2078
ns2071214;1206151;0.000000;60.238929;1;84;0;84
ns2081729;1206151;4.600000;0.852000;2;4;0;4
ns2122698;1206151;62785.622771;194.641858;1;608;1;609
ns2124243;1206151;53998.333333;195.416667;1;554;1;555
ns2137859;1206151;24629.000000;42.075016;1;818;2;820
ns4-pr3;1206151;36073.000000;12.000000;1;133;0;133
ns4-pr6;1206151;29145.750000;8.875000;1;41;0;41
ns4-pr9;1206151;35175.000000;10.000000;1;80;0;80
ns894236;1206151;18.000000;199.238568;2;436;0;436
ns894244;1206151;16.000000;340.564115;2;1527;1;1528
ns894786;1206151;14.000000;210.712983;2;1480;1;1481
ns894788;1206151;7.000000;91.946694;2;177;0;177
ns903616;1206151;22.000000;385.201946;2;1240;1;1241
nsa;1206151;91.447940;7.482504;1;8;0;8
nsr8k;1206151;17500809.511815;639.929911;1;8568;1;8569
nsrand-ipx;1206151;646400.000000;0.000000;2;61;1;62
nu120-pr12;1206151;38070.000000;13.695833;1;47;0;47
nu120-pr3;1206151;21306.442308;42.751022;1;103;0;103
nu120-pr9;1206151;19062.500000;28.652083;1;73;0;73
nu25-pr12;1206151;52757.500000;11.900000;1;45;0;45
nu4-pr9;1206151;35175.000000;22.513333;1;78;0;78
nu60-pr9;1206151;22850.000000;28.383333;1;83;0;83
nucorsav;1206151;29.046100;81.032136;2;80797;8;80805
nursesched-medium-hint03;1206151;33.468485;460.316255;1;1134;0;1134
nursesched-medium04;1206151;411.000000;279.979978;2;724;0;724
nursesched-sprint-hidden09;1206151;580.911765;177.875000;2;356;0;356
nursesched-sprint-late03;1206151;34.254806;178.177416;1;365;0;365
nursesched-sprint02;1206151;129.416667;125.437500;2;225;0;225
nw04;1206151;16310.666667;2.000000;1;279;1;280
ofi;1206151;6131846109.620631;1781.999298;135;10286;104;10390
ofi2;1206151;6124829152.731160;3158.688481;133;7504;135;7639
oocsp-racks030e6cci;1206151;0.000000;0.000000;1;214;2;216
opm2-z10-s2;1206151;-20977.000000;0.000000;6;23644;13;23657
opm2-z10-s4;1206151;-19346.000000;-0.000000;6;22885;11;22896
opm2-z11-s8;1206151;-23747.000000;0.000000;5;51738;13;51751
opm2-z12-s14;1206151;-34474.000000;-0.000000;6;121588;21;121609
opm2-z12-s7;1206151;-35909.000000;-0.000000;6;111066;23;111089
opm2-z12-s8;1206151;-33082.000000;-0.000000;6;109981;23;110004
opm2-z6-s1;1206151;-3261.000000;-0.000000;4;317;1;318
opm2-z7-s2;1206151;-6782.000000;-0.000000;5;962;2;964
opm2-z7-s8;1206151;-6367.000000;-0.000000;4;798;2;800
opm2-z8-s0;1206151;-7499.000000;-0.000000;5;3860;4;3864
opt1217;1206151;-20.021390;8.225490;1;1;0;1
osorio-cta;1206151;0.000000;0.000035;1;63;0;63
p0201;1206151;6875.000000;20.000000;1;1;0;1
p100x588b;1206151;58977.000000;0.000000;2;1;0;1
p200x1188c;1206151;15747.000000;0.000000;2;2;0;2
p2756;1206151;2763.000000;2.212891;2;5;0;5
p500x2988;1206151;72594.000000;0.000000;2;29;0;29
p500x2988c;1206151;17212.000000;-0.000000;2;29;0;29
p500x2988d;1206151;6.000000;0.000000;2;28;0;28
p6b;1206151;-52.000000;0.000000;3;38;0;38
p80x400b;1206151;45896.000000;-0.000000;2;1;0;1
pb-fit2d;1206151;-22372.476239;842.898884;1;7339;4;7343
pb-gfrd-pnc;1206151;8316.011268;30.700616;1;151;1;152
pb-grow22;1206151;-449681.200587;122.632175;1;492;0;492
pb-market-split8-70-4;1206151;0.000000;2.197219;1;1;0;1
pb-simp-nonunif;1206151;6.000000;513.500000;2;3931;22;3953
peg-solitaire-a3;1206151;1.000000;289.311002;1;476;0;476
pg;1206151;-11098.657382;17.215049;2;6;0;6
pg5_34;1206151;-16012.248077;18.476238;2;8;0;8
physiciansched3-3;1206151;2432694.766159;1299.771515;17;60199;27;60226
physiciansched3-4;1206151;1124678.224456;1152.371387;12;34273;20;34293
physiciansched5-3;1206151;5180.000000;1064.207020;3;1344;1;1345
physiciansched6-1;1206151;7500.000000;756.571528;2;695;4;699
physiciansched6-2;1206151;43012.500000;757.225000;2;596;4;600
pigeon-08;1206151;-8000.000000;8.259740;1;2;0;2
pigeon-10;1206151;-10000.000000;13.559596;1;2;0;2
pigeon-11;1206151;-11000.000000;16.690909;1;2;0;2
pigeon-12;1206151;-12000.000000;21.818182;1;3;0;3
pigeon-13;1206151;-13000.000000;24.000000;1;3;0;3
pigeon-16;1206151;-16000.000000;74.018182;1;5;0;5
pigeon-19;1206151;-19000.000000;59.036364;1;31;0;31
pigeon-20;1206151;-20000.000000;62.509091;1;34;0;34
piperout-03;1206151;68814.997590;435.327133;6;376;1;377
piperout-08;1206151;99128.924471;558.342366;32;407;8;415
piperout-27;1206151;6970.000000;1154.464464;12;506;4;510
piperout-d20;1206151;25533.842105;676.796097;2;1052;1;1053
piperout-d27;1206151;7083.116279;1022.542306;2;1462;1;1463
pk1;1206151;0.000000;2.794444;1;0;0;0
polygonpack3-15;1206151;-96519350.409320;30.691342;3;1679;1;1680
polygonpack4-10;1206151;-93676953.470100;20.423850;3;433;0;433
polygonpack4-15;1206151;-114052801.790860;40.321265;3;1415;2;1417
polygonpack4-7;1206151;-75324958.874200;9.351219;3;234;0;234
polygonpack5-15;1206151;-42382234.503540;24.151449;3;1571;1;1572
pp08a;1206151;15000.000000;-0.000000;2;0;0;0
pp08aCUTS;1206151;16630.402442;0.000000;2;2;0;2
probportfolio;1206151;5.000000;15.184084;2;3;0;3
prod1;1206151;-100.000000;6.724950;2;1;0;1
prod2;1206151;-100.000000;4.433874;2;1;0;1
proteindesign121hz512p19;1206151;3197.772133;67.382130;1;17650;55;17705
proteindesign121hz512p9;1206151;1423.904449;61.920249;1;696;3;699
proteindesign121pgb11p9;1206151;1173.710433;49.777201;1;584;3;587
proteindesign122trx11p8;1206151;1720.461105;46.268597;1;491;2;493
protfold;1206151;0.000000;35.000000;2;16;0;16
pw-myciel4;1206151;0.000000;65.596829;6;31;0;31
pythago7824;1206151;0.000000;580.777778;6;741;2;743
pythago7825;1206151;0.000000;586.777778;8;865;3;868
qap10;1206151;332.566228;55.000000;1;357;0;357
qiu;1206151;1805.177143;0.000000;2;4;0;4
qnet1;1206151;98035.870000;7.221868;2;14;0;14
qnet1_o;1206151;96705.120000;-0.000000;2;5;0;5
queens-30;1206151;-29.000000;0.000000;3;194;1;195
r4l4-02-tree-bounds-50;1206151;510876207.000000;651.016667;2;50;0;50
r50x360;1206151;2016.000000;-0.000000;2;0;0;0
r80x800;1206151;5520.000000;-0.000000;2;2;0;2
radiationm18-12-05;1206151;17554.500000;196.038066;1;192;0;192
radiationm40-10-02;1206151;155306.700000;933.533000;1;1092;4;1096
rail01;1206151;-92.087300;2555.823708;1;10834;3;10837
rail02;1206151;-206.610200;3001.898333;1;128100;8;128108
rail03;1206151;-920.273762;12426.061971;1;169229;22;169251
rail507;1206151;215.000000;-0.000000;3;663;9;672
railway_8_1_0;1206151;397.000000;64.534158;3;9;0;9
ramos3;1206151;377.000000;-0.000000;3;1373;1;1374
ran12x21;1206151;4080.000000;0.000000;2;0;0;0
ran13x13;1206151;3521.000000;0.000000;2;0;0;0
ran14x18-disj-8;1206151;12451.012696;0.000000;2;19;0;19
ran14x18;1206151;4265.000000;0.000000;2;0;0;0
ran16x16;1206151;4333.000000;0.000000;2;0;0;0
rd-rplusc-21;1206151;100.000000;4.122769;1;518;0;518
reblock115;1206151;-39365983.337347;271.565472;1;190;0;190
reblock166;1206151;-886882876.965829;382.279623;1;477;0;477
reblock354;1206151;-39640995.765204;569.832903;3;853;1;854
reblock420;1206151;-886535897.522137;986.979676;1;2556;0;2556
reblock67;1206151;-39339910.923037;159.950504;1;53;0;53
rfds-4-days;1206151;-1158940.978167;54.113757;1;65515;9;65524
rlp1;1206151;13.244444;9.961905;1;1;0;1
rmatr100-p10;1206151;360.593308;9.692735;1;200;0;200
rmatr100-p5;1206151;762.040054;5.000000;1;433;0;433
rmatr200-p10;1206151;1550.620783;10.000000;1;10737;0;10737
rmatr200-p20;1206151;688.357943;19.982266;1;4211;0;4211
rmatr200-p5;1206151;3283.653831;5.000000;1;11063;0;11063
rmine10;1206151;-1926.821009;886.351115;2;4015;1;4016
rmine11;1206151;-2502.696009;1244.834559;14357;11957;8962;20919
rmine13;1206151;-3504.619914;1108.274293;2;40726;2;40728
rmine14;1206151;-4308.088129;2210.070700;8123;98527;11271;109798
rmine15;1206151;-5040.470724;4256.942532;4;178879;10;178889
rmine6;1206151;-435.955252;50.204598;8322;136;302;438
rocI-3-11;1206151;-111086.671772;559.283036;1;53;0;53
rocI-4-11;1206151;-11111086.671772;810.679039;1;67;0;67
rocII-10-11;1206151;-11.974865;306.103805;1;598;0;598
rocII-4-11;1206151;-11.937162;82.500000;1;142;0;142
rocII-5-11;1206151;-11.949730;122.235744;1;172;0;172
rocII-7-11;1206151;-11.964093;207.332190;1;354;0;354
rocII-8-11;1206151;-11.968581;244.702313;1;394;0;394
rocII-9-11;1206151;-11.972072;276.465408;1;478;0;478
rococoB10-011000;1206151;8350.199468;49.840978;1;118;0;118
rococoC10-001000;1206151;7515.271029;14.886765;1;52;0;52
rococoC11-010100;1206151;8773.206543;49.895810;1;168;0;168
rococoC11-011100;1206151;9024.205406;56.603390;1;109;0;109
rococoC12-010001;1206151;26787.292147;50.829414;1;209;0;209
rococoC12-111000;1206151;27337.357381;53.501346;1;234;0;234
roi2alpha3n4;1206151;-80.526722;7.807845;2;663;0;663
roi5alpha10n8;1206151;-87.787142;16.000000;2;2167;2;2169
roll3000;1206151;11097.127677;46.776510;3;37;0;37
rout;1206151;981.864286;9.898077;1;2;0;2
rpp22falsei;1206151;0.000000;0.000000;1;40;0;40
rvb-sub;1206151;11.206514;4.571429;1;660;0;660
s100;1206151;-0.171097;43.263533;1;26267;8;26275
s1234;1206151;0.361925;1.578294;6;1714;1;1715
s250r10;1206151;-0.166732;112.777088;2;10330;8;10338
s55;1206151;-22.151773;0.000000;1;1869;4;1873
s82;1206151;-33.833613;638.111555;2;206334;45;206379
satellites1-25;1206151;-20.000000;46.054099;1;157;0;157
satellites2-25;1206151;-30.000000;232.549845;1;4584;0;4584
satellites2-40;1206151;-30.000000;128.145498;1;16100;1;16101
satellites2-60-fs;1206151;-30.000000;502.252135;1;2764;1;2765
satellites2-60;1206151;-30.000000;313.609113;1;18308;1;18309
satellites3-25;1206151;-39.000000;981.495523;1;208069;3;208072
satellites3-40-fs;1206151;-39.000000;956.482639;1;29395;2;29397
satellites3-40;1206151;-39.000000;963.650088;1;212548;2;212550
savsched1;1206151;31271.151902;0.000000;2;121333;26;121359
scpj4scip;1206151;213.000000;-0.000000;3;1253;22;1275
scpk4;1206151;599.000000;0.000000;3;2704;22;2726
scpl4;1206151;437.000000;-0.000000;3;4959;43;5002
scpm1;1206151;905.000000;0.000000;3;46097;136;46233
scpn2;1206151;764.000000;-0.000000;3;73077;283;73360
sct1;1206151;-218.139003;91.325460;1;1680;0;1680
sct2;1206151;-231.116964;15.708827;1;72;0;72
sct31;1206151;-31.962662;31.547827;1;207;0;207
sct32;1206151;-62.990833;53.144038;1;818;0;818
sct5;1206151;-228.176552;31.924007;2;326;1;327
seqsolve1;1206151;4379.032014;371.073706;19;4265;38;4303
seqsolve2short4288;1206151;4.450000;440.788269;4;2838;10;2848
seqsolve3short4288excess384;1206151;-46401.234768;425.509375;7;12827;17;12844
set1ch;1206151;110241.500000;-0.000000;2;1;0;1
set3-09;1206151;1263.077974;49.748593;3;46;0;46
set3-10;1206151;788.890655;50.612990;3;38;0;38
set3-15;1206151;8364.040745;53.876403;3;39;0;39
set3-16;1206151;9916.808562;58.149187;3;42;0;42
set3-20;1206151;10347.381087;53.849605;3;39;0;39
seymour-disj-10;1206151;666.999999;0.000002;2;1661;0;1661
seymour;1206151;460.000000;-0.000000;3;215;0;215
seymour1;1206151;426.819841;-0.000000;3;215;0;215
shiftreg1-4;1206151;131.656032;300.178571;1;57;0;57
shiftreg2-7;1206151;206.733052;275.753282;1;78;0;78
shiftreg5-1;1206151;520.839888;632.617991;1;345;0;345
shipsched;1206151;0.000000;2.147365;5;130;1;131
shipschedule3shipsi;1206151;-265650.000000;0.000000;1;37;0;37
shipschedule6shipsmixi;1206151;-301650.000000;0.000000;1;56;1;57
shipschedule8shipsmixuci;1206151;-401100.000000;0.000000;1;65;1;66
shs1014;1206151;22137.410363;350.541667;1;175476;9;175485
shs1042;1206151;9455.525826;684.883411;1;66781;10;66791
siena1;1206151;10163179.229002;146.859338;1;1572;0;1572
sing11;1206151;18640171.224643;331.879469;1;8089;4;8093
sing161;1206151;19071259.113927;996.464534;1;65034;17;65051
sing17;1206151;35483848.876514;554.751047;1;30839;11;30850
sing2;1206151;17150914.716940;252.506822;1;1772;0;1772
sing245;1206151;25024015.754083;519.079791;1;12556;6;12562
sing326;1206151;7717674.801189;203.886687;1;2744;1;2745
sing359;1206151;22534478.962498;1259.613224;1;81587;17;81604
sing44;1206151;8102513.219400;177.330369;1;3275;1;3276
sing5;1206151;18418516.013137;272.410096;1;3940;4;3944
snip10x10-35r1budget17;1206151;30.000000;2.533333;1;479;0;479
snp-02-004-104;1206151;548044802.975090;10.217187;2;4477;0;4477
snp-04-052-052;1206151;728196432.049806;735.582559;2;3550;1;3551
snp-06-004-052;1206151;1787138156.580973;33.734354;2;6412;1;6413
snp-10-004-052;1206151;5842625068.205259;48.106063;2;14331;1;14332
snp-10-052-052;1206151;5842626434.046261;1694.316668;2;16042;4;16046
sorrell3;1206151;-11.000000;0.000000;3;732;9;741
sorrell4;1206151;-16.000000;0.000000;3;2957;32;2989
sorrell7;1206151;-150.000000;0.000000;3;369;4;373
sorrell8;1206151;-260.000000;0.000000;3;79;1;80
sp150x300d;1206151;71.000000;0.000000;2;0;0;0
sp97ar;1206151;872846899.460000;0.000000;4;489;4;493
sp97ic;1206151;640285470.400000;0.000000;4;432;5;437
sp98ar;1206151;1129323150.121774;1.099760;3;904;0;904
sp98ic;1206151;580906673.440001;0.000000;4;418;5;423
sp98ir;1206151;314133467.823746;8.320942;3;73;0;73
splice1k1;1206151;-1646.777979;8.512635;1;18401;8;18409
splice1k1i;1206151;-1654.000000;0.000000;1;194;6;200
square23;1206151;8.333333;12.444444;1;143;0;143
square31;1206151;8.500000;13.750000;1;878;0;878
square37;1206151;8.666667;15.000000;1;2640;1;2641
square41;1206151;8.839612;15.068891;1;3659;1;3660
square47;1206151;8.755814;15.976744;1;6502;2;6504
stoch-vrpvrp-s5v2c8vrp-v2c8i;1206151;0.000000;119.181818;1;34;0;34
stockholm;1206151;173.000000;0.000000;2;481;0;481
stp3d;1206151;604.886283;537.229946;2;24896;8;24904
sts405;1206151;357.000000;0.000000;3;581;2;583
sts729;1206151;665.000000;0.000000;3;3576;7;3583
supportcase1;1206151;20078.000000;0.020624;2;341;3;344
supportcase10;1206151;3.383924;1850.997936;1;10414;2;10416
supportcase11;1206151;-25.979452;762069.000000;1;296786;345;297131
supportcase12;1206151;-7609.533054;55.569104;1;1555;1;1556
supportcase14;1206151;272.000000;9.894737;1;6;0;6
supportcase16;1206151;272.000000;9.000000;1;3;0;3
supportcase17;1206151;0.000000;88.929601;2;10;0;10
supportcase18;1206151;87.000000;9.141806;2;67;0;67
supportcase19;1206151;12677206.000000;370.390975;1;26430;28;26458
supportcase2;1206151;0.000000;7.750000;1;9888;0;9888
supportcase20;1206151;2442.144012;4.882860;1;18;0;18
supportcase23;1206151;-12952.000000;674.436182;1;1725;0;1725
supportcase25;1206151;0.036932;10.829622;1;109;0;109
supportcase26;1206151;1288.102161;0.009948;2;3;0;3
supportcase27i;1206151;0.000000;0.028235;1;2;0;2
supportcase3;1206151;0.000000;754.600046;3;249;1;250
supportcase30;1206151;0.000000;102.857020;1;74;0;74
supportcase31;1206151;-1120655.076000;0.000000;3;1884;67;1951
supportcase33;1206151;-468.462990;67.367519;2;565;1;566
supportcase34;1206151;72.664116;328.063419;1;1283;1;1284
supportcase35;1206151;77847.333333;96.000000;2;134;0;134
supportcase37;1206151;-5865.764096;28.093523;2;947;0;947
supportcase39;1206151;-1062330.369524;22.808785;5;116;1;117
supportcase4;1206151;0.000000;537.153071;3;169;0;169
supportcase40;1206151;22536.483379;19.000000;1;231;0;231
supportcase41;1206151;28.000000;24.340373;5;283;0;283
supportcase42;1206151;7.343539;48.081295;1;1636;0;1636
supportcase43;1206151;0.000000;48.147044;2;47880;3;47883
supportcase6;1206151;45090.732163;30.239669;1;1386;3;1389
supportcase7;1206151;-2396.218213;53.147310;2;1843;0;1843
swath;1206151;334.496858;2.200000;1;39;0;39
swath1;1206151;334.496858;0.600000;1;38;0;38
swath2;1206151;334.496858;0.700000;1;35;0;35
swath3;1206151;334.496858;0.800000;1;34;0;34
t1717;1206151;134531.021428;79.098998;1;327;2;329
t1722;1206151;98815.407611;52.399108;1;157;0;157
ta1-UUM;1206151;3693674.556772;4.190418;1;4;0;4
ta2-UUE;1206151;41427354.755773;0.680983;2;173;0;173
tanglegram1;1206151;0.000000;146.000000;1;239;1;240
tanglegram2;1206151;0.000000;74.000000;1;39;0;39
tanglegram4;1206151;0.000000;214.000000;1;816;2;818
tanglegram6;1206151;0.000000;100.000000;1;63;0;63
tbfp-bigm;1206151;-178.153988;30.000000;1;268;0;268
tbfp-network;1206151;23.261535;31.000000;1;920;1;921
Test3;1206151;2669532.692462;22.368722;2;244;0;244
thor50dday;1206151;204179.000000;-0.000000;2;219;3;222
timtab1;1206151;1234321.333333;18.450000;2;1;0;1
timtab1CUTS;1206151;613590.095426;35.885811;2;3;0;3
timtab2;1206151;1487304.333333;29.783333;2;1;0;1
tokyometro;1206151;11100.000000;251.050363;2;68;0;68
toll-like;1206151;0.000000;339.500000;1;61;0;61
tpl-tub-ss16;1206151;456084.544813;2148.906605;2;91473;24;91497
tpl-tub-ws1617;1206151;404400.026245;2262.455897;2;120253;29;120282
tr12-30;1206151;188435.464884;3.580258;2;1;0;1
traininstance2;1206151;0.000000;641.708827;2;54;0;54
traininstance6;1206151;0.000000;381.122112;2;44;0;44
transportmoment;1206151;-70929535815.380005;783.890174;2;205;0;205
trento1;1206151;5182758.848056;76.181959;1;563;0;563
triptim1;1206151;22.868087;2090.375000;1;10057;1;10058
triptim2;1206151;10.866359;807.547954;1;10487;2;10489
triptim3;1206151;13.511741;809.069096;1;11919;1;11920
triptim4;1206151;9.207022;595.626838;1;12039;1;12040
triptim7;1206151;2336.732602;612.910017;2;11914;2;11916
triptim8;1206151;2336.754853;584.347661;2;11891;2;11893
tw-myciel4;1206151;3.838028;125.987676;4;178;0;178
uc-case11;1206151;611267.013003;118.928617;1;2656;0;2656
uc-case3;1206151;7181.264177;95.341586;1;1941;0;1941
uccase10;1206151;38988.693469;403.985961;1;2672;1;2673
uccase12;1206151;11507.285324;38.320000;1;2199;0;2199
uccase7;1206151;26527.789654;162.379998;1;3834;0;3834
uccase8;1206151;11142.163196;63.982247;1;2989;0;2989
uccase9;1206151;10819.582997;76.021209;1;4905;0;4905
uct-subprob;1206151;242.000000;56.889019;1;45;0;45
umts;1206151;91618146.215272;77.667697;2;56;0;56
unitcal_7;1206151;19387754.848556;143.965819;2;928;0;928
usAbbrv-8-25_70;1206151;95.000000;138.115058;3;61;0;61
usafa;1206151;11.961749;2881.373487;2;50363;25;50388
v150d30-2hopcds;1206151;54.000000;-0.000000;3;125;2;127
van;1206151;1.723520;5.404444;1;2618;0;2618
var-smallemery-m6j6;1206151;-156.056268;90.190835;2;1204;0;1204
vpm2;1206151;13.372866;5.698001;2;1;0;1
vpphard;1206151;0.000000;125.275000;1;217;1;218
vpphard2;1206151;0.000000;224.687229;1;600;4;604
wachplan;1206151;-9.000000;69.499445;1;41;0;41
wnq-n100-mw99-14;1206151;198.078947;81.026316;3;4797;1;4798
xmas10-2;1206151;-548.904684;180.189643;1;219;0;219
xmas10;1206151;-449.397905;132.337672;7;199;0;199
z26;1206151;-982.000000;0.000000;3;2769;34;2803
zeil;1206151;813.510308;818.357568;2;87627;8;87635
zib54-UUE;1206151;19164366.000000;-0.000000;2;49;0;49
